9.230498,-0.007829,0.019723,-0.006313,-0.071212,-0.039140,-0.025026,-0.075284,0.007930,-0.020822,0.081796,0.021276,0.032791,0.040319,0.038444,0.001213,-0.009877,0.002221,0.032033,-0.020298,-0.001002,0.086764,-0.056934,-0.020799,0.059515,-0.062257,0.035985,-0.094340,0.037044,-0.030748,0.061922,-0.002218,-0.021393,0.004331,-0.006724,0.039171,-0.004231,-0.002168,0.004854,-0.076723,0.032454,0.004637,-0.071954,0.001131,0.020020,-0.070429,0.031922,0.004780,0.011152,0.015487,-0.026272,0.006166,0.003178,0.055937,-0.019361,0.007949,0.001676,-0.010375,-0.039777,-0.001525,0.041916,-0.079541,0.007183,0.004615,-0.028875,-0.068003,0.009192,-0.068740,-0.041140,0.071973,-0.032608,0.065531,-0.040554,0.059055,0.029106,-0.008371,0.027712,-0.042453,0.007012,-0.035237,0.089455,0.093688,0.035093,0.043855,-0.036531,0.000000,-0.088211,0.052358,0.039587,-0.005243,0.028481,0.077269,0.011132,-0.006555,0.000002,0.054321,0.011617,0.000132,0.077665,-0.009211,0.031657,0.042567,-0.097268,-0.025358,-0.019463,0.031892,0.017579,-0.022080,0.001017,0.003198,-0.021633,0.066027,0.007182,0.024025,0.055148,0.009904,0.025197,0.022431,0.000009,0.007725,-0.059563,-0.007932,-0.015550,-0.005065,0.040899,-0.082927,-0.025269,0.020222,0.003776,0.057652,-0.062064,-0.012581,-0.059243,0.030533,0.027357,0.037335,-0.064230,-0.039126,0.008723,-0.025529,0.095712,0.010809,0.017414,0.045855,0.028207,-0.006744,-0.064577,0.006065,-0.026392,-0.004285,-0.004462,-0.040283,0.061478,-0.085509,-0.027167,0.005749,0.025619,-0.000306,0.091146,0.092826,0.041726,0.003558,-0.026161,0.023982,0.023361,0.060792,0.066873,0.007181,0.010206,0.059207,0.097912,-0.079646,0.038386,0.004633,-0.081478,-0.000096,-0.037147,-0.001131,-0.064504,-0.016725,0.011997,0.035046,-0.013804,0.048689,-0.029806,-0.015889,0.001946,-0.015321,0.025575,-0.040741,-0.051256,-0.043921,-0.005812,-0.014112,0.002752,0.029747,
-0.007829,12850.851676,0.015518,-0.085128,0.000098,0.000912,0.063147,0.014726,0.085822,-0.005578,-0.012654,0.076599,-0.034323,0.083769,0.032985,-0.003733,-0.091719,0.000001,0.002012,0.014156,-0.001808,-0.078006,-0.053699,-0.023163,-0.009324,-0.008579,0.054259,0.001650,-0.085480,0.000238,0.029281,0.093207,-0.000004,0.005691,0.065818,-0.046325,0.000932,-0.006395,-0.041575,0.051442,0.000495,-0.000084,-0.077524,-0.079267,0.080139,0.000003,0.088356,0.002192,-0.048058,0.000138,-0.044867,-0.031729,-0.035980,0.001517,0.015739,-0.061976,0.000000,-0.005233,-0.086408,-0.011109,-0.033719,0.024467,0.056517,0.014667,0.013408,-0.072909,-0.000005,0.014459,-0.049614,0.000098,-0.000109,0.047512,0.008520,-0.005308,-0.017739,-0.084108,0.088561,0.044601,0.000016,-0.057948,-0.088214,-0.006685,0.064420,-0.025106,-0.000135,0.000181,0.070912,-0.001976,0.063598,-0.021508,0.029026,-0.019912,-0.002040,-0.026430,0.049152,-0.003714,-0.022899,0.000282,0.008464,-0.005862,0.099480,-0.006987,-0.076902,-0.004758,-0.002898,-0.022130,0.029350,0.073696,-0.055797,0.000004,0.015237,-0.018656,-0.073245,0.000293,0.017284,-0.042897,-0.032518,0.000545,0.003148,0.044017,0.000525,0.000720,-0.000537,-0.076953,-0.004544,-0.000090,0.032077,-0.056543,0.095130,-0.087124,-0.019387,0.006608,-0.000311,-0.020611,0.091127,-0.006839,-0.003219,-0.024163,0.017545,0.031462,0.074950,0.068761,-0.010389,0.011730,-0.000110,-0.009171,0.047145,0.068483,-0.007750,0.002910,-0.047946,-0.018441,-0.019065,-0.048996,-0.020185,-0.000317,-0.013492,0.000250,0.026307,0.026723,-0.001257,0.062430,-0.016882,0.081726,0.004910,0.000284,0.052335,0.071083,-0.000379,-0.003070,-0.009527,0.033658,-0.000209,-0.000706,0.016439,0.012248,0.010758,-0.000063,-0.042114,0.001649,0.000046,-0.000005,0.028032,0.000458,0.027048,-0.041210,0.044509,0.081000,-0.000222,-0.038780,0.000159,-0.078898,0.000566,0.000039,0.057131,0.036554,
0.019723,0.015518,0.164345,0.032651,0.011214,-0.006142,-0.022463,0.034455,0.050009,-0.009241,0.017742,0.011858,-0.007228,-0.090435,0.005917,0.000045,-0.057568,-0.038117,0.085866,-0.008815,-0.075680,-0.051633,-0.010163,-0.030061,-0.013893,0.077075,0.074710,0.034809,0.045386,0.022878,-0.030037,0.039822,0.050999,0.099961,0.012842,-0.019194,-0.084771,0.088129,0.048882,-0.013792,-0.003847,0.002537,0.027324,0.022562,0.041184,0.019574,0.074239,0.015710,-0.004914,-0.074859,-0.062426,0.031493,0.056872,0.032862,0.002355,-0.033729,0.031006,0.029733,-0.089773,-0.053565,-0.032906,0.070805,-0.033855,-0.073307,0.036088,-0.002563,0.070122,-0.026081,0.047349,-0.050519,-0.026735,0.022791,0.000693,-0.000307,0.000331,-0.061648,0.007394,-0.096376,0.047834,-0.027002,0.011597,-0.016249,0.029770,0.078304,-0.065467,-0.071062,0.047854,0.045493,-0.059136,0.026778,-0.090146,0.021383,-0.026882,0.018943,0.004745,0.001652,0.090146,-0.003522,0.008797,0.002322,-0.075091,0.054579,0.064290,-0.002143,-0.062690,-0.003007,-0.051112,-0.050377,-0.002293,0.015302,-0.091549,0.027301,0.034013,-0.001885,-0.028274,0.041532,-0.057476,0.011759,-0.038446,-0.008303,0.047400,-0.006354,-0.023112,0.036343,-0.061499,0.031275,-0.055335,0.004006,0.098643,0.035466,-0.000148,-0.066929,0.008460,0.076400,-0.075449,0.068329,-0.047612,0.027593,0.035714,0.004659,0.063646,-0.001288,-0.005073,-0.053421,-0.001979,0.000185,-0.050289,-0.034157,0.003161,-0.042165,-0.069472,-0.062505,-0.011280,-0.028568,0.067270,-0.016376,0.020498,0.000926,0.050394,0.051224,0.030195,0.076631,0.027237,-0.050347,-0.034131,0.023874,0.035399,-0.009637,0.046050,0.049540,-0.038705,0.065839,-0.055629,-0.014601,0.033507,-0.070054,-0.000012,-0.041931,0.011335,0.040817,-0.013639,-0.043567,0.003764,-0.061208,-0.088577,0.039752,-0.014985,-0.066339,0.049222,0.055551,0.015662,0.046750,0.016226,-0.003948,-0.000164,-0.090973,
-0.006313,-0.085128,0.032651,0.123916,0.025014,0.079748,-0.002194,-0.038149,0.067085,-0.009588,0.043078,-0.019842,-0.000868,-0.000000,-0.003957,0.019496,-0.001266,-0.003737,0.004988,0.015496,-0.013674,0.001699,0.034730,0.011431,0.021662,0.084420,0.045777,0.000836,0.071016,-0.017215,-0.011518,-0.000853,-0.085338,0.024280,0.003084,-0.020216,0.005007,0.061083,-0.041739,0.034683,0.083298,0.004040,0.087390,0.007288,0.059149,0.073926,0.018185,0.017119,-0.019893,-0.006580,-0.035082,-0.002165,0.072884,0.012736,0.052248,-0.022953,0.008793,-0.025265,0.002381,0.003794,0.038436,-0.016077,-0.034852,-0.001594,-0.020362,-0.012750,-0.000958,-0.088139,0.001378,-0.063346,-0.057511,0.009063,0.020604,-0.006308,0.004923,0.043750,0.005615,0.000363,-0.081499,0.010107,-0.056066,-0.067182,-0.044927,-0.096510,-0.001646,-0.096971,0.053276,0.003973,0.054045,-0.040399,0.081524,0.023836,-0.017738,0.007648,-0.004293,0.086615,-0.027827,0.006500,-0.072786,0.036102,-0.030067,-0.080999,-0.003474,-0.071045,-0.005753,0.044054,0.080064,-0.004338,-0.003740,0.012188,-0.048888,-0.099945,0.021304,0.002162,0.089696,0.034181,0.007654,-0.007048,-0.042165,-0.000432,-0.003754,-0.030984,0.022693,-0.031869,-0.032381,-0.019516,0.066452,-0.000018,-0.011344,0.058895,0.001403,0.003497,-0.007903,-0.039323,-0.023729,0.003619,0.011599,-0.017039,0.001037,-0.016722,-0.059685,-0.015220,0.020771,-0.051477,0.010947,0.006791,0.018787,-0.040654,-0.076034,0.007694,0.069853,-0.020576,0.041187,0.081419,0.075076,0.008582,-0.043180,-0.012175,-0.024771,0.042746,0.001618,-0.005725,-0.024507,-0.002178,0.001045,-0.019932,0.000785,-0.019235,-0.002160,0.054411,0.005317,0.001348,-0.057965,0.085123,0.026375,0.033508,-0.002265,-0.012276,-0.013610,0.064040,0.044391,0.069551,-0.054641,0.013831,0.055320,0.013000,-0.043126,-0.026242,0.089110,0.023703,-0.037056,-0.080778,0.053882,0.030770,0.004240,0.005998,
-0.071212,0.000098,0.011214,0.025014,193.247212,0.010070,0.035092,0.090011,0.000039,-0.039393,-0.006024,-0.027197,-0.014543,-0.045788,-0.000135,-0.013679,0.002724,0.004405,-0.001848,0.002548,-0.020528,-0.000029,-0.024612,0.011980,0.056181,-0.088900,0.013290,0.004035,0.020150,0.000573,-0.001236,-0.002773,-0.012810,0.042621,0.093506,0.039830,0.001696,-0.015641,0.030998,0.070186,-0.021700,-0.002221,-0.056022,-0.025269,0.034006,0.092052,-0.075520,0.096135,-0.024708,0.005534,0.018240,-0.096573,0.023968,-0.013470,-0.042464,-0.017874,-0.000000,0.000278,0.007294,-0.071565,0.001546,-0.000222,0.004127,0.013400,0.001508,-0.044068,0.043916,-0.021402,0.016602,0.004974,0.071134,-0.043182,0.003936,-0.000256,-0.008846,0.005641,0.030123,0.029938,-0.000497,-0.067330,-0.016892,-0.000143,-0.088285,0.032698,0.033480,-0.005470,-0.083957,0.069241,0.000209,0.000024,0.027453,0.064669,0.000109,0.017587,-0.079287,0.058736,0.021854,-0.011651,0.003050,-0.017549,0.041049,0.056477,0.004794,-0.035940,-0.001114,-0.097915,0.073120,0.016282,0.003531,0.031932,-0.020974,-0.036702,-0.066299,0.000906,0.008559,0.004897,-0.054975,-0.006228,-0.066752,0.005610,-0.028854,-0.049108,-0.010495,0.047015,-0.000014,0.000853,-0.000000,-0.002062,-0.004011,-0.017478,-0.019594,0.000736,-0.014409,-0.009054,0.027808,0.003769,-0.003756,0.000167,-0.020247,-0.016949,-0.040233,-0.001049,-0.032219,-0.014259,0.050768,0.050486,0.024660,0.029158,0.058817,0.045047,-0.003834,0.048396,-0.008922,0.004168,0.013633,-0.087901,-0.062497,0.060946,0.027274,-0.053407,0.003062,-0.004831,-0.030041,0.002179,-0.000137,0.001070,-0.031582,0.008290,-0.005240,-0.005205,-0.003198,0.000552,0.045925,-0.003443,-0.021826,0.000420,-0.032297,-0.041821,0.010568,-0.028044,-0.000597,0.003781,0.003529,-0.063660,0.061658,-0.000136,-0.014071,-0.002013,-0.001491,0.025000,0.001255,0.037443,0.005568,0.003734,0.001696,0.000611,
-0.039140,0.000912,-0.006142,0.079748,0.010070,79.726887,-0.017415,-0.035489,0.096713,-0.003247,0.057761,-0.065366,-0.026024,0.053080,-0.046399,-0.005952,-0.001171,-0.068828,-0.001531,-0.003606,-0.003260,-0.000621,0.021686,-0.032675,0.051668,-0.000212,-0.021669,0.020358,-0.000077,-0.023275,0.004610,-0.015309,-0.001619,0.010025,0.025526,-0.053564,0.036287,0.001072,-0.033330,0.048122,-0.004906,-0.000778,0.036282,0.076084,0.001044,0.000492,0.058237,-0.060140,0.050693,0.000056,-0.089652,0.036378,0.005958,-0.024245,0.043055,0.005604,0.054924,0.004375,0.045503,0.071687,-0.070364,-0.004671,0.011942,-0.007215,-0.030652,-0.025854,-0.020429,-0.001630,-0.072753,-0.021436,0.060458,-0.026977,0.004708,-0.000453,0.012034,-0.025474,-0.050730,0.000169,0.000036,0.038844,0.001493,0.032492,0.062827,-0.000051,-0.008583,-0.003144,-0.068534,0.011567,-0.012290,-0.039462,-0.055403,0.025376,0.000787,-0.000251,-0.058420,-0.059515,-0.062415,0.096284,0.001858,-0.068726,-0.016670,0.098729,0.000732,-0.012247,-0.073984,0.024201,-0.000215,-0.019569,0.040398,-0.032344,0.003515,0.029715,-0.007027,0.033632,-0.031939,0.009187,0.060570,-0.000156,-0.011202,-0.011737,-0.000163,-0.000428,0.003506,-0.023222,0.057995,-0.043356,-0.069946,0.042308,0.006512,0.000582,-0.002526,0.014782,0.002731,-0.000399,0.006813,0.000850,-0.085997,0.020475,-0.050932,-0.064759,0.015544,-0.010063,0.049419,-0.030027,0.015888,-0.000000,0.047093,-0.000026,-0.057173,0.022069,0.034917,-0.032093,0.009895,-0.002853,-0.003247,0.023026,-0.032806,-0.036296,-0.018394,-0.007608,0.006574,-0.054873,-0.019267,-0.008165,-0.004704,-0.002956,0.009458,-0.016034,-0.045296,-0.019366,0.090855,-0.000417,0.000620,-0.014366,0.006954,-0.028466,0.042014,0.009841,0.001898,0.000010,0.042008,0.063580,0.024939,-0.038493,0.088507,0.000177,-0.035545,-0.067608,0.001262,0.004293,-0.017810,0.084210,0.081985,0.002242,0.034671,0.002615,
-0.025026,0.063147,-0.022463,-0.002194,0.035092,-0.017415,0.095804,-0.024382,-0.010195,0.053675,-0.073647,-0.039618,-0.057021,0.034038,-0.082868,0.013615,-0.041156,-0.000605,0.032189,-0.025270,-0.016300,-0.064937,0.025885,-0.008310,-0.012079,0.002281,0.008151,-0.042388,-0.008464,0.014116,0.039248,-0.031038,0.010813,0.041688,0.018333,-0.026574,0.092966,0.002826,-0.021904,0.003780,-0.074342,0.021756,0.022715,-0.037911,-0.013025,-0.002148,-0.064290,0.037437,-0.030563,0.022807,0.035042,-0.025959,-0.049286,0.045840,0.023091,0.043747,0.091598,-0.000435,-0.003350,-0.055447,-0.014948,0.057938,0.042928,0.017179,0.040968,0.001819,0.021645,-0.057237,-0.088188,0.070038,0.001730,-0.004734,0.046889,0.022205,0.076552,0.004768,0.000701,-0.018776,0.028988,0.045454,0.011040,-0.052325,-0.000555,0.082878,0.001177,-0.071461,0.037259,-0.029707,-0.066372,0.044174,0.050023,-0.021232,0.002552,-0.011523,0.066157,-0.071660,0.054405,0.000489,-0.094735,-0.036462,-0.024272,0.005207,-0.012100,0.071138,-0.060967,-0.036608,0.061781,0.043444,-0.012506,-0.025113,0.020844,0.047677,0.014524,-0.034026,0.005020,0.016094,-0.057120,0.046215,0.021764,0.013472,-0.028349,-0.019741,-0.063235,0.013491,0.031971,-0.048135,-0.004928,0.037863,-0.043556,0.027861,0.046211,-0.000455,0.065846,0.017468,0.043826,-0.026699,-0.011247,0.011872,-0.042857,0.021474,-0.003279,-0.022289,0.020675,-0.024688,0.011524,0.073648,-0.008603,-0.019595,0.042965,-0.001429,-0.039932,0.016546,0.018941,0.082832,-0.036614,-0.010416,-0.017317,0.003038,0.024456,0.011364,-0.052512,0.000424,0.011012,0.000544,-0.037719,-0.026740,-0.042888,-0.035812,-0.032307,-0.088728,0.008226,-0.000100,-0.008120,-0.009355,0.009039,-0.025958,0.050886,-0.007117,0.036477,0.044287,0.050615,-0.053387,0.000178,0.098738,0.023248,0.003518,0.009194,0.042114,-0.019442,0.029109,-0.004653,-0.053733,0.005745,0.026335,0.018904,-0.023842,
-0.075284,0.014726,0.034455,-0.038149,0.090011,-0.035489,-0.024382,0.107047,0.014104,0.069434,-0.005583,0.025157,0.012056,-0.058152,-0.011663,0.032972,0.081253,-0.083521,-0.042511,0.046850,-0.041819,-0.031598,-0.006711,-0.009614,-0.002931,-0.000849,0.014688,0.000084,-0.040126,-0.000277,0.018379,-0.002157,0.060152,0.091817,0.085348,0.003867,0.024842,-0.060734,0.064598,-0.031223,-0.003268,0.032050,-0.019183,0.011094,0.000264,0.045933,0.020269,0.057755,-0.081996,-0.024050,-0.066832,0.028800,-0.000449,0.036682,-0.014014,0.020009,0.044896,0.021410,-0.005876,0.010297,-0.047863,-0.054671,-0.027778,-0.085566,-0.037421,-0.035512,0.032557,0.024612,-0.005291,0.092874,0.027762,0.022965,0.027561,-0.074477,0.092740,-0.086132,0.004451,-0.088895,-0.092301,-0.057042,-0.030986,0.002854,0.017445,-0.012920,-0.013822,-0.042029,-0.015033,0.011123,0.080475,0.001655,-0.006966,-0.014905,-0.069197,0.060884,-0.072755,-0.051512,0.048618,-0.007067,0.015884,-0.023591,-0.006276,0.012826,-0.009389,-0.036503,0.074234,-0.043333,-0.026371,-0.063669,0.093993,0.025186,0.007319,0.070648,-0.000040,0.027910,-0.001833,-0.022992,0.010489,-0.028045,-0.078821,0.039493,0.006621,0.012031,-0.087400,-0.015937,0.000605,0.012223,0.060355,0.003344,0.026390,0.053833,0.002817,0.053192,0.009962,-0.045795,-0.057029,0.011381,-0.089804,0.002169,0.024196,-0.021917,0.056693,0.006043,0.080626,0.014163,0.074450,0.069142,-0.004001,0.021351,0.012533,0.017714,-0.020786,0.017958,0.081860,-0.087394,0.001738,0.033386,0.026372,0.015783,0.017663,-0.081845,-0.034279,0.081860,0.023728,-0.058353,0.000000,0.037555,0.035991,-0.024489,0.024240,-0.028267,-0.014157,0.001079,0.001352,0.025729,-0.018468,-0.074842,-0.095124,-0.002939,-0.052058,-0.004963,-0.000701,-0.091646,0.058054,-0.000171,0.004296,0.044080,-0.003655,0.046235,-0.089430,-0.007250,-0.021006,0.040203,0.063791,-0.016932,-0.061611,0.001258,
0.007930,0.085822,0.050009,0.067085,0.000039,0.096713,-0.010195,0.014104,6610.217593,-0.001829,-0.001947,-0.008576,0.024180,-0.003838,0.006316,-0.032464,0.036890,-0.000003,0.032034,-0.000317,0.005473,-0.001741,-0.007391,-0.000275,0.032443,0.008574,0.016985,0.031467,0.092683,-0.007453,-0.035309,-0.015277,-0.001271,-0.000136,-0.096115,0.005689,0.032324,0.000173,0.036613,-0.002024,-0.001279,0.002643,-0.035894,-0.011215,0.002968,-0.002515,-0.000664,0.032239,0.003168,0.024729,0.077340,-0.007454,-0.016823,0.000518,-0.062860,0.000001,0.063997,-0.000042,0.002037,0.006548,0.010579,-0.083820,0.004015,0.002494,0.022707,-0.081253,0.095852,-0.043400,-0.000068,0.000007,0.074195,-0.032073,0.002530,0.010473,0.002192,0.003570,-0.000048,0.001205,0.012016,-0.002670,-0.004668,0.000072,-0.008407,0.066685,0.038520,-0.020146,0.005681,0.045693,0.000040,0.008098,0.007650,0.095520,0.004577,0.000344,-0.013571,0.007220,-0.024400,-0.000022,0.085196,0.000006,0.095808,-0.006574,-0.003019,0.003815,0.000314,0.000083,-0.001320,0.047674,0.000962,0.023556,0.000197,0.050753,-0.022684,0.000006,-0.057218,-0.020828,-0.028974,0.099510,-0.085533,-0.005745,0.048742,-0.026265,0.008163,-0.063587,-0.003654,-0.083274,-0.000157,-0.006789,0.000000,-0.000089,-0.006153,-0.002100,0.042614,0.008598,-0.008057,-0.001511,-0.000000,0.050015,0.006080,0.003240,0.008994,0.000270,-0.010029,0.041193,0.000196,-0.000509,0.023480,0.012090,-0.043165,-0.052599,-0.068849,0.054901,-0.075095,0.021417,-0.007615,-0.032799,-0.028397,0.012428,-0.039706,0.092620,-0.000156,-0.011581,0.024532,-0.000215,0.006685,0.035634,0.034037,0.028175,-0.000293,0.000222,-0.063344,0.040625,0.000046,-0.005644,-0.029081,-0.003795,0.003413,-0.000130,-0.097304,0.002044,-0.054799,0.004199,-0.055004,-0.000575,0.049492,-0.003838,0.009183,0.007459,0.000967,0.003809,0.000443,0.005575,0.001152,0.000299,0.022090,-0.098717,
-0.020822,-0.005578,-0.009241,-0.009588,-0.039393,-0.003247,0.053675,0.069434,-0.001829,488.679447,0.000406,0.071667,-0.007205,-0.009394,-0.000114,0.000083,0.003466,-0.001963,-0.000535,0.063039,-0.007756,0.000195,0.003651,-0.016577,0.006928,0.000001,0.007123,-0.039866,-0.000023,-0.000010,-0.012231,0.041726,0.013246,0.053058,-0.025309,0.016588,-0.047768,0.000896,-0.002871,-0.022584,0.085210,-0.002430,0.052134,-0.009037,0.003459,-0.008493,-0.010479,0.025773,0.048456,0.002212,0.056884,0.067944,0.013916,0.000028,0.007595,-0.027526,-0.023967,-0.001005,0.000001,0.035117,0.047614,-0.000219,-0.092708,-0.040970,0.063370,0.060524,-0.082100,-0.027462,0.001895,0.001111,0.063494,-0.041175,0.028125,-0.000052,0.050468,0.037104,0.079427,-0.024759,-0.053477,0.024397,0.036616,0.000309,0.004105,-0.024543,-0.030868,0.036581,0.050799,-0.014047,0.000049,0.000056,-0.057776,-0.007917,0.004458,-0.050703,-0.066013,0.015681,0.080766,0.024251,0.020286,-0.008697,-0.053409,-0.039625,-0.052492,-0.024190,0.027160,0.020918,-0.014089,-0.023216,0.002517,-0.000221,-0.004566,-0.026935,-0.005488,0.002345,-0.059389,-0.019324,-0.050832,-0.003489,-0.096337,-0.031035,-0.000033,-0.008427,-0.005274,-0.043669,-0.000033,0.003513,-0.035333,-0.084301,0.000031,0.000770,0.000169,-0.002725,-0.037527,0.001446,-0.029230,0.002289,0.001577,0.006601,-0.004948,0.005089,0.000688,-0.000000,-0.030118,-0.092391,0.012085,0.000047,-0.021870,0.061167,-0.010668,-0.000222,-0.040956,0.011197,0.090691,0.022606,0.037211,0.009282,-0.034177,-0.001005,-0.030031,0.001724,0.059745,0.001814,0.040035,-0.035597,-0.004466,-0.090804,0.000346,0.003663,-0.000260,0.000168,0.000330,-0.060977,-0.000410,-0.006030,0.033970,-0.055861,0.000052,-0.000108,-0.008109,-0.006370,0.022771,0.000023,-0.001321,0.000459,-0.080810,-0.011102,-0.031282,-0.072433,-0.066041,0.000184,-0.000010,-0.040748,-0.089770,-0.000539,0.004493,0.019366,
0.081796,-0.012654,0.017742,0.043078,-0.006024,0.057761,-0.073647,-0.005583,-0.001947,0.000406,31.021475,-0.000928,-0.023086,0.042554,-0.095553,0.012819,0.064031,-0.005790,0.017352,-0.014530,0.000311,-0.000257,-0.004418,0.001807,0.001267,-0.000496,-0.000559,0.016653,-0.000388,-0.000963,-0.061052,0.000351,0.031526,0.082876,-0.028222,0.040104,-0.000366,-0.038367,-0.027612,-0.007077,-0.017932,0.017608,-0.031028,0.007523,-0.051670,-0.000092,-0.028156,0.021063,-0.051385,0.000022,0.047640,0.073750,-0.021167,0.023512,-0.020473,0.023594,0.038418,0.004436,-0.003711,0.000066,-0.048538,-0.004167,0.095232,0.035726,0.002465,-0.017966,0.025825,-0.003742,-0.027283,-0.003833,0.014678,-0.040271,-0.005278,-0.011483,0.068719,0.049864,-0.000025,-0.003156,-0.027773,-0.006108,0.004221,-0.003512,-0.002883,-0.022190,-0.044233,-0.003911,-0.002218,0.026914,0.007571,-0.049192,0.016741,0.056473,-0.010610,-0.005005,0.024761,0.033383,0.005351,0.026363,-0.011350,0.013928,0.003187,-0.077734,0.000251,-0.041622,0.010273,0.062436,0.016580,0.026485,0.036684,0.010449,-0.000902,-0.023311,-0.015643,0.051183,0.066058,0.059151,0.087718,0.080366,0.055263,-0.033036,-0.069987,0.070789,0.017440,-0.025108,0.014423,-0.008068,0.053044,-0.035645,0.001072,-0.010531,-0.002314,0.006325,-0.091901,0.001641,-0.032429,0.044883,-0.005928,0.010804,0.011275,-0.036829,-0.054198,0.009369,0.034903,0.028788,-0.034868,-0.024288,0.039107,-0.000278,-0.045626,-0.023560,0.037726,0.020571,-0.018214,-0.045108,0.010709,-0.025555,0.002075,-0.002203,0.064906,-0.081445,-0.035088,0.064029,-0.012800,-0.081025,-0.041001,-0.006370,0.004703,-0.095934,-0.011664,0.051856,-0.013908,0.011884,0.002756,0.030613,0.001002,0.006163,-0.004439,-0.070835,-0.039498,0.013068,-0.033745,0.009656,0.000561,-0.003128,0.036804,0.015596,-0.046667,-0.009916,-0.050567,0.000469,-0.026537,-0.042337,0.026812,-0.012383,0.044422,0.008391,
0.021276,0.076599,0.011858,-0.019842,-0.027197,-0.065366,-0.039618,0.025157,-0.008576,0.071667,-0.000928,2.064989,-0.058447,-0.008577,0.021573,-0.008970,0.001302,-0.002454,-0.029487,0.068971,-0.011802,0.000209,-0.036324,0.039260,0.042368,-0.064942,-0.046735,0.001912,0.020457,-0.009960,-0.009159,-0.069325,-0.047988,0.064208,0.025798,0.021161,0.084101,-0.007930,0.076422,0.064584,0.003786,0.024110,0.060298,-0.009653,-0.037059,0.000441,-0.006898,-0.030983,-0.012550,-0.026825,0.023687,-0.001496,-0.025464,-0.004164,-0.002272,0.037357,0.056991,-0.072343,0.006132,-0.003759,0.082945,-0.006208,-0.002912,0.032039,0.008972,-0.043979,-0.058875,0.024673,-0.004502,-0.052913,-0.000932,-0.040420,-0.060694,-0.051681,0.055059,-0.032963,-0.000000,-0.059042,0.009882,-0.038240,-0.015239,-0.013864,0.092169,-0.034796,0.075228,0.082741,0.038089,-0.066264,0.047549,-0.066580,-0.050823,-0.010923,-0.033272,0.009338,0.067323,0.069878,-0.077685,-0.003893,0.066584,-0.060527,-0.047901,-0.013399,0.044645,-0.025235,0.083330,0.091130,0.010085,-0.022269,-0.043410,0.041889,-0.018211,-0.014035,0.047439,0.009240,-0.064104,-0.048646,0.005575,-0.074367,-0.055035,0.027655,-0.001224,-0.090871,0.022698,0.000005,-0.029734,0.001138,0.054445,0.006389,0.002955,-0.079635,0.009761,0.025970,0.018893,0.029791,-0.058914,0.063719,-0.090995,0.027154,0.004455,-0.004667,0.025561,0.082929,0.020058,0.040609,0.026048,0.030718,0.069542,-0.021379,-0.013992,0.035499,-0.034008,0.023167,0.002740,0.055691,-0.070726,-0.008633,-0.057955,-0.087771,-0.044013,-0.039584,0.043843,-0.013884,0.037359,-0.009275,-0.031653,-0.054859,-0.044976,-0.022521,0.023467,-0.019584,0.048020,-0.048482,-0.059947,0.008484,0.079398,0.001499,-0.031159,0.028522,-0.060654,0.005535,0.011650,-0.068966,-0.013207,-0.035682,0.085642,-0.055437,0.012409,-0.071725,0.038872,-0.071388,-0.068104,0.092239,0.023044,0.037766,0.039150,0.027986,
0.032791,-0.034323,-0.007228,-0.000868,-0.014543,-0.026024,-0.057021,0.012056,0.024180,-0.007205,-0.023086,-0.058447,1818.281122,0.067011,-0.000026,-0.009705,0.000242,0.000098,-0.022391,-0.031169,0.014467,0.018427,-0.082696,0.003679,-0.023387,0.000167,-0.002367,0.027772,0.000322,-0.007069,-0.036943,-0.023580,0.000404,0.004887,0.036263,0.008829,-0.023505,0.000469,-0.012078,-0.019310,-0.017229,0.041384,-0.035395,-0.015073,-0.008070,-0.081721,-0.026646,-0.006965,-0.010495,-0.002895,-0.012360,-0.025744,0.051332,-0.001377,-0.029121,-0.037639,0.014869,0.005409,-0.023299,-0.001798,-0.009270,-0.000608,-0.060942,-0.001632,-0.005013,0.018148,-0.002038,0.071664,0.018786,-0.002755,-0.029601,0.056552,-0.013501,0.000124,0.000392,0.003738,0.002632,0.001369,-0.014187,-0.059581,-0.000960,0.000004,-0.031872,-0.059504,-0.017073,0.000390,0.003306,0.062165,-0.000042,0.026027,-0.018008,0.007822,0.002202,0.000003,0.016187,0.042549,0.001019,-0.000131,0.000019,-0.094684,0.000476,-0.002071,0.007067,0.000145,-0.004604,0.000860,-0.031082,0.022101,0.010011,-0.000855,-0.002251,-0.073772,-0.006081,0.001126,0.014031,-0.007495,-0.000000,-0.033493,0.001366,-0.042203,0.001978,-0.002301,0.047174,-0.002715,0.082847,0.000068,0.000821,0.073144,0.001181,-0.011089,-0.005938,0.000217,-0.000868,0.015855,0.005522,-0.003339,-0.087101,-0.000081,0.022574,0.006051,0.001214,0.023516,0.026534,0.031547,-0.000344,-0.017496,-0.008994,0.007898,-0.030110,-0.008582,0.005235,0.070187,-0.000145,-0.081305,0.095336,0.003816,-0.053098,-0.013179,0.051603,0.001525,0.000260,0.001669,0.011832,0.013451,-0.011423,0.000097,-0.045985,0.092394,0.072635,0.000172,0.096207,0.069663,0.070564,0.081633,0.067060,-0.000192,-0.000567,0.028412,-0.031264,0.026897,-0.000336,-0.000015,-0.033651,-0.004721,-0.054224,0.033322,-0.002116,-0.026975,-0.099705,0.001722,0.030452,0.050584,-0.000066,-0.012922,0.011366,0.002894,
0.040319,0.083769,-0.090435,-0.000000,-0.045788,0.053080,0.034038,-0.058152,-0.003838,-0.009394,0.042554,-0.008577,0.067011,466.775601,-0.015295,0.004464,0.041257,0.000122,0.028427,-0.041714,-0.032431,0.007866,-0.016019,0.026399,-0.034800,-0.000029,-0.024269,0.025597,-0.001302,0.052194,-0.005947,0.015986,-0.057053,-0.004774,0.003395,-0.068691,-0.055118,0.008740,0.085608,-0.001661,0.000151,-0.050123,0.066642,0.047557,-0.002706,0.074374,-0.016916,0.042511,0.035734,-0.060397,0.049391,0.012132,0.001412,-0.001013,0.020362,0.085518,0.013455,0.000758,-0.001562,-0.035015,-0.074847,-0.094303,0.044165,-0.052619,0.035607,0.001537,0.000979,0.012636,-0.011648,0.045578,0.066010,-0.001754,-0.005163,0.017264,-0.002493,0.025903,-0.051011,0.002744,0.007790,0.013918,-0.005693,-0.000008,-0.034520,-0.010949,-0.000049,0.009324,0.034557,-0.008528,0.000076,0.027163,-0.025262,0.050371,0.009604,0.019071,0.093829,0.015534,-0.002773,-0.000101,0.002512,-0.045356,-0.086013,0.001833,-0.095133,-0.049910,0.001155,-0.000553,-0.056114,-0.003646,0.000312,0.000627,-0.048589,-0.069235,-0.062187,-0.008075,0.088889,-0.001191,-0.004632,-0.013496,-0.062370,-0.059586,-0.000527,-0.031790,-0.007727,0.034649,-0.075991,-0.000106,0.014210,-0.080076,0.036731,0.000244,0.000143,0.018286,-0.011020,0.023014,-0.064229,-0.002673,-0.047178,0.007476,-0.056970,0.001611,0.010215,-0.022556,0.050306,-0.053758,-0.002200,-0.086218,0.038844,0.005450,0.041892,-0.000028,-0.068727,-0.004921,0.067328,0.000402,-0.000809,-0.051136,0.011925,0.001147,-0.005592,-0.008064,0.001670,0.006939,0.014753,-0.076888,-0.065761,-0.061530,-0.007382,-0.047135,-0.081262,-0.000352,-0.009571,0.001619,-0.000077,-0.006956,-0.026991,-0.067720,-0.064632,0.049989,-0.046500,-0.019189,0.006722,0.025295,-0.004392,0.003299,-0.041147,-0.016462,0.026430,-0.042797,-0.030891,-0.046809,-0.002251,-0.003818,0.006167,0.001253,-0.085264,-0.057038,
0.038444,0.032985,0.005917,-0.003957,-0.000135,-0.046399,-0.082868,-0.011663,0.006316,-0.000114,-0.095553,0.021573,-0.000026,-0.015295,368.830648,0.002285,0.001935,0.072632,0.002363,0.001690,-0.001028,0.004871,-0.031118,-0.019337,-0.040031,0.000112,-0.044484,-0.006335,-0.029180,-0.098589,0.004604,0.012879,0.003541,0.000126,0.006224,-0.040661,-0.051018,0.000868,0.008298,-0.010450,-0.000495,0.022608,0.094089,-0.049261,0.000326,0.016645,-0.064639,0.019116,0.043472,-0.028652,0.031325,-0.005932,0.033818,0.000004,-0.007578,0.033642,0.000622,-0.069997,-0.005111,0.066617,0.073482,0.080323,0.001749,-0.087496,-0.000089,0.000096,0.006229,-0.016627,0.012360,-0.007853,-0.027715,0.056927,-0.069572,0.031773,0.004187,0.021856,-0.000909,-0.004748,0.072247,-0.043126,-0.057860,-0.000090,0.045191,0.059473,0.049246,-0.017731,-0.008558,-0.001096,0.000074,0.000220,0.064556,0.031553,0.001146,0.023515,-0.024440,0.049804,0.004619,0.000028,-0.019552,0.048365,0.000030,-0.037383,-0.031617,0.044626,-0.048038,0.015621,-0.061886,-0.014308,-0.000034,0.007792,-0.002197,0.074202,0.011786,0.003548,-0.035190,0.009207,0.049664,0.072173,-0.047455,0.007722,0.029244,-0.004520,-0.060030,-0.010976,0.002567,0.007398,0.000335,-0.089379,-0.004707,-0.010028,-0.005034,0.052675,-0.049057,0.009488,-0.019715,0.000833,0.082700,0.008526,-0.001136,-0.031808,-0.030128,0.003478,-0.019953,0.038662,0.020093,0.002624,0.014082,0.011833,0.019353,-0.004972,0.016369,0.029832,-0.067979,0.060371,-0.002458,-0.041217,-0.054935,-0.000449,0.006339,0.012066,-0.000156,-0.028408,0.007330,-0.038633,0.011030,-0.020202,0.032154,0.010957,-0.024319,0.001415,0.000820,-0.005749,0.000036,-0.058373,0.078777,-0.000308,0.002194,-0.013283,-0.098376,-0.053890,-0.002765,-0.035374,-0.031199,-0.007593,-0.009142,-0.018419,0.003222,0.050838,-0.012425,-0.000196,0.056534,-0.046204,0.006823,0.024228,0.005242,0.001385,
0.001213,-0.003733,0.000045,0.019496,-0.013679,-0.005952,0.013615,0.032972,-0.032464,0.000083,0.012819,-0.008970,-0.009705,0.004464,0.002285,121.940952,0.084985,-0.002003,0.000131,0.003673,0.034186,-0.005059,0.006814,-0.004211,0.019844,-0.057504,0.032391,0.009341,0.076762,-0.000271,0.008541,-0.000234,0.014960,0.000140,0.009624,-0.045813,-0.006345,-0.040798,-0.022110,0.025120,-0.083917,0.056207,-0.019768,-0.021691,-0.000055,0.010983,-0.028591,0.017900,-0.077489,-0.072965,0.024081,-0.023574,0.004835,0.066685,-0.094179,-0.000016,-0.001934,-0.083478,0.094723,-0.010760,0.060356,0.002818,-0.039613,0.089863,0.084199,-0.017134,-0.029079,0.000044,-0.007462,-0.000092,0.052233,0.042701,0.004939,0.016125,-0.059792,0.049065,0.003679,0.092410,0.001756,-0.072087,-0.002138,-0.092440,0.087283,-0.034709,-0.013848,-0.085479,-0.019366,0.039523,-0.012222,0.017165,0.027889,0.025241,0.050449,-0.058342,-0.009523,0.034929,-0.028450,-0.027988,-0.059950,-0.000005,-0.001211,0.048671,0.000085,-0.050618,-0.002597,-0.049142,-0.072199,-0.077766,0.000732,-0.010676,-0.001047,-0.054880,0.004374,0.004395,-0.093993,-0.002451,0.002359,-0.089447,0.047328,-0.062872,-0.001307,-0.000830,0.016912,0.037697,0.000641,-0.013213,-0.029675,0.025648,-0.008935,0.033844,-0.024215,-0.009479,0.000436,0.025303,-0.084837,-0.000982,-0.000571,-0.073940,-0.000134,0.012782,0.067721,0.028330,0.001170,0.020171,-0.037408,0.083736,0.036092,-0.040475,-0.043834,0.010330,-0.069146,0.048940,-0.000991,0.024462,-0.088422,-0.060584,0.091267,-0.017721,0.070757,-0.008067,-0.086011,0.001684,-0.028295,-0.084355,-0.000871,-0.043533,-0.001728,0.055801,-0.000070,0.000413,-0.026487,-0.009882,0.014380,0.006370,-0.004417,-0.004347,0.003757,-0.043624,-0.018849,0.043020,0.027423,-0.001328,-0.081787,0.006499,0.050943,-0.000584,-0.098256,-0.091179,0.040135,0.000048,0.000035,0.014821,-0.009617,0.063752,-0.003858,0.000522,
-0.009877,-0.091719,-0.057568,-0.001266,0.002724,-0.001171,-0.041156,0.081253,0.036890,0.003466,0.064031,0.001302,0.000242,0.041257,0.001935,0.084985,351.677928,-0.000677,-0.009893,0.068700,-0.005524,-0.001230,-0.022624,-0.008707,0.019703,0.000047,-0.000882,0.016048,-0.003821,0.000175,0.002823,0.003573,-0.014666,-0.000055,-0.004563,0.061418,-0.008887,-0.000171,0.009230,0.014565,0.017978,-0.076009,0.019749,-0.027872,-0.000007,-0.090794,0.002322,0.007618,0.028710,0.000008,0.027528,-0.006796,-0.041889,0.076788,0.048889,-0.084985,-0.008493,0.008370,0.008877,-0.075155,-0.036835,0.003037,-0.056950,-0.021452,-0.003467,0.080768,-0.028592,-0.054949,-0.080621,0.047427,-0.062624,0.097323,0.084288,-0.002981,-0.013477,-0.025780,0.001412,-0.004557,-0.041055,-0.071396,0.017348,-0.002015,-0.061637,0.000997,-0.008780,0.008372,0.098665,-0.085547,-0.000821,0.000843,0.046401,-0.002487,-0.053361,-0.009641,-0.000038,-0.011689,0.099305,0.000174,-0.077978,0.000838,0.007764,0.000665,-0.020794,0.041054,0.000151,0.018965,-0.084178,-0.041686,-0.041074,-0.000013,-0.002431,0.013941,0.038926,-0.000094,0.025281,0.036713,-0.000697,-0.013272,0.037107,-0.092819,-0.003262,-0.012603,0.000092,-0.017640,-0.000083,-0.057066,-0.037894,-0.066703,-0.000289,-0.002853,0.049539,-0.076804,-0.005363,0.001801,0.032302,0.035476,0.073412,-0.000247,0.007642,0.000637,0.002989,-0.069376,0.048258,0.032160,0.084972,0.003095,0.015219,-0.001752,0.001372,-0.015540,-0.021558,0.051154,-0.033030,0.001286,0.009152,-0.062915,0.015099,0.040769,0.028890,-0.002378,0.001908,0.061596,-0.011297,-0.010106,-0.051813,0.000232,0.004171,0.000827,-0.092528,0.000653,-0.006397,0.002888,-0.000044,0.001290,-0.023551,-0.032790,-0.083398,-0.000211,0.070316,-0.018184,0.000137,0.008668,0.007940,-0.068076,-0.049549,0.028761,-0.021759,0.021489,-0.090849,0.000538,0.045580,-0.002530,0.001132,0.014941,0.000027,-0.009878,
0.002221,0.000001,-0.038117,-0.003737,0.004405,-0.068828,-0.000605,-0.083521,-0.000003,-0.001963,-0.005790,-0.002454,0.000098,0.000122,0.072632,-0.002003,-0.000677,3421.222218,0.012394,0.022604,-0.086401,-0.004979,-0.009907,-0.001094,-0.061257,0.099942,-0.015047,0.001396,0.000785,0.002741,-0.075735,-0.001396,-0.099856,-0.000014,-0.000980,0.018156,-0.017824,0.084372,0.078121,-0.021973,0.002050,-0.003162,-0.066217,0.006373,-0.040848,0.012898,0.035657,-0.066406,-0.016587,0.052010,0.005215,-0.086643,0.016901,-0.000039,0.017175,-0.035587,-0.044835,0.000044,-0.005426,-0.025061,0.014824,-0.026489,-0.017852,0.081392,-0.011516,0.058820,-0.000000,0.035150,0.000071,-0.000010,0.000129,0.069241,0.041388,0.033240,-0.015831,0.076528,-0.013879,-0.017255,-0.027729,-0.004474,0.099221,-0.008521,0.076983,-0.000161,0.007342,0.002159,-0.016435,-0.067054,-0.000322,-0.013624,0.035914,-0.040045,0.000130,0.008661,-0.062607,0.000372,0.001020,-0.000073,-0.017893,-0.042423,-0.011780,0.099542,0.093039,-0.008312,-0.000158,0.002293,0.001712,0.058845,0.000241,0.000769,-0.084981,0.020056,0.024794,0.002161,-0.029255,-0.056861,-0.071956,-0.003261,-0.030666,0.044645,-0.004555,0.000835,0.000504,0.050166,0.000253,-0.052402,-0.000319,-0.053146,-0.001556,-0.006758,0.002904,-0.004978,-0.038958,-0.001037,0.003696,-0.000711,-0.002862,-0.000034,-0.041989,-0.070861,0.000631,-0.003132,0.007869,-0.018517,0.007776,0.091749,0.043011,0.078235,-0.094477,-0.008135,0.031888,0.015201,-0.009359,-0.000713,0.064043,-0.005950,-0.000667,0.000447,-0.002829,-0.042480,0.078640,-0.008203,-0.000865,-0.061443,0.006154,0.005901,0.072924,-0.005536,-0.000002,0.005849,-0.017304,-0.020737,-0.077070,-0.001304,-0.003078,-0.087184,-0.000045,0.006676,-0.016708,-0.050530,-0.037269,0.008374,-0.000707,-0.000796,0.060312,0.003242,-0.004584,-0.012696,-0.000655,-0.003525,-0.099828,-0.002730,0.000035,0.000144,0.072015,0.000351,
0.032033,0.002012,0.085866,0.004988,-0.001848,-0.001531,0.032189,-0.042511,0.032034,-0.000535,0.017352,-0.029487,-0.022391,0.028427,0.002363,0.000131,-0.009893,0.012394,68.673442,-0.049939,0.023855,0.019481,-0.039944,-0.096094,-0.003327,0.005054,0.032527,-0.056581,-0.001371,-0.098649,0.000477,0.007277,-0.096721,-0.011901,-0.026663,0.074765,0.057565,0.005713,0.040598,-0.008506,0.003626,-0.085783,0.065651,0.055075,-0.011023,-0.000013,-0.083337,-0.039024,0.019632,0.069381,0.041770,-0.004335,-0.024216,0.014850,-0.084125,0.058898,0.000842,-0.083642,-0.046326,0.011404,-0.058869,0.001554,-0.019916,-0.004801,0.039398,0.025319,0.037121,-0.084640,0.070154,-0.016826,0.002468,0.085431,-0.026789,-0.069396,0.050047,-0.012027,-0.019265,-0.001462,0.066840,0.064570,-0.011574,-0.000055,0.021543,0.014319,0.005870,0.026582,0.018504,-0.019320,0.023596,-0.013841,0.026479,-0.039030,0.001380,-0.002277,0.049053,-0.061223,0.003658,-0.005732,0.014157,-0.016115,-0.064163,-0.092303,0.012123,-0.016909,-0.000703,0.004555,-0.096807,-0.012120,0.000562,-0.000338,0.063354,0.040009,-0.011221,-0.063498,-0.029114,-0.025316,-0.011452,-0.017756,0.016934,0.010196,0.002743,0.018915,-0.000231,-0.040776,-0.019883,0.040225,-0.007838,-0.070332,0.009833,0.001993,0.012244,-0.006524,0.065748,-0.085737,0.020633,0.011323,-0.058508,0.018572,-0.061493,0.053242,-0.000110,0.059816,-0.059084,-0.068495,0.005386,0.072354,0.002911,-0.053549,0.027660,-0.014430,-0.010768,0.013734,0.092147,-0.029107,0.080079,-0.030635,0.073550,0.009133,0.000586,-0.074313,-0.002192,-0.004785,-0.002582,0.021313,-0.054802,-0.007677,0.058633,-0.040746,0.062184,0.008193,-0.067345,0.019706,-0.029701,-0.000089,-0.034202,-0.074979,0.001939,-0.058266,0.031615,-0.017707,0.049051,0.022678,-0.008964,-0.001222,-0.024130,-0.000751,-0.029023,0.007438,0.007862,0.009709,-0.005158,-0.064778,-0.033422,0.001148,0.003347,-0.044875,
-0.020298,0.014156,-0.008815,0.015496,0.002548,-0.003606,-0.025270,0.046850,-0.000317,0.063039,-0.014530,0.068971,-0.031169,-0.041714,0.001690,0.003673,0.068700,0.022604,-0.049939,20.882413,-0.052217,-0.011753,-0.017866,0.002815,-0.030975,0.017064,0.088724,-0.011051,-0.015169,0.079152,-0.019525,-0.025842,-0.001768,-0.065851,-0.000570,-0.014195,-0.097209,0.004567,0.069978,-0.004134,0.013254,0.001858,0.000530,-0.005753,0.034859,0.016509,0.078296,0.050012,-0.073264,0.053830,-0.013506,-0.089881,0.082085,-0.078035,-0.005055,0.012899,-0.017268,0.042200,0.073214,-0.004590,-0.048107,-0.089258,0.016815,-0.003218,-0.043347,0.009764,-0.010639,-0.075504,0.061701,0.047122,-0.019030,-0.068171,0.069634,0.012189,0.041576,0.073735,0.040007,-0.053182,-0.000380,0.032512,-0.076999,0.031372,-0.077922,-0.014158,-0.000125,0.014392,0.046839,-0.007396,-0.012982,0.033204,-0.029237,-0.004112,0.067925,0.009721,0.039685,0.096725,0.018850,0.085649,0.002689,-0.001188,0.011754,0.051487,-0.061562,0.084089,-0.011086,-0.000837,0.001060,0.070081,-0.007532,0.000277,0.072547,0.032911,-0.062128,-0.002292,0.001297,-0.065634,-0.013460,-0.010823,-0.003311,-0.032509,-0.097508,-0.099821,0.047651,-0.034080,-0.020169,0.009848,-0.006554,-0.023117,-0.004051,0.069508,0.048544,0.007115,-0.013455,0.023282,-0.021914,0.000513,-0.046229,-0.000641,0.022554,-0.022254,0.015584,0.084513,0.017356,0.021860,-0.042878,-0.004355,-0.014754,-0.042965,-0.003349,-0.023745,-0.036739,-0.014516,0.028130,-0.037626,-0.010842,-0.006293,0.004708,0.013073,-0.003652,-0.073257,-0.001802,-0.003939,-0.005080,0.004130,-0.032467,-0.058095,0.001463,0.001730,-0.000881,0.074215,0.036185,-0.002829,-0.024180,-0.060227,0.033722,0.048952,0.056100,-0.054542,-0.011783,0.013838,0.006923,-0.028146,0.000392,-0.018347,-0.069255,-0.013986,0.045866,-0.044746,-0.021676,-0.006798,0.001472,0.000437,0.039440,-0.004138,0.032678,-0.028868,
-0.001002,-0.001808,-0.075680,-0.013674,-0.020528,-0.003260,-0.016300,-0.041819,0.005473,-0.007756,0.000311,-0.011802,0.014467,-0.032431,-0.001028,0.034186,-0.005524,-0.086401,0.023855,-0.052217,62.636629,0.000097,-0.008837,0.001204,0.022545,-0.033917,0.009221,-0.019899,-0.050082,-0.012843,0.069966,-0.004291,-0.000130,-0.000156,0.000249,-0.051332,-0.003019,-0.030562,-0.085185,0.001519,-0.000441,-0.000647,0.027453,0.067037,-0.000915,-0.001483,0.002443,0.002954,0.015140,-0.055891,0.090472,-0.027173,-0.048005,-0.011004,0.023945,-0.059135,-0.004068,0.000416,0.027333,0.041259,0.044889,0.002910,-0.039591,0.008938,0.059474,-0.040609,0.000935,0.070826,0.000172,0.000133,-0.089104,-0.003242,-0.010588,0.052995,-0.040104,-0.032931,-0.085817,-0.013906,-0.008219,-0.071256,-0.005758,0.000144,-0.057641,0.013276,-0.001889,-0.001034,0.031158,-0.070741,0.080679,0.000286,0.020133,-0.013302,-0.002799,-0.026566,-0.000152,0.038051,-0.075834,0.008342,-0.057669,-0.099158,-0.095182,-0.011015,-0.014003,-0.000820,0.026767,-0.002184,0.031969,0.035587,-0.000310,0.002838,0.052762,0.088207,0.008434,0.003820,-0.009736,0.062459,0.003820,0.072474,0.081311,0.013114,-0.083273,-0.026462,-0.042454,-0.019462,-0.000070,0.017032,-0.022736,-0.094596,-0.004084,-0.076834,-0.005963,-0.000760,0.085192,0.025795,0.059923,0.032442,0.000052,0.089782,0.057149,-0.047078,-0.004387,0.063573,0.014613,-0.034628,0.000794,-0.008799,0.046804,-0.007163,0.091925,0.039917,0.028618,-0.019467,0.008059,-0.079896,-0.052249,0.038170,-0.027883,-0.046069,0.009628,0.007491,0.012360,0.017958,0.027739,-0.009293,0.030684,0.097458,0.027596,-0.009939,-0.048560,0.004800,-0.010814,-0.084168,0.056594,-0.007296,-0.081184,0.078412,0.023219,0.028122,0.002842,0.031481,0.000512,0.001056,0.007001,0.019366,-0.008227,0.077270,0.023323,-0.032661,0.018707,-0.052548,0.083274,-0.006018,0.010046,-0.018291,0.020454,0.004188,
