0.265751,0.050937,-0.016175,-0.009752,0.055148,0.087810,-0.089005,-0.011697,-0.083525,-0.004113,0.001914,-0.007833,-0.042142,0.049419,-0.003978,-0.014807,-0.000000,0.083466,0.099462,-0.024474,-0.075573,0.038478,-0.020941,0.000694,0.009582,-0.046489,-0.017470,-0.004278,-0.012127,-0.070843,0.006155,0.000318,-0.026380,0.022238,-0.009634,0.031668,0.043096,-0.031718,-0.042615,0.058400,0.023424,0.016761,-0.040540,0.030053,0.035447,0.071323,-0.022072,0.040323,0.028968,0.000011,-0.044641,-0.076735,-0.011004,0.019719,-0.001212,-0.073654,-0.012847,-0.024440,0.003479,-0.013608,0.036015,0.010663,0.009771,0.018333,0.000073,0.001991,0.001797,0.056424,-0.051847,-0.090523,0.014370,0.005003,-0.006806,0.068613,0.057493,0.048422,0.026811,0.001673,0.035863,-0.015403,-0.004364,-0.016361,0.046162,0.039591,-0.056787,0.013225,0.051478,-0.006037,0.091512,0.006125,-0.026883,0.034560,-0.004759,-0.007341,-0.024251,-0.016988,0.027645,-0.003918,0.037044,0.036644,-0.060485,-0.004486,-0.016177,0.025109,-0.042858,0.039562,0.000658,0.061312,0.020943,0.045385,0.000837,-0.024179,-0.000699,0.054965,0.003071,0.012997,0.062858,-0.006008,0.018484,-0.064421,-0.035472,-0.046633,0.006973,0.056746,-0.001649,0.009583,0.001005,-0.053274,-0.016565,0.070907,0.090162,-0.063992,-0.032363,0.014935,-0.008264,0.050603,-0.002696,0.030569,0.047417,0.015057,0.045329,0.071711,0.011056,0.018206,-0.032245,0.005030,0.085882,0.010592,0.021815,-0.017459,0.017677,-0.035332,0.002757,0.049236,0.066499,-0.020159,-0.000058,-0.063332,-0.006429,-0.008775,-0.012604,0.016335,-0.061404,-0.060780,-0.013111,0.031355,-0.023305,-0.009235,0.004264,-0.087824,-0.026305,0.046976,0.044812,0.053186,-0.004445,-0.000767,-0.023891,0.005818,-0.000003,0.039001,0.062550,-0.028236,0.007883,0.013496,-0.005331,0.061781,0.013737,-0.040955,-0.021898,0.006000,0.048237,-0.029870,0.085465,-0.007053,-0.016098,0.010886,
0.050937,0.278165,-0.028496,0.034366,0.021882,-0.013663,-0.051727,-0.061420,0.092624,0.065723,0.021185,0.008346,0.004507,0.005797,-0.042014,0.002670,-0.056356,-0.035924,-0.017303,0.033118,-0.067048,0.022288,0.058925,0.010684,-0.000076,0.010428,-0.069273,-0.018128,0.022305,-0.046847,-0.010104,-0.000465,0.023579,-0.006299,-0.032179,0.046843,-0.017281,-0.061175,0.077916,0.021709,-0.024502,0.071573,0.009266,0.062902,0.073557,0.005049,-0.043453,0.022016,-0.034258,0.000125,-0.069248,0.037294,0.036797,0.076881,0.079320,0.022591,0.009115,0.022864,0.027105,0.004942,0.046886,0.007562,0.011232,0.018025,-0.047487,-0.092451,0.027199,-0.029236,-0.044492,0.083227,0.001224,0.000327,-0.076300,-0.002696,0.053157,0.017219,-0.062317,-0.044513,-0.037256,-0.057109,-0.081962,-0.000002,0.010761,-0.011934,0.018083,0.096766,0.098388,0.016591,0.016544,0.036510,-0.036192,-0.027243,0.029682,0.012763,0.033329,0.051531,0.009717,-0.044976,0.057182,0.038412,-0.000012,-0.003364,0.048385,-0.039407,-0.091304,0.049405,0.008767,0.065061,0.036022,0.018332,0.005149,-0.077516,-0.072749,0.007513,-0.018062,0.050464,0.004269,-0.048598,-0.035012,0.014964,-0.049199,-0.029217,-0.051265,-0.010688,-0.043955,0.076394,0.001450,0.072867,-0.098451,0.083564,-0.017736,0.013933,-0.075641,0.000272,-0.057265,-0.085980,0.000924,-0.063476,0.042676,-0.004445,0.076433,-0.000713,-0.094070,0.001122,0.005466,-0.006821,-0.000449,0.007387,0.049792,0.015679,-0.030824,-0.000221,-0.040443,-0.051068,0.032360,0.003051,-0.037563,0.003238,0.040217,-0.027816,0.030309,-0.096988,0.009558,-0.072472,0.002062,-0.098677,0.001237,0.011325,0.000001,-0.028478,0.003918,-0.043067,-0.002457,0.007408,0.034500,0.024854,-0.090234,0.049651,0.003680,-0.024764,0.011780,0.073505,0.066422,-0.053143,0.058036,0.036049,-0.036516,0.005016,-0.023821,0.082186,0.035871,0.062207,-0.026425,0.021476,0.061207,0.001539,
-0.016175,-0.028496,0.041788,-0.000580,0.009814,-0.093796,0.048672,0.092706,0.050342,-0.029743,-0.011680,-0.025874,0.002540,-0.003231,0.004986,0.005289,-0.018076,-0.000267,-0.000671,-0.012896,-0.064282,-0.057858,-0.049241,-0.030888,-0.001413,-0.011224,0.030253,0.020506,0.001449,0.007172,0.000349,-0.002038,0.022133,0.065127,-0.007404,0.000595,0.001288,0.012346,-0.050340,-0.003656,0.005099,-0.029416,0.002670,-0.070106,0.053291,0.015934,-0.004624,-0.004126,-0.034010,0.006997,0.001353,-0.000051,-0.004958,-0.003072,-0.030628,-0.017059,0.001143,-0.011533,-0.007595,-0.001109,0.004334,-0.012531,-0.005450,-0.023913,-0.093009,-0.071805,-0.020461,0.013423,0.005744,0.040794,0.074726,0.000045,0.000366,-0.019995,-0.031392,-0.020713,0.006191,-0.021932,0.006929,0.004009,0.012043,-0.011269,-0.045279,-0.047648,0.011965,-0.030810,0.031135,-0.002804,-0.015913,-0.002112,-0.006111,0.004191,0.001528,0.006134,0.012931,-0.030249,-0.014458,0.003942,-0.000189,0.085604,-0.011423,0.001015,0.016080,0.001918,-0.043155,-0.030793,0.005384,-0.012318,-0.003136,-0.029253,0.001529,0.021669,-0.088924,-0.008547,0.035796,0.002190,-0.001007,-0.001784,-0.018211,-0.028890,0.002401,-0.000822,0.005955,-0.005806,-0.003753,0.000213,-0.008957,-0.066169,0.014425,0.013111,-0.002489,0.046439,0.035098,-0.010459,0.015703,0.002435,-0.070788,-0.000916,0.000376,-0.040054,0.004816,0.009583,0.056161,-0.000569,-0.001955,-0.010537,0.043386,-0.016856,-0.032333,0.011180,-0.027550,0.004016,0.006871,-0.006148,-0.005286,0.036342,0.001653,0.007318,-0.005513,0.071547,0.013761,-0.000361,0.007997,-0.001565,-0.010862,0.026809,-0.014488,-0.015402,-0.054046,-0.000390,-0.000739,0.003606,-0.013785,-0.013291,0.081491,0.077849,-0.003524,0.073555,0.006890,0.002301,0.004680,0.044047,-0.047066,0.033055,0.008757,0.010839,0.054297,-0.026995,-0.007316,-0.049985,-0.042232,0.031350,-0.009371,-0.009828,-0.035603,0.017420,
-0.009752,0.034366,-0.000580,0.037421,-0.038625,0.080370,0.003287,0.010987,-0.000616,-0.097856,-0.008003,-0.019209,-0.003922,0.000072,-0.003882,0.004130,-0.018182,-0.022390,-0.000426,-0.040101,0.002302,0.005105,-0.008602,0.001894,0.028427,-0.001133,0.081203,-0.005202,0.017709,0.003232,-0.008103,0.000664,-0.099802,-0.019285,-0.008189,0.002908,-0.001848,-0.049869,0.067075,-0.000293,-0.096526,-0.029301,0.029387,-0.002983,0.001693,0.019996,0.022460,0.014645,-0.033755,-0.074975,0.001919,0.002023,0.017194,-0.084182,-0.016660,-0.018836,0.003388,-0.006427,0.002234,0.001169,0.010415,0.012841,-0.003765,0.000614,0.000007,0.000704,-0.008106,-0.006032,-0.001444,0.091760,0.092851,0.062664,-0.000752,0.005019,0.042292,0.010290,-0.034249,-0.002707,-0.001262,-0.002444,-0.062443,-0.082787,-0.056580,-0.025932,0.050762,0.091959,0.035989,0.000929,-0.011776,-0.027378,-0.002990,-0.003024,0.028585,0.067230,-0.000059,0.017822,0.000368,0.002071,0.035360,-0.033425,0.000001,0.000571,0.017066,-0.035175,-0.055963,0.000894,0.001013,-0.000637,0.013759,0.000257,-0.002293,-0.012761,-0.028393,-0.076562,0.096728,0.006109,0.003474,-0.031026,0.039617,-0.001215,-0.045424,-0.008627,-0.099204,0.060728,0.040021,-0.002919,0.079667,0.006881,0.009106,-0.004150,-0.016515,-0.098017,0.029784,0.000048,-0.015368,-0.081084,0.004420,-0.001689,0.008938,-0.054558,-0.033577,0.008961,0.001225,-0.063764,-0.064319,0.042554,-0.063708,-0.001129,0.000401,-0.059605,-0.001899,0.001130,-0.012939,0.059218,-0.072048,-0.039437,-0.021579,0.005695,0.017605,-0.049279,-0.020928,0.010097,-0.003592,0.058225,-0.000033,-0.046687,-0.021711,-0.013610,0.000474,0.003297,0.004218,0.003718,0.000608,-0.000725,-0.029516,-0.085487,0.070613,0.076192,0.047596,-0.002094,0.000001,0.033321,0.005276,0.005731,0.060430,0.089027,-0.011371,0.074345,0.012211,-0.000136,0.065741,-0.028532,-0.030721,-0.000002,0.007302,-0.006916,
0.055148,0.021882,0.009814,-0.038625,489.726699,0.024837,-0.020178,-0.003155,0.000452,-0.087719,0.088186,0.041741,0.000068,0.015396,-0.015818,-0.000106,0.069152,0.008710,0.002243,-0.053768,0.000801,-0.010598,-0.065073,-0.069957,0.000752,-0.002364,0.001981,-0.007277,0.013357,-0.057400,0.002193,0.000278,-0.006387,0.000171,-0.000137,-0.042435,0.005908,0.000109,0.072844,-0.066063,-0.001824,-0.019477,-0.028000,-0.031309,-0.014711,-0.059401,-0.014765,0.025638,0.042360,0.084498,0.002519,-0.000313,0.004869,-0.005056,-0.000230,0.012998,0.040656,-0.018076,0.065539,-0.000877,0.082900,-0.004208,-0.000331,0.014420,0.000398,-0.002141,-0.003318,0.001608,-0.024596,-0.060509,-0.024011,-0.081033,0.018428,-0.000770,0.043782,0.034178,-0.011326,0.000384,-0.089065,-0.061743,0.005372,0.002406,-0.014395,0.003912,0.047486,0.051735,-0.001622,0.058025,-0.003347,-0.034133,-0.033459,0.007456,0.013129,0.012548,0.051211,0.047456,-0.059743,-0.019661,0.036839,-0.056734,-0.000003,-0.041882,-0.059302,0.033475,0.083817,0.069169,0.006855,-0.005030,0.000211,0.011525,0.000315,0.096443,0.000021,0.020749,0.028842,0.055649,0.025578,-0.069765,-0.022579,0.070842,-0.007638,0.020203,-0.003387,-0.000032,-0.001045,-0.058933,-0.057636,0.048848,-0.059360,-0.000038,0.002994,0.003046,-0.093971,-0.000207,-0.017449,0.030881,0.006115,-0.004868,0.097864,0.002778,-0.008842,-0.018257,0.052927,-0.026705,0.001959,-0.007459,0.009477,-0.045655,-0.046730,-0.004600,-0.055258,-0.064276,0.094208,0.057322,0.061046,-0.015728,0.007515,0.031090,-0.012009,0.007977,-0.067584,-0.000065,-0.069125,-0.058741,0.003685,-0.005674,-0.024207,-0.015806,-0.000021,0.001156,0.002558,-0.004611,0.000042,-0.066044,0.040668,-0.003706,0.000013,0.000002,-0.029645,0.064714,0.001021,-0.000216,-0.057972,-0.001025,-0.040092,-0.003529,-0.015774,-0.036338,0.052214,-0.000416,-0.005827,-0.049124,0.061653,-0.007683,0.067534,-0.001927,
0.087810,-0.013663,-0.093796,0.080370,0.024837,51.403039,0.014497,-0.015647,-0.003292,0.018765,-0.085254,0.023057,-0.077190,0.021031,0.000345,-0.042577,-0.014665,0.000333,-0.024943,0.030113,-0.001276,0.018425,-0.000026,0.004434,0.006410,0.001325,0.094043,0.002349,-0.023213,0.019873,-0.030542,0.000113,0.011397,0.055416,0.006802,0.051780,-0.031493,-0.000252,-0.059955,0.013413,0.011887,-0.000318,-0.000443,0.003408,-0.040801,-0.011993,0.002029,-0.001788,-0.017128,-0.068049,-0.068056,-0.000004,0.027240,0.000227,0.017048,-0.011130,-0.029776,-0.080549,0.007171,0.059024,0.025579,-0.068547,-0.093583,0.021722,-0.008280,-0.008811,-0.005395,0.030023,0.026602,-0.011662,-0.038130,0.017661,0.002509,-0.079890,-0.085536,-0.080159,0.000089,0.006065,-0.004832,0.002619,-0.030191,-0.074291,-0.022940,-0.072357,-0.037069,-0.002510,0.001269,0.030479,-0.012962,0.043762,0.005415,0.080643,-0.004413,0.003390,0.017008,-0.001991,0.004946,-0.001343,-0.062503,-0.018756,0.001168,-0.043703,0.000497,-0.004112,-0.080912,0.051319,-0.015016,-0.001516,0.007980,0.000008,-0.020408,0.057321,-0.026204,-0.015414,-0.023180,0.005896,-0.010576,0.041515,0.056564,0.074825,0.002043,-0.057983,-0.031646,-0.018568,-0.072606,-0.007544,-0.046975,0.028248,0.011489,0.021456,0.024702,0.038897,-0.003388,0.001029,-0.032285,-0.020431,-0.000874,0.030491,-0.063324,-0.052528,0.019509,-0.006155,-0.000555,0.031462,-0.097985,0.008530,-0.029691,-0.026373,-0.021407,0.012467,0.014702,0.085356,0.000126,0.011937,-0.025172,0.006472,0.000534,0.025192,0.058654,-0.018405,0.099430,-0.005392,-0.083648,0.004191,-0.001106,0.092324,-0.069293,-0.021435,-0.009748,-0.017964,0.038040,-0.042687,0.011575,-0.003816,0.008685,-0.000005,0.004303,0.007490,-0.017440,-0.091597,0.015257,-0.091679,0.000105,0.062083,0.000707,0.000064,-0.041722,-0.061829,-0.026783,0.008224,-0.048202,0.048878,-0.076639,0.000608,0.024205,0.031036,
-0.089005,-0.051727,0.048672,0.003287,-0.020178,0.014497,0.161669,-0.008960,-0.008618,-0.000916,-0.018312,-0.021530,-0.070302,0.025206,-0.008448,0.020753,0.015075,-0.051411,0.000016,-0.003589,-0.002052,0.001567,0.021096,-0.083298,-0.057844,0.024061,-0.034519,0.020238,-0.005064,0.057172,-0.001830,-0.001468,-0.034280,-0.050963,0.007831,-0.011146,0.017107,0.093784,-0.079720,-0.027465,-0.017157,0.050897,0.034576,0.005338,0.000718,0.086489,0.005873,0.041302,-0.054684,-0.012652,0.003041,0.044033,0.015764,0.010106,-0.078140,0.055960,-0.002438,0.002585,0.008135,-0.000383,0.009776,0.030886,0.004035,-0.034491,0.059301,-0.093606,-0.010094,-0.028178,0.071109,0.005714,0.028185,0.004289,-0.000357,0.064659,-0.016570,0.096337,-0.010524,0.001265,0.042467,0.006823,-0.041206,-0.007010,-0.087972,-0.095575,-0.016284,0.024823,0.053380,0.005579,-0.065240,-0.034641,-0.007456,0.010262,-0.008768,-0.000014,0.058271,-0.074376,-0.094922,0.097458,0.027662,0.027992,0.027491,-0.028338,0.074022,-0.007997,0.035090,-0.027162,0.012370,-0.045116,-0.021347,-0.004773,-0.001892,0.031346,0.071658,0.058727,-0.022347,-0.031481,-0.083215,-0.006224,-0.004994,-0.083067,0.061870,-0.000882,-0.070286,-0.014086,0.007685,-0.079305,-0.045603,0.000173,0.000878,-0.027289,-0.006343,0.054582,0.022314,-0.035038,0.032195,-0.021369,0.000714,0.073376,-0.027752,0.027469,-0.021692,-0.000338,-0.017255,-0.003604,0.023682,-0.020500,0.027404,0.073439,0.010223,0.026151,-0.038260,0.037297,-0.004929,-0.012449,0.014725,0.011173,-0.000000,0.001126,-0.005897,-0.020704,0.000287,0.003986,-0.005969,0.031239,-0.000136,0.004030,-0.012706,0.005612,0.013033,0.087530,-0.006217,0.002904,0.040676,0.031560,0.033503,-0.068109,-0.056595,0.099249,0.012336,0.060635,0.006471,0.073237,0.000806,0.095739,0.046696,0.072606,-0.009550,-0.067429,-0.055054,-0.034355,-0.047676,0.018494,-0.008474,-0.001341,-0.068461,-0.003029,
-0.011697,-0.061420,0.092706,0.010987,-0.003155,-0.015647,-0.008960,1.727049,0.034835,-0.014913,0.073123,0.062011,0.037821,0.044600,0.009474,0.006137,-0.099001,-0.054529,0.030973,0.009106,-0.015371,-0.022437,-0.080781,-0.016949,0.042775,0.000788,0.054627,-0.019621,0.013432,-0.029050,-0.008392,-0.009114,-0.083685,0.076954,-0.077681,0.009001,0.018869,-0.001089,0.000342,-0.025571,0.010227,-0.021906,0.070002,0.071650,-0.040700,-0.041958,0.038462,-0.077778,0.005531,-0.001602,0.027183,-0.084509,-0.014174,-0.076203,0.038423,0.012984,0.019459,0.028949,-0.047740,0.001257,0.037411,-0.009120,-0.067721,-0.048653,0.001826,0.000000,-0.050961,0.020439,-0.027802,0.040181,0.014107,-0.000066,-0.018364,-0.015078,-0.041279,0.031828,0.003555,-0.069723,-0.088037,-0.000046,0.039586,-0.050931,0.007732,-0.002517,0.026003,0.054952,0.001604,0.055077,-0.061167,-0.020050,-0.011292,-0.056267,0.006789,-0.004836,0.064629,-0.008727,0.075496,0.060830,0.006157,-0.065887,-0.000458,-0.074086,-0.015914,-0.029994,-0.063816,-0.051286,0.037497,-0.051507,0.020919,0.071706,0.030279,0.091871,0.042614,0.009147,-0.011109,-0.050288,-0.044777,0.002476,0.060042,0.029738,0.008463,0.003191,-0.089430,-0.018689,0.032939,0.052910,-0.007501,0.049910,-0.097823,0.035529,0.014554,-0.008756,-0.063360,0.035003,0.070065,0.072552,-0.001619,-0.002942,0.038224,-0.008172,0.012227,-0.021875,0.046870,-0.079575,-0.037031,0.001779,0.061016,-0.015955,-0.008167,-0.048132,-0.085391,-0.068292,0.000056,-0.008653,-0.001367,-0.050811,0.036963,0.034354,-0.009574,-0.014538,-0.009284,-0.032675,0.065251,0.038862,-0.027556,-0.050705,0.040042,0.020014,-0.021651,-0.033521,0.085203,0.074013,-0.033690,0.029538,-0.027301,0.009540,-0.063309,-0.034889,-0.007632,0.091026,-0.005844,0.018749,-0.010028,-0.002043,-0.011266,-0.035157,0.033049,-0.023951,0.082691,0.030522,0.007553,0.079842,-0.001564,-0.007430,-0.068687,-0.015989,
-0.083525,0.092624,0.050342,-0.000616,0.000452,-0.003292,-0.008618,0.034835,11289.290560,0.000227,0.068319,0.080006,-0.000203,0.067455,-0.020986,-0.001247,-0.027517,0.000005,0.019913,0.017138,0.000864,-0.008646,0.003554,0.009583,-0.006787,0.026259,-0.033662,-0.010119,-0.011921,0.019682,0.018375,0.000271,-0.047258,-0.048532,-0.001916,-0.028847,-0.027764,-0.043087,-0.000607,-0.057751,-0.010427,-0.000216,-0.044313,0.016703,-0.000315,-0.007419,0.017208,0.062458,0.016914,0.042115,0.098250,-0.016567,-0.005184,0.000001,-0.005054,-0.015392,-0.082026,-0.007098,0.001051,0.000777,-0.043249,0.081846,-0.022060,-0.040521,-0.000196,-0.078870,-0.048085,-0.091665,-0.009341,0.014489,0.009568,0.027615,0.059646,0.000016,-0.005524,0.008724,-0.018147,-0.049894,0.005182,0.000462,0.044018,0.058566,-0.037393,0.090252,0.011364,0.014315,-0.027572,-0.008316,0.065164,0.033048,0.008150,0.000252,0.043899,0.000205,-0.040786,0.050225,0.068469,0.073065,-0.046306,-0.025778,-0.000065,-0.007776,0.036152,0.003450,0.005351,-0.005276,0.078432,-0.025872,-0.006859,-0.000839,0.000529,0.091469,0.014911,-0.000014,-0.000535,0.095466,0.008730,0.002757,0.000018,-0.076020,0.009037,0.018514,-0.007349,-0.079366,-0.003798,0.011520,-0.075030,-0.095413,0.013102,-0.008614,0.072816,0.013519,0.010339,0.072476,-0.038085,0.054717,0.015629,0.002046,-0.016558,0.011732,-0.007531,-0.003785,0.057979,0.078124,0.046449,0.097009,0.057510,0.022617,-0.038989,-0.002751,-0.063199,0.060539,-0.061206,-0.000005,-0.034538,0.004173,0.011497,-0.021275,-0.097190,0.029081,-0.002195,0.033310,0.069122,0.001833,-0.000988,0.043019,0.011300,0.027107,0.042892,0.000363,0.068826,0.018399,0.000284,0.000186,0.016694,-0.003750,-0.000082,-0.002522,-0.010294,0.013174,0.000029,0.000001,0.020413,0.038319,0.010276,-0.060186,0.027336,-0.094147,0.000543,0.008593,0.003789,0.095165,0.000320,-0.002789,0.037259,0.053071,
-0.004113,0.065723,-0.029743,-0.097856,-0.087719,0.018765,-0.000916,-0.014913,0.000227,70.118658,-0.052974,-0.041347,-0.000243,-0.005854,-0.000035,0.028293,-0.004379,-0.000296,0.032381,-0.057594,0.047069,0.000086,0.043724,-0.054936,0.099522,-0.004635,-0.003095,-0.089044,0.025666,0.067357,0.005351,-0.012739,-0.000608,-0.030846,0.007977,-0.035695,0.004597,-0.012110,0.092806,-0.078247,-0.061614,-0.006168,-0.035394,0.031263,0.000818,-0.008670,-0.068302,-0.049052,-0.011675,0.009141,0.000029,-0.000235,0.028832,0.002812,0.088026,-0.007858,-0.008495,0.021238,-0.037617,0.085276,0.067888,0.001087,0.003340,-0.010453,-0.001289,-0.004667,0.043047,-0.077727,-0.065119,-0.011580,0.008736,-0.078008,-0.001744,0.003108,0.005356,0.065213,-0.077387,-0.026528,-0.003985,-0.005083,-0.005466,-0.001352,0.028998,-0.056352,-0.024334,-0.066072,-0.088076,0.043374,0.002645,0.006810,-0.048939,0.001296,-0.087963,0.000124,-0.006170,0.082863,-0.078708,0.091764,0.092352,0.053555,0.012501,0.000870,-0.021389,-0.029290,-0.000192,-0.009135,-0.077991,0.072429,-0.068852,0.003337,-0.030459,-0.046417,0.000245,0.039185,0.012157,0.004380,0.018809,0.064760,-0.088721,0.056721,0.010311,0.027988,-0.010170,0.044810,-0.001614,0.091603,-0.021134,0.004517,-0.072856,0.039564,-0.067743,-0.000020,0.010794,0.000324,-0.011238,-0.004126,0.054951,0.019902,-0.000342,-0.076973,0.000427,0.017439,-0.001104,-0.007442,-0.025890,-0.021569,-0.010706,-0.002423,-0.076636,0.004944,0.027276,-0.003414,-0.016380,0.001677,-0.026706,0.025094,0.001634,0.000576,-0.078699,0.084952,0.013198,0.000904,-0.000151,0.001320,0.063078,-0.095843,-0.009789,-0.058269,0.061814,0.001957,-0.010825,-0.006338,0.003828,0.002695,-0.030305,-0.036133,-0.052940,-0.023016,0.014838,-0.024624,0.046744,0.000979,0.067264,-0.041660,-0.000196,-0.001013,0.045061,0.054126,-0.016799,0.020754,-0.005425,-0.013952,0.098810,-0.002969,-0.005422,-0.016982,
0.001914,0.021185,-0.011680,-0.008003,0.088186,-0.085254,-0.018312,0.073123,0.068319,-0.052974,0.181888,0.051975,-0.006570,-0.040748,0.019512,0.007052,-0.003160,0.000869,0.049938,-0.071042,0.006118,0.023238,0.030052,0.007948,-0.027307,0.025602,-0.033763,-0.035654,-0.005403,0.052083,-0.003001,0.000022,0.092868,0.070563,0.002981,0.008389,0.058357,-0.070966,-0.093879,-0.088937,0.072024,-0.059405,0.000468,0.058673,0.012643,0.003688,-0.047698,0.098167,-0.007233,0.050033,0.009886,-0.040413,-0.090185,-0.083530,-0.092710,0.023194,0.003453,0.050911,0.008020,-0.007294,0.017043,0.049405,0.013820,-0.001376,0.025359,0.000901,0.015923,0.040436,0.032269,0.002149,-0.073445,-0.064221,0.056751,-0.078007,0.002194,-0.072035,0.040970,0.034272,0.079889,-0.067576,0.000614,0.027713,-0.001635,-0.006861,-0.003133,0.009476,-0.062471,0.011397,0.022543,-0.010641,-0.001304,-0.002727,-0.092613,0.001660,0.028304,0.085250,0.002978,0.058747,-0.055326,-0.025217,0.083993,0.006674,0.017854,0.034917,0.047980,0.017315,0.008366,-0.004277,0.015030,-0.028561,0.000874,-0.057270,0.001978,0.016562,-0.073627,-0.025448,-0.014100,0.018145,-0.046094,0.065925,-0.073094,0.072712,0.002469,-0.005389,-0.043391,-0.000133,0.015049,0.080742,-0.001665,-0.095171,0.051282,0.088691,0.083502,0.097501,0.015098,-0.036985,-0.004090,0.001856,0.030495,-0.009776,-0.076966,-0.008692,0.067532,0.063923,-0.058684,-0.008140,-0.000075,-0.003665,-0.008156,0.072708,0.001363,-0.032124,0.066673,-0.001293,-0.064512,-0.072990,-0.023013,-0.009050,0.033430,0.065286,0.042763,-0.000001,-0.014504,-0.037101,-0.026540,-0.003242,-0.013707,-0.015123,-0.075305,0.002263,0.034045,0.003361,-0.039483,-0.040806,-0.003354,-0.096088,0.081211,-0.092062,-0.008145,-0.000978,-0.013865,-0.083044,0.004005,0.011892,-0.043820,-0.039279,-0.023270,-0.055818,0.036891,-0.069380,0.024586,0.016696,-0.041763,-0.010515,0.080176,0.034193,
-0.007833,0.008346,-0.025874,-0.019209,0.041741,0.023057,-0.021530,0.062011,0.080006,-0.041347,0.051975,24.953740,-0.010383,0.000375,0.092167,-0.082643,0.037652,-0.016107,0.063860,-0.072465,-0.038791,0.018749,-0.028476,-0.001613,-0.050018,0.018719,0.000831,0.005214,0.008925,-0.002131,-0.039020,0.081906,-0.012902,-0.017253,0.050338,-0.042651,0.023524,0.054106,-0.011332,-0.000334,0.019023,-0.052472,0.026313,0.001418,-0.043075,-0.002666,0.027584,-0.004252,0.047163,-0.032979,-0.068859,-0.057856,-0.002007,-0.004974,-0.029111,-0.024748,-0.001621,-0.053661,0.044045,-0.077891,0.000976,0.014750,-0.013309,0.024213,-0.032505,0.086966,0.061426,0.027916,0.019571,0.022257,0.000000,-0.030228,-0.003022,0.006924,-0.059062,0.047963,-0.080199,-0.004892,-0.098959,-0.099496,0.002486,0.000498,-0.084113,-0.000227,-0.074387,-0.036657,-0.009445,-0.030521,0.014021,-0.081334,-0.014319,-0.030438,-0.016734,0.057083,0.019736,-0.035064,0.021537,-0.052095,-0.007227,-0.006993,-0.000219,-0.000191,-0.056344,-0.010625,0.062035,-0.031954,0.029039,-0.017800,-0.009845,0.007377,0.049610,0.000127,-0.058315,0.043695,-0.009179,0.025019,-0.052800,-0.085061,-0.081937,-0.032099,0.045080,0.070278,-0.032596,-0.007149,-0.002717,-0.080085,0.046902,-0.022834,-0.017699,-0.030532,0.037921,0.071452,0.009269,0.007098,0.094382,0.018015,0.020299,0.018172,-0.006721,0.073734,0.009182,-0.019256,0.020502,-0.005775,-0.003828,-0.046572,-0.096341,0.046030,0.005038,-0.068394,-0.005613,-0.050042,0.006401,-0.018333,0.002946,0.001690,-0.063204,-0.010218,-0.012536,-0.029029,0.000416,0.006995,-0.007420,-0.002680,-0.013747,0.035208,-0.029735,0.078281,0.058090,-0.003738,-0.003505,0.001799,0.005236,-0.010075,0.086125,-0.021872,-0.081100,0.084287,0.088864,0.006924,-0.045185,-0.001419,-0.030793,0.023754,-0.054086,-0.035686,-0.075366,0.001715,-0.057778,-0.036015,-0.077242,-0.064482,-0.010325,0.016003,0.002525,0.065705,
-0.042142,0.004507,0.002540,-0.003922,0.000068,-0.077190,-0.070302,0.037821,-0.000203,-0.000243,-0.006570,-0.010383,3247.363029,-0.070109,-0.000038,-0.015532,0.037684,0.000058,-0.019843,-0.050095,-0.003770,-0.095824,0.058652,-0.053751,-0.000546,-0.000024,-0.011003,0.024321,-0.011105,0.018721,0.002767,0.000530,0.086892,0.008615,-0.015054,0.025346,0.008145,-0.041901,0.061908,0.010131,0.000108,-0.016759,0.002931,-0.047147,0.000073,0.005786,0.020442,0.099128,0.035466,-0.070866,0.001715,-0.003202,0.058258,-0.000054,0.081900,0.002688,0.013376,-0.054503,0.001216,-0.084336,0.035420,0.036022,0.036415,0.000633,-0.001114,0.004805,-0.030739,0.052041,0.028517,-0.000038,0.035894,0.002283,0.001137,0.001767,-0.016791,-0.000635,-0.052433,-0.074512,0.003762,0.039228,0.094390,-0.015596,0.022850,0.098182,0.003292,0.063113,0.014157,0.001446,-0.031167,-0.001737,0.009587,0.067993,-0.027218,0.044840,0.044146,-0.046592,0.004021,-0.012685,-0.010506,-0.029951,0.002405,0.000466,0.027437,-0.069740,0.006289,0.068455,-0.057725,0.019019,-0.043298,-0.020688,-0.004530,-0.001073,0.000014,0.000760,0.000033,-0.065991,0.002299,0.000144,0.022428,-0.068776,0.045998,0.000447,0.013546,0.013707,0.000503,0.010404,0.005459,0.002685,-0.000997,0.008362,0.023859,-0.002346,0.032295,0.028839,0.085957,0.006041,-0.051232,0.000008,0.030587,-0.055490,-0.017749,0.000009,0.000385,0.007831,0.055554,-0.075551,-0.007611,0.000442,0.005086,-0.055921,-0.074475,-0.046468,0.000996,0.001198,-0.070460,-0.076140,-0.074402,0.016310,0.083525,-0.024195,-0.043763,0.000188,0.034266,-0.009300,-0.011370,-0.000029,0.026299,0.000296,-0.006129,-0.015986,0.084542,-0.000533,0.080658,0.000071,0.042079,0.003445,0.003540,-0.000099,0.015617,-0.007633,0.007441,-0.000172,-0.001421,-0.012130,0.000190,-0.003937,0.010090,-0.000395,0.004324,0.063092,0.027158,-0.001606,-0.004279,-0.000128,-0.005463,-0.025360,
0.049419,0.005797,-0.003231,0.000072,0.015396,0.021031,0.025206,0.044600,0.067455,-0.005854,-0.040748,0.000375,-0.070109,792.260763,-0.030443,-0.002075,0.000618,0.022650,-0.001868,0.004274,0.011027,0.004673,0.000399,0.055955,0.029300,-0.006683,0.050558,-0.052375,-0.024790,-0.017215,-0.025643,-0.000490,-0.065351,-0.040973,-0.039708,-0.001880,0.015769,0.006485,0.016513,-0.081753,0.003823,0.029574,0.031177,-0.002915,-0.031865,0.014799,0.085646,0.034417,-0.008386,-0.082006,-0.000195,0.021395,0.025610,-0.002007,0.056620,-0.093902,-0.000737,0.000632,0.021879,0.000259,-0.060412,0.034741,0.007700,0.021324,0.002706,0.080976,-0.063533,-0.094501,0.002267,-0.010616,-0.056717,0.046702,0.003685,-0.000045,0.006823,-0.009311,-0.073809,0.000004,-0.002779,-0.052326,-0.076734,0.000078,-0.083734,0.087058,0.033799,-0.011986,0.015380,-0.022635,-0.078742,0.022178,-0.032794,-0.078376,0.002862,0.066229,0.031335,0.033323,0.063104,-0.005880,-0.047601,0.059015,-0.030524,-0.001542,-0.049542,-0.050417,0.007868,-0.019069,-0.024943,-0.027143,-0.085259,-0.000576,0.013559,-0.000015,0.051387,-0.019962,0.000025,0.025571,0.087073,0.019007,-0.064712,0.003154,-0.041872,-0.021327,0.006101,-0.059262,0.000903,0.000438,0.034290,0.008685,0.000390,-0.000446,0.048083,0.015777,-0.001858,-0.025537,-0.032043,0.028313,-0.003583,-0.001606,0.003736,-0.022889,-0.000023,-0.026637,0.062763,-0.032793,-0.000654,-0.000063,-0.090231,-0.002190,0.056690,-0.013287,-0.039658,0.023470,-0.000516,-0.016216,0.040334,-0.003348,-0.003091,-0.019781,0.015209,-0.049877,0.002044,0.065062,0.025829,0.001999,-0.015921,-0.084789,-0.022730,-0.071369,-0.002814,-0.000348,0.012449,0.066166,-0.068979,-0.001614,-0.063079,-0.005651,-0.003477,0.082538,-0.032564,0.001690,0.026532,-0.000015,-0.000074,0.061939,-0.044478,-0.060478,0.015638,0.060572,0.087289,-0.004981,-0.064721,-0.001842,-0.007524,-0.098386,0.037927,0.050936,
-0.003978,-0.042014,0.004986,-0.003882,-0.015818,0.000345,-0.008448,0.009474,-0.020986,-0.000035,0.019512,0.092167,-0.000038,-0.030443,137.576090,0.033729,-0.000046,-0.000329,0.006718,0.072369,0.054541,-0.001775,-0.001261,-0.044918,0.003203,0.007333,-0.026503,-0.023329,-0.001749,0.000507,0.000336,-0.000058,-0.019374,-0.069440,0.007644,-0.024216,0.000580,-0.051583,-0.013154,-0.031750,-0.004836,-0.069554,-0.040905,-0.008158,-0.065052,-0.067824,0.000097,0.015753,0.000000,-0.006047,0.005488,0.031149,0.008778,-0.074492,0.030569,-0.023911,-0.010250,-0.057516,-0.014395,0.000977,-0.034993,0.012496,-0.000158,-0.064272,-0.017217,0.009946,0.000813,0.012040,0.019869,-0.066886,-0.007939,0.000091,-0.000843,0.007001,-0.021486,0.012717,0.034554,0.000126,0.048870,0.022652,-0.009034,-0.008835,-0.031922,-0.082524,0.008746,0.075700,-0.043633,0.001125,0.016301,0.017831,-0.021012,-0.002724,-0.009012,0.019580,-0.000566,0.013694,0.005765,0.057672,-0.006317,0.013244,-0.000169,-0.005220,-0.034086,-0.044723,0.003335,-0.046312,0.017190,0.012210,0.003967,0.030928,-0.000951,-0.000228,0.008692,-0.018762,0.068136,-0.005721,-0.003912,0.051312,-0.068298,-0.085155,-0.002199,0.001241,0.003950,-0.070010,0.010575,-0.026236,0.047353,-0.055700,0.000264,-0.004382,0.013429,-0.010565,0.009647,0.040113,0.036743,-0.000351,0.074681,0.029502,-0.003611,-0.037205,0.003181,-0.019205,0.072923,0.093587,0.047675,0.000515,-0.012858,-0.007812,-0.053118,0.001408,-0.000183,-0.038815,-0.000432,0.001119,-0.001910,0.008753,-0.041894,-0.000883,-0.000411,-0.022762,-0.014965,0.000765,-0.037776,-0.024022,-0.002084,0.000122,0.037387,0.005200,-0.000633,0.003500,0.000045,-0.005941,0.016942,0.018363,-0.019649,-0.000313,0.030161,-0.003102,-0.089704,0.039119,0.005903,0.001245,0.017004,0.028783,0.000764,0.000437,-0.000006,0.012726,0.006171,0.000324,-0.001529,0.000009,0.000050,0.000091,-0.079439,0.000301,
-0.014807,0.002670,0.005289,0.004130,-0.000106,-0.042577,0.020753,0.006137,-0.001247,0.028293,0.007052,-0.082643,-0.015532,-0.002075,0.033729,62.219275,0.006489,0.000123,-0.068583,0.049375,-0.088591,-0.006100,-0.022243,-0.015693,-0.009302,0.007096,0.088048,-0.015724,0.023428,0.004388,-0.004817,0.024194,-0.055421,0.032179,0.012329,-0.046518,0.007534,0.000573,0.038111,0.007375,-0.002284,0.003861,0.019516,-0.001587,-0.004096,-0.000377,0.057919,0.084219,-0.092112,0.075634,0.002017,0.000960,0.070830,0.000704,0.005811,-0.001900,0.002260,0.028743,0.094494,-0.040559,0.018158,-0.019440,-0.014708,0.050885,0.032614,-0.025233,-0.007040,-0.095916,-0.001841,-0.020595,0.061136,-0.000724,0.000576,0.001299,0.016503,0.070374,0.085449,0.039195,-0.008955,0.007191,0.099295,-0.021527,0.058125,-0.070353,-0.057743,-0.006623,0.035914,0.027520,-0.069602,0.016272,0.010195,0.097774,0.012259,0.048643,0.002439,0.031646,0.045079,0.013738,0.045262,-0.000473,0.000213,0.001662,0.034103,-0.051777,-0.032391,-0.048343,-0.027195,-0.031145,-0.044887,-0.001047,-0.000344,0.042770,-0.002467,0.004871,0.000532,0.047646,-0.000331,0.044687,0.002130,-0.002394,-0.001096,0.006247,-0.000803,0.011653,-0.034163,0.089512,-0.002987,0.081359,0.003710,0.000027,0.013689,0.000621,0.003121,-0.034560,-0.004272,0.000121,-0.009555,-0.000755,0.077323,0.036711,0.017439,0.001133,-0.039251,0.035126,0.017830,-0.000523,0.071642,0.000974,0.017207,0.003317,0.019464,-0.018895,0.000185,-0.006712,0.031214,0.013632,0.002372,0.044162,-0.009508,-0.016927,0.010237,0.000158,-0.013039,0.008755,-0.008103,-0.066228,0.084197,0.009305,0.001052,0.033337,0.023712,-0.000099,0.000346,-0.028622,0.095992,0.004537,-0.010809,0.000793,0.085940,0.003329,-0.035784,0.010233,-0.003050,0.017742,0.000593,-0.025600,0.054199,0.021458,0.065705,-0.013495,-0.026109,-0.000774,0.091218,-0.000550,-0.006164,0.000100,
-0.000000,-0.056356,-0.018076,-0.018182,0.069152,-0.014665,0.015075,-0.099001,-0.027517,-0.004379,-0.003160,0.037652,0.037684,0.000618,-0.000046,0.006489,380.859509,-0.000487,0.009428,0.009989,-0.002157,-0.002564,-0.012995,0.070964,-0.004432,-0.009130,-0.099696,0.024806,-0.074720,-0.001001,-0.000991,0.001754,-0.002605,0.027875,0.015816,-0.002796,-0.006055,-0.052539,0.022658,0.002582,-0.001042,-0.038082,0.025805,-0.052052,-0.006164,-0.011872,0.032848,-0.023698,-0.051733,-0.045739,0.002006,-0.048869,-0.019262,0.031899,-0.010043,0.003650,0.002579,0.009249,-0.026470,-0.000601,-0.032302,0.008858,-0.052159,0.033470,0.033128,-0.000074,-0.070197,0.008591,-0.000993,0.091224,0.095702,0.001875,0.006246,0.002604,-0.007832,0.063091,-0.047924,-0.028302,-0.013831,-0.025820,0.002861,-0.037270,0.057724,0.046516,0.031185,-0.020095,0.057165,0.010963,0.003944,-0.004076,-0.000714,0.064406,0.048086,0.022243,-0.044016,-0.056454,0.001327,0.001868,0.084908,0.064695,0.000640,-0.008730,-0.012272,-0.098283,-0.000031,0.022803,0.006617,0.031192,0.035837,0.042496,-0.000618,-0.028851,0.049780,0.013942,-0.001492,-0.021858,0.015428,-0.060607,0.033100,0.087968,0.036084,-0.000226,0.007074,0.015989,-0.000030,0.001874,0.077610,-0.000269,-0.057404,0.000443,0.029580,0.000349,-0.047895,0.002766,-0.012528,0.000299,0.043434,0.000007,0.017334,-0.077221,0.000405,0.073819,0.001084,0.017909,0.079542,0.088419,0.062897,0.094941,-0.092398,0.017245,-0.037031,0.018499,0.000337,0.021791,-0.001598,0.000005,0.001345,0.042814,-0.006649,-0.050993,0.012870,0.017174,0.060041,-0.001873,0.011489,0.004467,0.069638,-0.054154,0.037759,0.000000,0.021180,-0.036264,0.008645,0.035510,-0.076427,-0.002545,-0.000164,0.039152,-0.006235,0.034654,0.000103,-0.008139,0.000070,0.046642,0.001879,-0.009766,-0.000961,0.011472,-0.003880,0.024405,-0.063255,-0.003761,-0.000130,-0.000021,-0.023045,0.046317,
0.083466,-0.035924,-0.000267,-0.022390,0.008710,0.000333,-0.051411,-0.054529,0.000005,-0.000296,0.000869,-0.016107,0.000058,0.022650,-0.000329,0.000123,-0.000487,1828.520607,-0.095280,0.023525,0.006773,0.041624,-0.063313,-0.016178,0.015349,0.023257,0.001876,0.059683,0.010699,0.049271,-0.072263,-0.000124,-0.009486,-0.013777,-0.065496,-0.040398,0.057529,0.004646,-0.049049,-0.047844,0.083993,0.016119,0.016979,-0.014435,-0.001057,-0.000063,0.002950,0.081858,-0.064619,0.000665,0.001538,-0.013379,-0.032550,-0.000180,0.008193,-0.000720,-0.001183,-0.052555,-0.004074,-0.014907,0.086956,-0.015442,-0.017183,-0.004240,-0.027023,-0.057168,-0.007883,-0.012826,0.089319,-0.006606,0.034047,0.019417,-0.000276,0.000485,-0.015314,0.002888,0.056769,-0.011502,0.072559,0.022205,0.023373,0.000927,-0.021998,0.062064,0.040753,-0.078750,0.054492,0.001330,0.000040,0.025838,0.007366,-0.037870,0.013626,0.055476,0.021953,0.095822,0.000001,-0.013309,-0.011404,0.038996,0.000200,0.000482,-0.043154,0.095536,0.007381,0.009605,-0.068079,0.037230,0.003977,-0.028317,0.003858,-0.000592,0.007514,-0.000194,-0.046379,0.006088,0.003501,0.000517,-0.002540,-0.070330,-0.008945,0.000963,-0.001216,0.006193,0.030639,-0.030313,0.000000,-0.035828,-0.000466,0.000946,-0.043934,0.005299,-0.000380,0.001620,0.056553,-0.006605,-0.031153,0.006951,0.019249,0.053078,-0.007957,0.014797,0.062501,-0.002306,0.088774,0.000012,-0.049128,0.000057,0.039050,0.000732,-0.025034,-0.037574,-0.000629,0.089289,-0.013656,-0.098683,-0.074214,-0.000085,0.025400,-0.065925,-0.000632,-0.014646,0.008076,0.003534,-0.002485,0.080533,-0.065790,-0.001816,-0.002404,0.000002,0.041624,0.046392,0.016960,0.002940,0.043208,-0.000077,0.085550,0.030878,0.006697,0.066550,0.000255,-0.000320,0.003655,0.058801,0.008951,0.003955,0.035236,0.029324,0.034037,0.006766,-0.025607,0.040082,-0.000001,0.009130,0.000000,0.030739,
0.099462,-0.017303,-0.000671,-0.000426,0.002243,-0.024943,0.000016,0.030973,0.019913,0.032381,0.049938,0.063860,-0.019843,-0.001868,0.006718,-0.068583,0.009428,-0.095280,85.394200,0.002171,0.051126,0.000952,0.001825,0.003365,0.006354,0.027115,-0.085281,0.034232,-0.016348,0.000665,-0.002080,0.048091,0.002981,0.010863,0.055256,-0.011369,0.067716,-0.000923,-0.008934,-0.065634,-0.028838,-0.000645,0.009119,-0.060366,-0.041605,-0.006766,0.062582,-0.025438,-0.032234,0.062189,0.029507,0.051379,0.031412,0.024859,-0.003798,-0.022951,0.001636,-0.024545,0.002815,-0.067037,0.002393,0.090794,0.021460,0.009174,0.020429,0.021289,-0.049798,-0.082080,0.000001,0.099902,0.088970,0.093108,-0.086803,0.005304,0.040310,-0.088075,-0.028986,0.001496,0.014839,0.002094,0.069181,-0.000614,-0.046422,0.000319,-0.011761,0.065121,0.059227,0.063140,0.001483,0.000621,-0.065385,-0.028761,0.042886,0.010587,-0.066223,0.051721,0.088951,-0.063494,0.019041,-0.032081,-0.007181,-0.000890,0.006879,0.089330,-0.000985,0.027030,-0.008548,-0.014232,-0.067712,-0.000004,0.051547,0.019121,-0.070957,-0.032721,-0.086924,-0.006637,0.066357,0.005946,0.052847,-0.050226,0.031329,0.057331,0.009185,-0.025776,0.004057,-0.001055,-0.069429,0.017972,0.000631,0.000510,0.032766,0.065839,0.087850,-0.002420,-0.050800,-0.000069,0.018817,0.000543,-0.082629,-0.018982,0.003814,-0.030856,-0.051728,0.031766,0.000545,-0.084354,0.090557,-0.013276,-0.000108,0.003414,-0.057332,0.036048,0.000103,0.005562,0.098399,-0.000833,-0.000163,-0.002182,0.051717,0.058406,-0.094603,-0.008112,-0.050626,0.091756,-0.028937,-0.005580,0.009841,0.001957,0.007455,0.015485,0.009133,0.013055,-0.030565,-0.001678,-0.051697,0.091139,-0.027905,-0.014898,0.001561,-0.030459,-0.000150,-0.001151,-0.072546,0.095751,-0.002338,-0.051080,-0.008324,0.011510,-0.000143,0.066599,-0.002352,-0.005414,0.004779,-0.000376,-0.003332,-0.000276,
-0.024474,0.033118,-0.012896,-0.040101,-0.053768,0.030113,-0.003589,0.009106,0.017138,-0.057594,-0.071042,-0.072465,-0.050095,0.004274,0.072369,0.049375,0.009989,0.023525,0.002171,7.488778,-0.000411,-0.076307,-0.026132,0.001812,0.000196,0.045549,-0.013082,0.020865,-0.000045,-0.090191,0.073430,-0.023662,0.008398,-0.024953,-0.010092,-0.005652,-0.046223,0.082153,0.052051,0.015127,0.064112,0.080437,0.003357,0.021485,0.008537,-0.012548,-0.003723,-0.044297,0.072177,-0.093120,0.008370,0.020284,0.051097,0.043311,-0.081762,-0.023051,0.050156,-0.035887,-0.007255,-0.038952,-0.007239,0.030846,0.026907,-0.089577,0.049604,0.085968,-0.040941,0.023961,0.025807,0.007603,-0.015190,-0.029919,0.009850,-0.070049,0.049654,0.017385,-0.070325,0.091955,0.078322,-0.010742,-0.058262,0.011532,0.008395,0.017455,0.093853,0.012402,-0.051972,0.023255,-0.027910,0.030973,-0.014612,0.079015,0.030785,0.003822,-0.064358,-0.020588,-0.009012,0.001335,0.071295,0.006064,0.009114,-0.019482,0.066458,0.085489,-0.062526,0.010258,0.031879,0.005234,0.064333,0.099060,0.056539,0.008590,0.029968,0.055971,-0.059791,0.045420,0.006134,-0.083380,0.050150,0.006417,0.032086,-0.023278,0.008506,0.011370,0.061660,0.022179,-0.003225,0.007569,0.099632,-0.040158,-0.001579,0.013495,-0.057803,0.053020,-0.033297,-0.036292,0.039294,0.018773,-0.014241,0.039576,0.007793,-0.016652,-0.018870,-0.060943,0.062536,0.042251,0.091366,-0.051674,0.014466,0.010097,0.020814,-0.005837,-0.032327,0.048539,-0.046157,-0.063106,-0.004912,-0.000628,0.001208,-0.059634,0.005991,-0.001624,-0.066489,-0.011307,0.068923,-0.022239,-0.040713,0.000324,-0.019809,0.000617,0.056248,0.056015,-0.002298,0.025216,0.000000,0.083412,0.004181,-0.040450,0.070669,0.066003,-0.003553,0.007451,0.007258,-0.045902,0.023573,0.004285,-0.005622,0.037081,-0.093547,-0.094878,-0.060165,0.001146,-0.036298,0.000841,0.018802,0.002238,
-0.075573,-0.067048,-0.064282,0.002302,0.000801,-0.001276,-0.002052,-0.015371,0.000864,0.047069,0.006118,-0.038791,-0.003770,0.011027,0.054541,-0.088591,-0.002157,0.006773,0.051126,-0.000411,15.077649,-0.066028,-0.012582,-0.030747,0.055373,-0.057370,-0.061186,0.009264,0.000090,0.018437,-0.027440,0.018847,-0.000364,0.063770,-0.000374,-0.092757,0.008805,-0.047982,-0.000019,-0.015376,0.026361,-0.002831,-0.024091,-0.002603,-0.013378,0.004126,-0.011210,-0.026117,0.031920,-0.000124,-0.025589,-0.000650,0.092027,-0.073037,-0.015519,-0.053018,-0.001018,-0.093198,0.025155,0.019042,-0.001883,0.004696,0.004669,-0.025644,-0.079909,-0.001754,0.088594,0.072916,0.015442,-0.004243,-0.012899,-0.024146,0.007511,-0.038596,-0.097533,0.005205,0.022876,0.012555,0.071513,-0.004899,-0.003150,0.000634,-0.040618,0.078082,-0.018246,0.065967,-0.098202,-0.002167,-0.007535,-0.004886,0.099509,0.029108,-0.079672,0.083933,0.003093,-0.039155,0.008148,-0.069846,0.041691,0.052015,-0.048443,-0.014303,0.061419,0.014421,0.053121,-0.000621,-0.004948,-0.057237,-0.035316,0.036742,-0.064315,0.068947,-0.023894,-0.000701,-0.051667,0.006209,-0.029604,0.088729,0.030030,-0.027250,0.059091,0.000376,0.007573,0.023137,-0.028981,-0.003336,-0.081491,0.013400,-0.007436,-0.067051,-0.020471,-0.015513,0.017137,-0.001649,0.041590,-0.007298,-0.008333,-0.001969,-0.046651,-0.000115,-0.094997,0.000089,0.050695,0.017760,0.028803,-0.069901,-0.023493,0.030541,0.037050,-0.025933,-0.010110,0.019096,-0.016632,-0.002247,0.038016,0.000671,-0.000346,-0.003063,0.011172,-0.063297,0.030308,0.063870,0.072402,0.093796,0.002099,-0.067377,0.002642,0.038626,-0.022392,-0.017495,-0.014471,0.014672,-0.001215,0.035376,0.003833,-0.001200,-0.035055,-0.029397,0.006531,0.000934,0.000000,-0.000926,0.020144,-0.014745,-0.022887,0.051900,0.023345,-0.080306,0.010581,0.000001,0.041247,0.012847,-0.046356,0.075458,0.034446,-0.001159,
