467.992383,-0.034952,0.076628,-0.043242,-0.002351,-0.071434,0.041920,-0.036422,-0.000210,-0.002342,-0.003310,0.028772,-0.002032,0.048812,-0.020006,-0.013684,0.000320,-0.004595,0.000913,-0.009983,0.022583,-0.040150,0.034048,-0.087655,-0.044447,0.007331,0.020861,0.001704,-0.001211,-0.072019,0.019212,0.005745,-0.000005,-0.001776,0.021065,-0.000098,0.008050,0.005108,-0.000015,-0.028626,0.000059,-0.001684,0.000697,-0.018556,-0.000045,0.003432,-0.027342,0.071270,-0.006885,0.005463,0.003941,0.001111,0.022020,0.022919,0.001858,0.000202,-0.035437,-0.011358,0.002586,0.033681,-0.001398,-0.021936,0.017579,0.002235,-0.050792,0.021136,0.082780,-0.003913,0.043463,0.006544,-0.003143,0.015679,-0.013406,-0.019187,0.002953,0.000002,-0.000075,0.010520,0.026629,0.074769,0.000082,-0.003727,-0.044998,-0.062606,0.003792,-0.002309,-0.086030,0.022587,0.005106,0.048547,-0.022057,0.028881,0.000445,0.019040,-0.005964,-0.013008,0.000109,-0.085500,-0.004080,-0.073350,0.009120,-0.012190,-0.011502,-0.009746,0.012372,-0.015628,0.001193,-0.000527,0.000034,0.086595,0.079467,-0.011461,0.017422,0.000747,0.098138,-0.030869,-0.060503,-0.020934,-0.001107,0.054501,-0.010381,0.008320,0.003568,0.038130,0.002231,-0.037242,-0.017464,0.057367,0.031713,0.019818,0.031237,0.046271,0.082754,0.002594,0.003088,0.018828,0.004770,0.012501,0.025704,-0.020047,-0.000176,-0.000526,0.001157,0.000011,0.003438,-0.000666,0.056199,-0.003821,0.033532,-0.088686,0.004256,-0.000019,-0.015787,-0.018716,-0.064168,-0.003553,0.005821,0.047599,-0.002189,0.000000,-0.000000,0.085917,-0.013102,-0.079405,0.006494,-0.030328,0.006072,0.006753,0.001165,-0.000003,0.035003,-0.025404,-0.009009,-0.038471,-0.067038,0.004117,-0.005408,-0.019027,-0.025558,0.012892,-0.005491,-0.000027,-0.000951,-0.095900,0.001383,-0.005243,0.005747,-0.064441,-0.000019,-0.022507,0.015372,-0.041101,0.026983,-0.005848,-0.000681,0.032913,
-0.034952,2.016371,0.083091,-0.022179,0.014867,-0.064108,-0.059691,0.074238,-0.075357,0.006873,0.021617,0.026255,0.060643,-0.002585,-0.007681,-0.010874,-0.016430,0.010923,-0.005641,-0.017272,-0.064503,-0.006273,0.020192,0.000954,0.037049,-0.019883,-0.004203,0.000636,-0.007504,0.059042,-0.080420,-0.008259,-0.051693,0.052077,-0.002803,-0.035743,-0.026030,-0.099552,-0.002590,-0.015727,0.003682,-0.049560,0.002462,0.006037,-0.019169,-0.023130,-0.017229,-0.095028,0.080672,0.021208,0.037369,-0.079172,0.071271,0.002541,0.091066,-0.003363,-0.094187,0.037956,0.061111,-0.049593,-0.044393,0.017420,-0.016430,-0.041647,-0.000411,0.000446,0.004700,-0.017886,-0.033358,0.000111,0.094847,0.014245,0.046722,-0.084263,-0.001378,0.007592,-0.035225,-0.052487,0.008042,-0.019811,0.031697,-0.006620,-0.026977,0.061857,0.036606,0.014758,-0.085735,-0.039257,0.045591,-0.009671,-0.071005,0.004153,-0.039051,-0.038413,0.008104,0.064924,-0.001248,-0.060278,0.000244,0.001086,-0.015932,0.091988,-0.027856,-0.023299,-0.050650,0.000000,0.087149,0.056288,-0.018088,-0.045807,-0.020053,0.003053,-0.004816,-0.000452,0.002317,0.068930,-0.075283,0.003221,-0.049881,-0.087038,0.044391,-0.020765,0.037220,-0.021440,-0.012912,0.074615,-0.061335,-0.014932,-0.000464,0.037116,-0.063699,0.006335,-0.015202,0.043994,0.008577,0.017202,0.015796,-0.081267,-0.042622,-0.019637,-0.011812,-0.027486,0.011078,0.070694,-0.030485,0.012306,0.017054,0.010559,0.027445,-0.002660,0.023094,0.031495,0.019353,0.008360,-0.088368,-0.039501,0.058449,-0.023089,0.072606,0.000000,0.051522,0.086198,0.012116,0.019092,-0.073364,-0.003726,-0.039705,0.034688,-0.026872,0.005743,0.015159,-0.009615,-0.048664,-0.090978,0.002494,-0.009812,0.020228,-0.083932,0.016946,0.024811,0.020719,-0.001936,0.034530,0.067378,0.041753,0.078081,-0.062654,0.009061,-0.008541,0.040458,0.031086,0.048037,0.077942,-0.013754,-0.063558,-0.050361,
0.076628,0.083091,0.259003,-0.007656,-0.009269,-0.024988,-0.034007,-0.018723,-0.058419,0.069087,-0.035115,0.022013,-0.001685,-0.080561,0.023551,-0.000302,0.090575,0.001043,0.056674,0.002314,-0.052499,0.015901,-0.050186,0.002997,-0.089539,0.032374,-0.017991,0.095941,0.013115,0.050523,-0.041501,-0.003877,-0.051806,-0.029822,-0.043296,-0.009659,0.015087,-0.056844,0.041408,-0.032426,-0.019314,-0.096736,0.029008,-0.032627,0.011440,-0.001755,-0.085592,-0.044793,-0.037135,0.001934,-0.002508,0.079491,-0.002810,-0.012393,0.030689,0.021151,0.002874,0.005488,-0.052983,0.049771,0.005299,-0.051350,0.001388,0.002162,0.030290,-0.054687,-0.073598,0.095174,-0.083650,0.024220,-0.071813,-0.031113,0.008051,0.023192,0.010888,-0.038817,0.058249,0.058833,0.005937,-0.073266,-0.007163,-0.003525,0.009731,-0.045757,-0.008191,0.058186,0.030542,-0.002244,0.016076,-0.056709,-0.040353,0.025788,0.011554,0.012431,-0.090602,0.030932,0.003719,-0.053369,-0.014908,0.059683,-0.000289,-0.032077,-0.045017,0.003088,0.019767,-0.004743,0.067500,0.029242,0.049202,-0.003877,0.044135,-0.027074,-0.046853,0.068046,0.003647,0.098700,0.004933,0.000000,-0.046359,-0.002456,0.087929,0.001510,0.025645,-0.016991,-0.071833,-0.035495,0.034057,0.010932,-0.035302,-0.030746,-0.008129,0.000314,-0.028243,0.055642,-0.034767,0.016763,0.083746,-0.083068,0.003050,-0.020617,-0.003757,-0.000438,-0.049505,-0.030782,-0.046207,-0.000368,-0.055209,-0.000176,-0.024333,-0.057359,0.008333,-0.023543,-0.038143,-0.055402,0.040231,0.007383,-0.065504,0.028741,-0.038667,0.000000,0.062536,0.085652,-0.038451,-0.000421,0.027336,0.032903,0.009312,0.030811,-0.039741,0.001188,-0.024646,0.009704,-0.000852,0.061818,0.001545,0.043962,-0.018015,-0.094188,-0.057137,0.004854,0.045383,-0.070416,-0.071928,-0.002072,0.029284,0.043385,-0.060693,0.015831,0.046316,0.052596,0.040636,0.003024,0.066221,-0.014468,-0.067122,0.035416,
-0.043242,-0.022179,-0.007656,0.032811,-0.000905,0.029565,0.035898,0.014603,0.001008,0.007517,0.027545,0.006044,0.080771,-0.014500,0.000016,-0.008428,0.004297,0.006827,-0.000060,0.045733,0.097087,0.000250,-0.002863,-0.015730,-0.002680,-0.000198,0.007097,-0.000642,0.008203,0.018665,0.011605,0.011355,-0.004281,0.059209,-0.030988,0.014261,0.017680,-0.049699,0.002142,0.011925,-0.012874,-0.012706,0.036520,0.060807,-0.006857,-0.007709,-0.010953,0.011843,0.009749,0.067317,-0.006322,-0.004942,0.080545,-0.000323,0.004347,-0.006921,0.073816,-0.000964,0.096979,-0.000960,0.001560,0.001897,-0.013648,0.008969,-0.001754,0.025222,-0.068773,-0.008427,0.009269,0.004192,0.033910,-0.008448,-0.017987,0.015631,-0.042855,-0.007409,-0.000642,-0.041612,0.001546,0.032983,0.021481,0.009922,-0.002520,0.000848,0.067397,0.001012,0.033390,-0.019091,0.000410,0.090810,0.003297,-0.004933,-0.000085,0.000337,-0.000013,-0.003243,-0.009408,0.000029,0.013663,0.003050,-0.039104,-0.003824,-0.032728,-0.009607,0.003110,-0.003664,0.011517,-0.003240,0.012055,0.040331,-0.018618,-0.043968,-0.035046,-0.000332,-0.000084,-0.000147,-0.068004,0.006610,0.075947,0.090596,-0.005434,-0.001127,0.039255,-0.005740,0.027319,0.000002,0.073128,0.002944,0.010067,-0.007796,-0.006647,-0.000513,-0.027407,-0.048438,0.013727,-0.002124,-0.082479,-0.004639,-0.006934,-0.033626,0.003050,-0.017514,-0.036194,0.002042,0.005123,0.007854,-0.010629,-0.074136,0.000018,0.000944,0.009708,0.001954,0.030277,-0.000151,-0.007929,-0.000474,-0.093007,-0.013386,-0.004033,0.000000,0.070940,0.003889,-0.040999,0.018005,-0.002964,-0.010304,0.061021,0.002593,-0.000601,0.013548,0.000891,-0.015784,0.008234,0.017074,0.026331,0.001229,0.042605,-0.004191,0.003839,-0.000771,0.008426,-0.020788,-0.027928,0.004417,-0.003280,0.062215,-0.012375,0.064923,0.016762,0.020081,0.049178,0.082825,-0.034755,0.011780,0.013937,-0.016593,
-0.002351,0.014867,-0.009269,-0.000905,42.237901,0.095618,-0.041574,0.001772,-0.055926,0.001922,0.088804,-0.029099,-0.002182,0.085394,-0.007079,0.000510,0.015435,0.001046,0.008617,-0.064294,-0.013457,-0.017229,-0.011259,0.005393,0.062464,-0.099241,-0.000000,-0.044338,0.006553,0.040430,-0.048925,-0.078024,-0.002695,0.046438,-0.000392,-0.004334,-0.062126,0.010239,0.012680,0.078205,-0.087951,0.000361,-0.028167,-0.082718,-0.000243,-0.002430,-0.075017,-0.044819,0.003623,0.009829,-0.038360,-0.009401,0.003383,0.002782,0.015406,-0.049442,-0.001196,-0.006452,0.011808,-0.002292,-0.058416,0.005860,-0.076034,-0.098738,0.057843,-0.001236,0.039014,0.002841,-0.012559,0.000965,-0.098738,0.063654,-0.034705,0.018664,0.016094,-0.056456,-0.021402,-0.001054,-0.047645,0.006414,-0.004147,0.000129,0.001403,0.017938,-0.005549,0.006404,-0.030058,0.012126,-0.047422,0.020537,-0.041654,0.005679,-0.000800,0.054266,-0.035007,-0.089863,-0.003457,-0.000230,-0.001662,0.001112,0.062002,0.057550,-0.078958,-0.032212,0.041958,-0.070057,0.042567,0.005744,0.000723,-0.079340,0.008593,-0.056149,0.000237,0.049041,0.087973,0.001379,0.063607,0.016268,-0.079751,-0.036737,-0.090965,0.001511,0.040823,-0.005566,0.052314,-0.004379,-0.041804,-0.023437,0.055741,0.041059,0.040251,0.009455,0.017759,0.049493,0.007438,0.001032,-0.000197,0.013512,0.003238,-0.000038,0.001520,0.082985,0.007300,-0.002096,-0.001752,0.001157,0.012877,0.021991,0.011332,0.022326,-0.007558,-0.002597,0.095000,0.049728,0.013390,0.003713,-0.006566,0.017885,0.005634,0.000000,0.000218,0.003910,0.002754,-0.000828,-0.066521,-0.003161,-0.039722,-0.025236,0.042644,-0.000527,0.058413,0.082969,0.000253,0.087571,-0.033106,0.005905,-0.058909,-0.052685,-0.000673,-0.009190,0.000993,0.000868,-0.000449,0.004309,0.021386,0.002758,-0.005992,0.002294,-0.072739,0.009940,0.091650,-0.003369,-0.012284,0.015015,0.056893,0.022146,
-0.071434,-0.064108,-0.024988,0.029565,0.095618,6.887576,-0.003257,-0.056421,-0.048385,-0.028039,0.018269,-0.011203,0.051816,0.048387,0.000908,0.000698,0.003106,-0.015668,-0.075514,0.018391,-0.000268,-0.004666,-0.030839,-0.050316,-0.003923,0.013748,-0.009320,-0.084330,0.003243,0.027791,-0.003554,0.014892,0.010366,-0.021971,0.000160,0.031816,0.061071,0.057821,-0.070009,0.042158,0.007316,0.044320,-0.031769,-0.014147,0.026714,-0.002256,-0.060445,-0.011382,-0.044326,-0.037970,-0.089891,0.009879,-0.041036,-0.006246,-0.019002,-0.077608,0.002153,-0.010095,-0.015405,0.015569,-0.089032,-0.029957,0.010998,0.041297,-0.013624,-0.009004,0.076518,0.044173,-0.006638,-0.010412,-0.028334,0.041192,0.001370,-0.048923,0.006515,0.001915,0.069804,0.043685,0.046782,-0.008104,-0.035709,-0.041296,0.005811,-0.022736,-0.089172,0.025963,0.005895,-0.037641,-0.082834,-0.025496,-0.097366,-0.000059,0.021869,0.004332,-0.098439,0.004174,0.042066,0.019702,0.027468,-0.099434,-0.060699,-0.021263,0.026515,-0.008266,-0.023469,0.047163,0.010164,0.037725,-0.089556,0.026793,-0.016067,-0.025263,0.092279,0.015984,0.075623,-0.001944,0.005809,-0.010196,0.093457,0.003645,0.044777,-0.094858,0.005934,0.039990,-0.020237,0.040065,0.012565,0.076180,-0.013576,-0.050521,0.000379,0.003190,-0.050160,-0.057153,-0.043743,0.005209,0.051658,-0.081581,-0.019395,-0.099975,-0.048669,0.047678,0.010184,0.061015,-0.060016,-0.035803,0.006773,0.039120,-0.007085,-0.048482,0.024431,-0.013253,0.021619,0.099739,-0.058864,0.041396,-0.025981,-0.099783,0.029778,0.000000,-0.053262,0.001289,0.014491,-0.030955,-0.001602,0.059592,0.070920,0.069228,-0.087846,0.060399,-0.074215,0.003193,-0.005490,-0.066574,0.037153,0.001212,-0.000011,0.073270,0.084403,0.020191,-0.020454,0.005713,-0.030236,0.098224,-0.037374,-0.012850,-0.055665,-0.081210,0.009769,-0.029731,-0.005475,0.018195,-0.021675,-0.053881,0.000121,0.031424,
0.041920,-0.059691,-0.034007,0.035898,-0.041574,-0.003257,16.066253,-0.086024,0.006680,0.020691,0.023356,0.069344,0.001739,-0.002197,-0.012796,-0.034199,-0.062512,-0.000015,-0.007793,0.072810,-0.048091,-0.021003,-0.098993,-0.080482,-0.081665,-0.005643,0.000087,-0.027381,0.040166,0.008556,0.020003,0.000207,-0.001728,-0.014873,0.078552,0.048870,-0.043119,0.089919,0.040672,-0.015117,0.058368,-0.077276,0.041883,0.012281,0.051934,-0.004400,-0.035941,-0.029277,-0.085146,-0.070991,0.061018,0.040059,-0.083776,0.002121,0.000501,0.009384,0.008594,0.055475,0.040080,0.067371,0.004434,-0.007749,-0.008365,-0.096436,0.000527,0.021312,0.000005,0.055102,-0.058359,0.000930,0.015555,0.018036,-0.022210,0.052980,0.070489,0.056598,0.020044,0.040791,0.021820,0.008305,-0.011560,-0.038904,-0.020324,-0.018815,0.005199,0.000749,0.073925,-0.036735,-0.011883,-0.034380,-0.038710,-0.047241,0.025015,0.007892,0.012399,-0.022507,-0.089918,0.019857,-0.087901,-0.064253,-0.002885,0.000408,0.021842,0.063677,-0.092792,-0.035705,-0.006937,-0.006216,0.001916,-0.001846,-0.071814,0.000332,-0.001666,0.003817,0.086148,-0.047941,0.070063,0.010987,-0.002001,-0.002811,-0.003003,-0.000462,0.066105,0.020546,0.091973,0.083301,-0.014279,0.045981,-0.023227,-0.083319,-0.002388,-0.011500,-0.018036,-0.034794,0.093466,-0.010313,-0.037646,0.091167,-0.023209,-0.093652,-0.009207,-0.023200,0.039497,-0.042666,0.006059,-0.000295,-0.030355,-0.055874,-0.016149,0.021331,0.026953,0.014768,-0.050058,-0.007780,0.076342,0.000674,0.073703,-0.008907,-0.082731,0.000000,0.000010,-0.021546,-0.040596,0.000461,0.033395,0.000048,-0.036530,0.008414,-0.000559,-0.009226,0.079659,0.002808,0.001780,0.025611,-0.012482,-0.010162,0.000133,0.000250,-0.016686,0.000084,0.007815,-0.009147,-0.093757,-0.002461,-0.001294,0.001053,0.005699,-0.024772,0.049319,0.002695,0.043712,0.039563,0.056673,0.000184,-0.000518,-0.068161,
-0.036422,0.074238,-0.018723,0.014603,0.001772,-0.056421,-0.086024,0.060935,0.014605,0.094318,-0.006797,0.010907,0.016525,-0.002664,0.007257,-0.015351,0.012322,-0.018584,0.008108,-0.025831,-0.001409,0.006126,0.019057,-0.027015,0.087707,0.082648,0.004751,0.038958,-0.007430,0.040887,-0.017570,0.007249,0.017481,-0.011251,-0.045654,0.011271,-0.030261,-0.014271,0.018270,-0.004014,0.085210,0.002555,-0.037357,-0.004452,-0.010480,-0.019448,0.012223,0.042000,-0.022587,-0.003386,0.004952,0.051787,0.072901,0.059797,0.012505,0.020196,0.035094,0.000945,0.012749,0.012851,-0.052447,0.039965,0.025672,0.004773,0.031853,-0.034473,0.003858,-0.024920,0.012897,-0.012958,-0.000758,-0.020961,0.086239,0.078834,0.001250,0.022847,0.002518,-0.037091,0.002864,-0.018308,0.008337,-0.077215,-0.010828,0.048094,0.007421,0.000866,-0.006940,0.000090,-0.057422,0.006247,0.030945,-0.007963,0.037780,0.009972,0.021443,-0.010939,0.030572,0.022675,0.006985,-0.001366,0.015799,0.010646,0.039088,-0.010248,-0.034026,-0.013327,0.000006,0.002011,-0.033023,0.007487,-0.000454,-0.011908,0.095868,0.049699,-0.095423,0.058517,-0.004962,-0.039886,0.083637,-0.089298,0.030781,-0.000000,0.032050,-0.017472,-0.000383,0.067241,-0.008171,-0.004523,-0.004366,-0.005923,-0.008452,0.000342,-0.043903,-0.032720,-0.000109,-0.002083,0.000401,-0.000788,0.000224,-0.085341,0.004701,-0.006809,-0.014968,0.074186,-0.041595,0.000953,-0.008210,-0.054243,-0.000052,0.074715,0.004526,-0.004214,0.016617,-0.008222,-0.012766,0.002327,0.004027,-0.004368,0.009982,0.000000,-0.025457,0.007335,-0.039542,0.013245,-0.052597,-0.008481,-0.063351,0.003323,-0.007756,0.000964,-0.022109,-0.017397,0.080245,0.065774,0.035810,0.081964,-0.006627,0.009363,0.080464,0.001005,-0.007527,-0.076333,-0.016585,0.007420,-0.042333,-0.007453,-0.003905,0.000251,0.056820,0.007110,0.076964,-0.080874,-0.038928,0.015547,0.001934,-0.026227,
-0.000210,-0.075357,-0.058419,0.001008,-0.055926,-0.048385,0.006680,0.014605,546.528664,0.005053,0.009762,-0.000615,-0.010627,-0.019264,0.003247,-0.037316,-0.001042,0.002344,-0.082522,-0.004200,0.031330,0.053006,-0.010125,0.022916,-0.074037,0.031834,-0.002358,0.075613,-0.002496,0.070403,0.001047,-0.000469,-0.006720,0.014593,0.016807,-0.006396,0.077110,-0.000168,0.001390,-0.029639,-0.000032,0.006812,-0.000657,-0.022395,-0.032238,0.024481,0.048086,-0.090441,0.007015,-0.003083,0.015995,0.055225,0.017213,0.062159,-0.000700,0.000079,-0.012622,0.005418,-0.015549,-0.004488,-0.028861,-0.082117,-0.018522,-0.024392,-0.003573,-0.094983,0.032469,-0.057214,0.032105,0.016042,-0.085324,-0.008850,0.021625,-0.007549,0.011248,0.061384,-0.002289,-0.005033,-0.000447,-0.085585,0.037067,-0.051230,-0.009237,0.016262,0.006391,-0.001226,-0.012534,-0.029227,-0.001604,0.027124,0.001074,-0.008216,0.000025,0.042378,-0.003195,-0.008404,0.030285,-0.043058,-0.018888,0.027542,0.092427,0.000451,-0.027360,0.004032,-0.000886,-0.043005,-0.051855,-0.001007,-0.000033,-0.067995,0.029613,-0.048710,0.000511,0.002836,-0.058917,-0.009525,0.000006,0.078727,0.001679,-0.086732,-0.000113,-0.018481,-0.016883,-0.054000,-0.017953,0.000133,0.023176,-0.005173,-0.035440,-0.000012,0.066352,0.081107,-0.010279,-0.006891,0.004012,0.008277,0.010611,0.013847,0.014611,-0.003890,0.000439,0.001724,-0.000581,0.001108,0.045822,0.000990,0.062876,0.083134,0.012700,-0.003195,0.002020,-0.039037,-0.045440,-0.002620,0.002473,0.001300,0.069391,0.032836,0.049611,0.000000,-0.054264,0.050513,0.000044,0.013532,0.053738,-0.000786,-0.000520,0.059980,-0.000004,0.000044,0.047869,-0.000016,0.000041,-0.004896,-0.062433,0.091368,0.044431,-0.008302,0.002537,0.038781,0.070909,-0.000530,0.089040,-0.009737,-0.064981,0.000123,-0.016110,0.016849,0.003467,-0.092675,-0.000028,-0.034959,0.080034,0.000886,0.038329,-0.011335,
-0.002342,0.006873,0.069087,0.007517,0.001922,-0.028039,0.020691,0.094318,0.005053,407.774288,0.093713,-0.004916,0.022475,0.000737,-0.000621,0.008323,-0.001685,-0.016956,0.050677,0.000502,-0.060179,0.054958,-0.024898,-0.000192,0.061226,-0.089058,-0.017911,0.051631,0.026553,-0.004581,0.006418,-0.002528,-0.000012,-0.007798,-0.033132,0.015338,0.011042,0.081325,-0.004313,-0.047014,0.008564,-0.034701,-0.000039,-0.003135,0.014357,0.000240,-0.040162,-0.006374,0.000746,-0.068696,0.058081,0.000314,0.003509,0.006370,0.005806,0.016238,0.037153,0.005384,-0.001134,0.068795,-0.050279,-0.062339,0.068731,0.005897,0.048144,0.010524,0.010072,0.008360,0.003702,0.009566,-0.086959,-0.049906,-0.010720,-0.004112,-0.000000,0.000034,-0.011624,-0.017879,0.036313,-0.055479,0.059885,-0.002214,-0.032936,-0.003890,-0.038787,0.001061,0.090208,-0.090166,-0.002385,-0.046647,0.006829,-0.032867,0.034322,-0.009883,-0.000589,0.024339,0.000096,-0.091418,-0.001411,0.035727,-0.045347,0.050950,-0.047135,0.027393,-0.091083,-0.008300,-0.002503,-0.021627,0.000392,0.015095,-0.037896,-0.046791,0.000210,-0.005378,0.016993,0.093642,-0.004345,-0.000558,0.087602,0.036819,0.000644,-0.058547,0.007001,-0.054445,0.076759,-0.057096,0.094952,0.018754,0.055322,-0.086421,-0.024639,0.000037,-0.028777,0.053064,0.027538,-0.014438,-0.044602,-0.023072,-0.046813,0.033004,-0.022909,-0.096771,-0.000020,-0.002322,0.000823,-0.002705,-0.020766,-0.007110,-0.002861,0.004685,-0.055297,-0.081812,0.003605,0.045882,-0.059737,-0.000327,0.028593,0.046021,0.038615,0.000000,0.000192,-0.000644,-0.030463,0.002195,-0.089373,0.000427,0.018176,-0.065293,-0.000354,-0.001482,0.019461,-0.004724,0.002402,-0.001674,0.013244,-0.070415,0.001345,-0.038202,-0.000477,-0.060651,-0.091205,0.063406,-0.086156,-0.019278,0.000083,-0.000984,-0.004301,-0.076536,0.000180,0.040946,0.000756,0.019032,-0.000692,-0.021743,-0.000543,-0.019970,
-0.003310,0.021617,-0.035115,0.027545,0.088804,0.018269,0.023356,-0.006797,0.009762,0.093713,8.234517,0.078753,0.038847,-0.005460,-0.048727,0.000211,0.006921,0.009397,-0.095937,-0.006524,0.027648,-0.002010,-0.052933,0.087364,-0.010830,0.004447,0.022709,-0.050902,0.023789,0.074949,0.000091,0.009570,-0.000571,0.048177,0.029048,0.000000,-0.027916,-0.075830,0.001789,0.083507,-0.005916,-0.026269,0.038792,-0.076071,-0.085209,0.034475,-0.008647,-0.042828,-0.005030,0.020653,0.000543,0.011840,0.065615,0.026950,0.076604,-0.006080,-0.001246,0.000876,-0.074704,-0.031554,0.000338,-0.005713,0.083233,0.052213,-0.070454,-0.079589,0.026306,0.050046,-0.013941,-0.056289,0.057637,0.045333,0.031109,-0.056946,-0.000237,0.012673,0.038495,-0.040363,0.073249,-0.006752,0.010145,-0.075828,0.017515,-0.005597,0.053390,-0.041895,-0.026537,0.047701,0.090331,-0.035684,0.065760,0.056202,0.008664,0.037344,-0.032730,-0.030520,-0.009663,-0.030041,-0.000152,0.056947,0.017918,-0.027352,-0.040105,0.037234,0.000725,0.026730,0.054594,-0.006205,-0.021622,-0.021025,0.020733,0.057119,0.001040,-0.011201,-0.049161,0.029043,-0.031730,-0.080372,0.022639,-0.077394,0.001100,-0.041059,-0.020021,-0.068177,-0.063523,-0.024603,0.004461,0.038339,0.008786,-0.008759,-0.063494,-0.015370,-0.031611,0.040952,0.034493,-0.009340,0.027579,0.002717,-0.007702,0.000027,-0.003719,-0.028555,-0.084017,-0.000222,0.005143,0.030741,-0.059503,-0.024515,0.038886,0.044525,-0.029339,-0.069191,-0.016707,-0.030465,-0.003394,-0.073759,0.048658,0.017242,-0.025607,0.000000,0.011906,-0.008425,0.022198,-0.065090,-0.048085,-0.099857,0.034333,-0.078669,-0.030087,0.039613,0.035262,0.001298,0.096429,0.070350,0.040882,-0.001238,0.001799,-0.009382,0.073631,0.001945,0.002632,-0.018139,0.008094,0.021628,0.006296,0.004776,-0.090280,0.006412,0.008264,-0.068658,-0.030875,-0.002016,0.002728,0.025291,-0.004230,-0.055860,
0.028772,0.026255,0.022013,0.006044,-0.029099,-0.011203,0.069344,0.010907,-0.000615,-0.004916,0.078753,0.256847,0.066233,0.017490,-0.000624,0.018309,0.059599,0.086099,-0.061236,0.000011,0.001531,0.033662,0.040815,-0.000000,-0.052461,0.039523,-0.007770,-0.016341,-0.050908,0.041635,-0.042405,0.000930,0.095942,0.034954,0.026170,0.003258,0.032144,0.001832,-0.082092,-0.005318,-0.062505,0.063611,-0.000064,0.024744,-0.028093,-0.013673,0.008992,0.001541,0.005271,-0.002675,-0.020062,-0.061461,0.000813,0.022393,0.043479,0.074129,-0.005894,0.038808,0.018279,0.030319,-0.094448,0.095599,-0.089708,-0.002568,-0.072418,0.037883,-0.002023,-0.002729,0.000331,0.040378,0.082678,0.023456,-0.050832,-0.001376,-0.098096,-0.029680,-0.000544,0.090902,-0.036326,-0.044674,0.023464,0.004741,0.045345,-0.081245,-0.003303,-0.022857,-0.008412,-0.089497,-0.012086,-0.014342,0.022263,0.038083,0.041871,0.000577,0.015773,0.013144,-0.019320,0.024728,0.003644,0.040748,0.001995,0.015361,0.070295,0.003228,0.056439,-0.005673,-0.037326,-0.026247,-0.083751,-0.096156,0.004945,0.041866,-0.092384,0.066353,-0.018605,0.036970,0.037443,0.004249,0.043139,0.023574,0.046753,-0.077524,-0.006300,0.006972,0.027691,-0.083917,0.011401,-0.002758,-0.057023,-0.023113,-0.016073,-0.001811,0.087781,-0.010130,-0.080692,-0.011378,-0.021189,0.000341,-0.010340,-0.055933,-0.070522,-0.058567,-0.031704,0.004140,0.035175,0.005928,0.082236,0.005464,0.035233,-0.018991,-0.083131,0.026502,-0.020684,-0.050872,-0.031883,0.001620,0.027760,0.028999,-0.000334,0.000000,0.031517,0.009049,0.014056,-0.003321,-0.000267,-0.033689,0.052099,-0.035414,-0.022156,-0.043333,-0.008778,-0.036323,0.058199,0.031797,0.001911,0.020504,-0.013684,0.018091,-0.051106,0.030337,0.005321,-0.001229,-0.049697,-0.027086,0.013252,0.022723,-0.014731,0.091235,0.036414,0.024474,0.002090,0.071888,-0.015791,-0.010676,-0.018862,-0.051283,
-0.002032,0.060643,-0.001685,0.080771,-0.002182,0.051816,0.001739,0.016525,-0.010627,0.022475,0.038847,0.066233,94.331710,-0.011258,0.029380,-0.020405,-0.000300,-0.023783,-0.043633,-0.034326,-0.025593,-0.004824,-0.030201,-0.000253,0.012988,0.006838,-0.043688,0.064834,-0.000241,0.017908,-0.052537,0.000408,0.045957,-0.039084,-0.053940,-0.002913,-0.017640,-0.000193,0.039483,-0.093527,0.001024,-0.001453,-0.007330,0.034874,0.060943,0.045990,-0.026285,0.056468,0.008751,-0.028246,0.003833,0.000047,0.048578,-0.003760,0.009808,0.030424,-0.000361,-0.002974,0.014258,0.027334,-0.087421,-0.034349,0.027566,0.013182,-0.026289,0.030846,-0.077189,-0.035268,-0.048414,0.027253,0.002823,-0.088001,0.015032,0.033572,0.001819,-0.006303,0.002230,0.024619,-0.008745,0.027137,0.096812,-0.008603,0.006649,-0.081881,-0.009593,-0.069951,0.006172,0.056608,0.016714,0.002758,0.000568,-0.031730,0.014065,0.003275,0.005793,0.023427,0.092257,0.017169,0.089301,-0.016133,0.050292,0.017292,-0.085104,0.014777,0.000676,-0.044144,-0.082515,0.018331,-0.000102,0.063325,-0.044060,0.096381,-0.013905,0.034228,0.076434,0.073633,0.000693,0.014868,-0.015721,0.041951,-0.021618,0.083226,0.017653,-0.039660,0.039885,0.064160,0.008861,-0.008868,-0.091589,0.014752,-0.022441,0.000609,0.009398,-0.041359,0.018915,-0.041953,0.006389,0.034086,0.011751,0.007038,-0.026161,0.023360,0.081192,-0.004202,-0.011719,0.080972,0.019823,0.061953,0.000773,0.020435,0.005370,-0.001819,-0.017311,0.001492,-0.020730,-0.009812,0.097194,-0.041851,-0.064747,0.000000,0.009838,-0.081478,-0.045946,-0.093948,-0.055151,0.020252,-0.071938,-0.056455,-0.005470,-0.008672,-0.025389,-0.000307,-0.003048,0.026238,0.060024,-0.096307,0.005334,0.056272,-0.000082,0.040510,0.071390,-0.000332,0.004166,-0.089745,-0.006027,-0.037497,-0.001777,0.008981,-0.014167,0.002283,0.000844,-0.002874,-0.002113,0.003711,-0.000108,0.010111,
0.048812,-0.002585,-0.080561,-0.014500,0.085394,0.048387,-0.002197,-0.002664,-0.019264,0.000737,-0.005460,0.017490,-0.011258,124.480781,0.000330,0.085504,-0.026265,-0.005259,0.000656,0.000653,0.045591,0.039413,0.063299,0.000185,-0.007590,0.000256,0.009588,-0.011605,0.000955,0.064527,-0.083761,-0.000017,-0.007153,-0.066689,-0.010041,0.003138,0.046863,-0.046233,0.091247,0.034652,0.007192,-0.044859,-0.000978,-0.021460,-0.066518,0.000391,0.023067,-0.064893,0.055081,0.039397,-0.028949,0.023791,0.066729,0.018931,-0.002821,-0.043686,-0.067878,-0.002645,-0.000024,-0.046975,-0.029140,-0.002732,0.049049,-0.059036,0.001286,-0.000969,0.089899,-0.008236,-0.063990,-0.024206,-0.025617,-0.045793,-0.042462,-0.040471,-0.006613,0.023631,0.000241,-0.045504,0.003223,0.044837,0.014656,0.020949,0.024109,-0.000126,-0.001048,0.010660,-0.000640,-0.024935,0.090523,0.034355,0.026684,0.013098,0.000177,0.000552,0.000044,-0.006312,0.021605,-0.072638,-0.001600,-0.050348,0.053419,-0.000000,-0.041361,0.001036,-0.022510,0.000739,-0.017403,0.050801,0.016746,0.008008,-0.057031,-0.021289,0.001368,0.001422,-0.000049,-0.007155,-0.000330,-0.001143,0.005207,0.002403,-0.000088,0.000796,0.039108,-0.056200,0.005688,0.001720,-0.003792,0.023347,0.015056,0.006346,0.027252,0.002009,0.011099,-0.011970,-0.009100,-0.023739,-0.000564,0.007740,0.000017,0.078950,-0.015730,-0.005415,-0.023307,-0.001544,-0.032245,-0.015386,-0.070395,-0.013527,0.026186,0.000559,0.066555,-0.039066,0.010974,-0.051205,0.012358,-0.018605,0.088102,0.035875,0.019078,0.000000,-0.000526,0.026861,0.031338,-0.030309,-0.000143,0.000485,0.034708,0.016379,0.000174,0.002101,0.011226,-0.011210,0.008852,0.012256,-0.009691,0.003176,-0.001139,0.064101,0.002096,0.085815,0.028427,-0.032582,-0.053189,-0.000497,0.000951,-0.029752,-0.012100,0.029606,0.000157,-0.022844,-0.010806,-0.001655,0.038998,0.006674,-0.006804,0.000071,
-0.020006,-0.007681,0.023551,0.000016,-0.007079,0.000908,-0.012796,0.007257,0.003247,-0.000621,-0.048727,-0.000624,0.029380,0.000330,90.706761,-0.051279,0.001156,-0.004824,-0.070082,0.000274,-0.069563,-0.005284,-0.087374,0.090065,0.001293,0.002157,-0.001777,0.023346,-0.002152,0.013704,-0.025271,0.001222,-0.012036,0.012800,-0.001626,0.002275,0.024012,0.004248,0.000049,-0.092848,-0.002247,-0.001159,0.000398,0.071565,0.003038,-0.000099,0.088165,0.008034,-0.040019,-0.006253,-0.000000,0.070387,0.004779,0.000867,0.016560,-0.030830,0.000071,-0.000192,0.000547,0.000872,-0.065468,-0.063706,-0.033240,0.023817,-0.004006,0.012850,-0.003030,0.058641,-0.029732,-0.014080,0.011272,0.082687,-0.011947,-0.010438,-0.002538,0.064414,0.007180,-0.021843,-0.039437,0.022889,-0.004350,-0.004408,0.057357,0.091934,0.027798,-0.009085,0.000215,0.074221,0.018038,0.003991,0.032971,0.030352,0.048489,0.086840,-0.045727,0.009721,-0.001324,0.002202,-0.064698,0.000837,0.032485,-0.081101,0.034285,0.003304,-0.072745,-0.037339,0.059421,-0.086716,0.000354,0.038729,0.011306,0.016529,-0.000101,-0.051819,0.046189,-0.019480,-0.061330,-0.000072,-0.050394,0.020550,0.004963,-0.008520,0.042557,0.027286,-0.000104,-0.006282,0.038211,0.000207,0.000136,0.050871,-0.025349,0.054930,-0.021802,0.018794,0.080445,-0.002617,-0.031936,0.050150,0.013220,0.054928,0.000080,-0.001037,0.046513,0.008659,-0.001378,0.003417,0.024831,0.000127,-0.043180,-0.003654,-0.017507,0.004822,0.069774,-0.017640,0.041738,0.005958,-0.024225,0.044540,0.098244,0.000000,0.054726,-0.018569,-0.025111,0.010820,0.005490,-0.020466,-0.093801,-0.068378,0.000640,0.071313,0.024396,0.002568,-0.000816,-0.003383,0.091769,-0.000235,-0.005732,0.000074,0.000289,0.075575,0.020474,0.003782,-0.055659,-0.013625,-0.016088,0.069459,0.019100,-0.094401,-0.003377,0.000122,-0.008160,0.001824,-0.004083,0.075032,0.028090,-0.025473,
-0.013684,-0.010874,-0.000302,-0.008428,0.000510,0.000698,-0.034199,-0.015351,-0.037316,0.008323,0.000211,0.018309,-0.020405,0.085504,-0.051279,1.059735,-0.009055,0.017085,0.021248,0.007441,-0.046116,0.012932,-0.023133,-0.047045,0.026455,0.012332,-0.014279,0.007179,-0.009342,0.013471,-0.020257,-0.000906,-0.006872,0.002029,0.026924,-0.033110,-0.029708,0.015253,0.013104,-0.008051,-0.004219,0.041444,-0.032326,-0.019468,-0.028265,0.028969,0.055962,-0.010124,-0.040469,0.034407,-0.015770,-0.023007,-0.055796,0.002161,0.004897,0.034966,0.058648,-0.071827,0.078570,0.010217,0.010641,0.042197,-0.025040,-0.001972,0.032569,0.041542,-0.035974,0.043473,0.012892,-0.030881,-0.054143,0.001480,0.071231,0.019480,0.008839,0.031607,0.074317,-0.050820,0.028016,0.007584,-0.099912,-0.040987,0.022506,0.037727,-0.011659,0.023338,0.005606,-0.010173,-0.090271,-0.039610,0.041109,-0.003749,-0.016075,0.007487,-0.036608,0.041647,0.038991,0.055307,-0.021212,0.063921,0.050813,0.022185,-0.034669,0.061632,-0.003526,0.071142,0.052905,0.037643,0.090427,0.029793,0.012226,-0.040670,0.014158,-0.062767,0.029291,-0.020624,0.042445,-0.002500,-0.075571,0.039669,0.038497,0.007251,0.064604,0.026841,0.024613,-0.015774,-0.032978,0.029776,-0.024467,-0.017154,0.008661,0.003243,-0.012641,0.046421,-0.029683,0.006688,-0.041679,-0.026461,-0.040156,0.005465,0.012722,0.071593,0.025642,-0.007647,0.016523,0.003445,-0.077622,0.027142,-0.001290,0.082465,-0.031617,-0.019715,-0.066159,-0.055920,0.061682,0.026166,-0.045342,-0.027431,-0.030374,0.000000,0.056993,-0.013284,-0.033108,0.016650,-0.099635,-0.050960,-0.021630,-0.016873,-0.010187,0.023937,-0.050983,-0.011867,-0.037447,0.097047,0.034810,0.047202,0.015465,0.061607,0.000623,-0.035890,-0.024654,-0.002850,-0.040938,0.028669,-0.013431,-0.044528,0.027580,-0.047618,-0.008902,-0.008661,-0.024317,0.044766,-0.035314,-0.041240,0.005189,0.045024,
0.000320,-0.016430,0.090575,0.004297,0.015435,0.003106,-0.062512,0.012322,-0.001042,-0.001685,0.006921,0.059599,-0.000300,-0.026265,0.001156,-0.009055,691.754955,-0.044690,-0.000369,0.098556,0.000846,-0.050875,0.039307,-0.000362,-0.065597,0.012692,-0.036735,0.020153,-0.046357,0.094653,-0.045893,-0.022306,0.024083,0.029776,-0.038361,-0.019048,0.004611,-0.000035,-0.000103,-0.020519,-0.000137,-0.002646,-0.027875,0.027901,0.000376,-0.090170,-0.086671,0.012157,-0.000815,0.000852,0.073683,-0.025590,-0.000075,0.000805,0.022054,0.000483,-0.006974,0.001135,0.005713,-0.061917,0.001196,0.008376,-0.015793,-0.010586,-0.040649,-0.000301,0.071956,0.000131,0.036222,-0.021818,0.002573,-0.060365,-0.028393,0.012335,-0.096752,0.022621,-0.000161,0.007398,0.058849,0.037312,-0.076337,0.002614,-0.024801,-0.000555,0.001124,0.000229,0.006091,-0.070431,-0.064334,-0.001575,-0.041148,0.036489,0.089866,-0.022155,-0.000030,0.069474,-0.003120,0.029989,-0.047582,-0.049541,0.089591,0.026009,-0.010065,-0.073814,-0.054581,-0.071604,0.050599,-0.000679,0.008525,-0.054492,0.032989,-0.002556,-0.000229,0.007466,0.018700,-0.017936,0.000359,-0.000092,-0.002502,-0.008240,-0.000045,0.006488,0.022026,0.000682,0.042012,0.002999,-0.044776,0.003323,-0.063303,0.002744,-0.060397,0.000222,0.009002,0.005236,0.051323,0.003271,0.020943,-0.007682,-0.015313,-0.066883,-0.024714,0.000416,0.064688,-0.011713,0.039940,-0.005545,-0.054285,0.026331,0.010056,0.006428,-0.022151,0.000127,-0.009676,0.083995,0.036276,0.017869,0.004248,0.059409,0.001333,0.000000,0.042151,-0.062324,0.002155,0.027611,-0.003480,-0.058577,-0.020477,0.024476,0.000165,0.002144,0.018844,-0.060550,-0.000077,0.042587,0.002429,-0.028788,0.000015,-0.000427,-0.049883,-0.028376,0.027242,-0.000342,0.072895,0.052095,-0.000307,0.035077,-0.001844,0.092446,0.000008,-0.043746,0.000924,0.001006,-0.000155,-0.001181,-0.060500,-0.019939,
-0.004595,0.010923,0.001043,0.006827,0.001046,-0.015668,-0.000015,-0.018584,0.002344,-0.016956,0.009397,0.086099,-0.023783,-0.005259,-0.004824,0.017085,-0.044690,1316.056898,0.084768,0.034858,-0.055330,0.075024,-0.037219,-0.051662,0.040839,0.042425,-0.050994,0.001551,0.000536,-0.058083,-0.049446,0.002545,0.028931,0.000668,-0.000937,0.009825,0.081612,0.081763,-0.000139,0.031224,-0.002148,-0.001768,0.082280,0.052338,0.000054,-0.000061,-0.028498,0.044168,0.001681,0.035799,0.060137,0.017036,-0.000104,0.039961,0.005994,-0.087466,-0.000063,-0.009538,0.015727,-0.035446,0.030551,0.030814,-0.028559,0.009151,0.000131,0.054647,-0.001512,-0.009269,-0.045902,-0.081867,-0.001902,-0.070156,-0.045323,0.027801,-0.002242,0.075163,-0.018157,-0.080481,0.004442,0.011740,0.023604,0.019492,0.029185,0.000476,0.008232,-0.000396,-0.031022,-0.057631,-0.013984,-0.000948,0.097510,-0.010329,0.001737,0.000760,-0.003843,0.012132,0.000146,0.045077,0.033041,-0.008806,-0.018823,0.014731,0.025258,0.005919,0.000386,-0.002260,-0.011782,-0.096403,0.000155,0.076696,0.021166,-0.048939,-0.001456,-0.000099,0.008156,-0.010680,-0.099058,0.035404,-0.005449,0.073835,-0.009090,-0.081655,-0.000540,0.013608,-0.033418,-0.003400,-0.089585,0.041625,0.058904,0.002608,0.057372,0.002326,-0.067776,0.041819,0.010227,0.005078,0.002673,0.025866,-0.040331,-0.046678,-0.034371,-0.007605,-0.016507,0.044299,-0.004436,0.000360,-0.047116,0.092670,0.001598,0.006809,-0.085747,-0.089267,0.026264,-0.023025,0.081910,-0.022962,-0.001697,0.040964,0.066879,0.000000,-0.000540,-0.065621,0.010483,-0.010755,0.000014,0.000059,0.096530,-0.004829,-0.020637,-0.023019,0.045182,0.042157,0.024229,0.004669,-0.054934,0.001791,0.000817,0.000879,-0.015484,0.026207,0.003086,0.000086,0.034511,0.035749,0.033698,-0.004636,-0.001800,-0.066583,-0.005547,0.073527,0.000303,-0.003557,0.002309,-0.000952,-0.004231,0.044413,
0.000913,-0.005641,0.056674,-0.000060,0.008617,-0.075514,-0.007793,0.008108,-0.082522,0.050677,-0.095937,-0.061236,-0.043633,0.000656,-0.070082,0.021248,-0.000369,0.084768,11.900128,-0.067545,-0.068071,0.030568,0.068351,0.005053,0.011205,0.021015,-0.088433,-0.083614,-0.021682,0.000288,-0.067858,-0.033764,0.000359,0.005557,-0.016205,0.011764,0.051096,-0.003171,-0.063468,-0.000048,0.029290,0.014625,0.006361,-0.012884,0.004084,-0.003133,-0.048920,-0.063230,0.011711,-0.039237,0.092503,0.003255,0.051406,0.061387,-0.006294,-0.006869,-0.001485,-0.054079,-0.054733,0.055269,0.005313,-0.007656,0.001357,0.059398,0.099960,-0.072563,-0.024366,-0.001644,0.003706,0.040394,0.054619,0.010199,0.065159,0.022049,0.000334,0.006726,-0.005386,-0.054018,-0.001980,0.016623,-0.004026,-0.003248,-0.000386,0.000185,-0.054541,0.002152,0.004008,-0.039879,-0.015537,0.006465,-0.062323,0.001521,-0.002704,-0.010630,-0.041297,-0.030000,-0.000064,0.005933,0.005818,-0.000835,0.072834,-0.034086,0.008918,0.003055,-0.006874,-0.054930,0.046858,0.021902,0.001797,0.034606,-0.012392,-0.055572,0.001704,-0.012777,-0.063573,0.005607,0.013119,0.001243,0.001748,-0.098733,0.016949,-0.056482,0.064302,-0.011592,0.069459,0.001033,0.085825,-0.050724,0.051134,0.040524,0.058572,-0.013833,-0.087248,0.068894,0.044349,-0.001213,0.077281,-0.002596,0.055108,0.003090,-0.064610,0.064416,-0.057294,-0.002607,0.000513,-0.024726,-0.069736,0.014467,0.037138,0.015599,-0.006647,0.067175,-0.084279,-0.075958,-0.030976,-0.002101,0.037550,0.025141,-0.084841,0.000000,0.011450,0.006090,0.072152,-0.013537,0.000861,-0.014448,-0.012598,0.009874,0.037430,0.017877,0.059848,0.029196,0.008503,-0.027784,-0.032217,0.005021,0.018380,-0.004580,0.063901,0.020921,0.013896,-0.068836,0.061051,0.012426,-0.047001,0.014152,-0.066476,-0.028982,0.008235,-0.001656,-0.000545,-0.000377,0.000996,-0.004283,0.018542,-0.008123,
-0.009983,-0.017272,0.002314,0.045733,-0.064294,0.018391,0.072810,-0.025831,-0.004200,0.000502,-0.006524,0.000011,-0.034326,0.000653,0.000274,0.007441,0.098556,0.034858,-0.067545,8.954738,0.077099,0.094775,-0.060990,0.012491,0.063868,-0.001064,-0.045452,0.093436,0.003825,-0.002338,-0.034665,0.017859,-0.011958,-0.005764,-0.005143,-0.058214,0.006116,0.000114,0.006402,0.045964,-0.015058,0.058113,-0.001364,0.054219,-0.016744,-0.045852,-0.060935,0.038591,-0.003171,-0.037121,-0.077761,-0.029718,0.008389,-0.088918,0.019593,0.020384,-0.008887,-0.098201,0.006595,-0.084075,0.001091,-0.021779,-0.048971,-0.026065,-0.000362,0.061483,-0.004095,0.045687,0.032861,-0.040566,-0.024171,0.068368,-0.025968,-0.038956,0.057749,-0.026014,0.066733,0.065753,-0.065377,0.006881,-0.032505,-0.005850,-0.057962,-0.095519,0.016653,-0.007737,-0.027269,-0.057453,0.001593,-0.041704,0.056763,0.051694,-0.000562,0.030742,-0.033123,0.006849,0.000343,-0.024378,-0.030831,0.001730,0.008558,-0.011452,-0.001681,-0.052029,0.024617,0.065946,-0.021369,0.023656,-0.031406,-0.010551,-0.001711,-0.062276,0.037035,-0.024417,-0.008659,-0.001666,0.004407,0.000324,0.026015,0.058681,0.009995,0.044934,-0.073791,-0.005148,-0.003181,0.003640,0.053250,-0.003998,0.007181,-0.007385,0.094583,-0.012988,0.004756,0.053034,-0.049686,0.020857,0.037228,0.005606,-0.003657,0.081561,-0.000178,0.041399,0.060239,-0.070489,-0.001753,0.095262,0.071677,0.054282,-0.052362,-0.001493,-0.078559,-0.074820,0.020771,-0.025538,-0.069305,-0.004801,-0.003007,-0.046483,-0.093030,0.000000,0.006990,-0.070286,0.029191,-0.055872,0.008138,0.018671,0.089060,0.067312,0.057690,-0.044973,-0.016862,0.015378,-0.061697,-0.047086,-0.006737,-0.019497,-0.013784,0.024188,-0.065869,-0.010006,-0.030365,-0.016799,-0.035437,-0.071877,-0.002809,0.025694,0.007375,0.027462,-0.002240,-0.009420,-0.041696,-0.000836,0.039944,0.001664,0.022922,-0.007997,
0.022583,-0.064503,-0.052499,0.097087,-0.013457,-0.000268,-0.048091,-0.001409,0.031330,-0.060179,0.027648,0.001531,-0.025593,0.045591,-0.069563,-0.046116,0.000846,-0.055330,-0.068071,0.077099,109.875770,-0.091322,0.027873,-0.013279,0.007028,0.016198,0.062039,0.037805,-0.048386,-0.000116,0.079328,0.003771,0.000026,0.037618,0.019059,0.003366,0.022160,0.000090,-0.001038,-0.015149,-0.009515,0.047169,-0.066998,0.013021,0.000348,-0.000279,-0.044356,-0.065175,-0.029910,0.085819,-0.088172,0.008776,-0.003749,-0.077888,0.049723,0.082883,0.004207,0.002818,-0.015177,-0.030564,0.012393,-0.055948,-0.090630,-0.016535,0.005219,0.096673,0.091928,-0.017533,-0.008968,-0.068928,-0.000884,-0.015466,0.037519,-0.017869,0.000528,-0.038531,-0.032395,-0.069458,-0.032799,0.007455,0.000682,-0.017774,0.045548,-0.098355,0.013402,-0.085515,-0.001177,-0.074515,-0.012374,0.001954,0.044944,0.069813,-0.097930,0.007329,-0.002646,0.009750,-0.000178,0.005156,-0.038884,-0.012803,-0.017971,-0.006456,-0.032998,0.055305,-0.004999,-0.024450,-0.028180,-0.007207,-0.002608,0.005812,-0.098961,0.027202,0.062574,-0.000906,-0.026033,0.007441,-0.064635,0.040511,-0.008965,0.046062,0.000881,-0.005056,-0.004130,0.022441,0.013684,-0.004204,0.029296,0.001377,0.028272,-0.001870,0.055708,-0.046961,-0.008366,0.032350,-0.063404,0.006420,0.019994,-0.000150,-0.012122,-0.082597,-0.065159,0.045660,-0.014910,0.001757,0.005982,0.002069,0.003433,-0.026675,-0.020607,0.006089,0.024590,0.063415,-0.056464,0.005647,0.063199,-0.030140,0.001044,0.060374,-0.062192,0.000000,-0.003394,-0.024027,0.002987,0.066854,-0.001059,-0.000385,-0.037598,-0.001412,-0.083237,0.004127,-0.016948,-0.000744,-0.000140,0.030461,-0.011370,0.016930,0.003158,-0.000086,-0.059196,0.004472,-0.023180,0.000186,0.045304,-0.027996,0.000249,-0.000641,-0.020041,0.086187,-0.049689,-0.001159,-0.000048,0.023088,0.011526,0.002283,-0.011423,-0.055192,
