1971.272770,-0.035247,-0.000717,0.034831,-0.055574,-0.081494,0.023368,0.073297,0.000244,0.001647,-0.004900,0.080264,-0.000341,-0.000320,0.015638,0.003784,0.049928,0.002793,-0.012927,0.096999,0.002166,-0.000771,-0.005987,0.051764,-0.000048,0.000520,-0.041641,0.000787,-0.000087,-0.000053,0.000497,-0.009807,-0.067242,0.002118,-0.011570,-0.015672,-0.002326,-0.017558,0.002472,-0.065141,-0.063165,-0.005764,-0.000277,-0.009592,-0.009172,-0.064629,0.007154,-0.017938,0.030928,-0.031462,0.033642,-0.079165,-0.000122,0.002079,0.012694,0.011394,0.003159,-0.000015,-0.008813,-0.004098,0.002559,0.004253,-0.030172,0.008412,-0.071635,0.011099,0.022151,0.065160,-0.088117,-0.018428,0.032147,0.028922,-0.000036,0.041961,0.003453,-0.011420,0.000266,0.042075,-0.000273,-0.014668,-0.027553,-0.017249,-0.000885,-0.003300,0.030077,0.050977,-0.062756,-0.083471,0.000047,0.047600,-0.051218,-0.012282,0.087394,0.034921,-0.047520,0.013399,0.000071,-0.013808,0.002563,0.000000,0.043751,-0.092839,0.004250,-0.034068,0.005404,0.002684,0.047676,-0.024328,-0.002754,0.000285,0.019391,0.000085,0.002269,-0.007658,0.007167,-0.034454,0.077060,0.036653,0.037815,0.083414,0.002578,-0.055426,-0.016118,0.007016,-0.000885,0.059943,-0.095999,-0.000429,-0.001862,-0.039812,0.001492,0.000366,0.003054,-0.030504,-0.005269,-0.013634,0.002271,0.008981,0.025411,-0.064649,0.071784,-0.043619,0.031257,-0.072878,-0.083742,0.042371,-0.076694,-0.014232,0.000013,-0.019933,-0.008745,-0.000665,0.000043,0.034718,0.067303,0.043976,-0.028290,-0.022158,0.016975,-0.000130,0.025603,0.004355,0.016052,-0.050067,0.002515,-0.006266,-0.076587,0.004409,-0.020654,0.020472,-0.080800,-0.071148,0.000818,0.068815,0.041385,0.000628,-0.057228,0.000643,0.011113,0.000212,0.015228,0.003311,0.000095,0.030066,0.051295,0.007337,0.004865,0.067456,0.052533,0.012358,0.014075,0.003847,-0.016712,0.007478,0.018610,-0.004322,
-0.035247,23823.664026,0.012465,-0.033001,0.066695,0.000202,0.000657,0.076914,0.006846,-0.000118,-0.052450,-0.010952,-0.018218,0.059821,-0.026788,-0.003075,-0.000115,0.000511,-0.000452,-0.072530,0.000117,-0.005840,0.062591,-0.011360,-0.000112,-0.000069,0.030010,0.003370,0.000238,0.022973,-0.001760,0.016871,0.023377,0.002363,0.055041,0.000000,0.003163,0.014446,-0.004816,0.073323,-0.030481,-0.064454,0.010429,-0.052116,-0.097705,-0.066689,-0.000401,-0.023339,0.000830,0.000205,-0.083881,0.040116,-0.002982,0.000003,0.051340,0.005981,-0.011330,-0.003387,0.063874,-0.029508,-0.000694,0.076072,0.064345,-0.015938,-0.000260,-0.006922,0.015098,-0.000183,0.054926,-0.042553,0.016140,0.012078,0.087270,0.011184,0.008556,-0.083992,0.002419,-0.039921,0.001979,-0.009889,-0.002179,0.038200,-0.000769,0.000172,-0.015034,-0.000391,0.003274,-0.033551,0.011954,0.022080,-0.010730,0.000374,-0.042113,0.016851,-0.000534,-0.006419,-0.003823,-0.003340,0.065382,0.000000,-0.001544,-0.065873,0.001471,0.019227,-0.086338,-0.000614,-0.000000,-0.002662,0.000745,-0.029569,0.089765,0.022092,-0.019216,-0.000008,0.044801,-0.012592,-0.000015,-0.036904,0.006521,-0.028133,-0.000700,-0.091282,-0.024937,-0.039292,-0.037892,0.020286,0.082979,-0.000797,-0.098042,0.022574,-0.000127,-0.067697,0.036673,0.015774,0.011055,0.017812,-0.000408,0.026970,0.031418,0.000005,0.000153,-0.089953,0.045260,0.033546,0.003604,0.032656,-0.006391,0.027816,-0.013782,0.000994,0.047463,-0.030299,-0.012758,-0.026126,-0.022405,-0.011799,-0.012803,-0.012863,-0.002519,0.001322,0.000331,-0.032492,0.004655,0.034436,-0.012106,-0.011399,0.000605,-0.035104,-0.031304,0.057870,0.001765,0.000362,0.022788,-0.001580,0.017735,0.005744,0.000033,0.042983,0.008997,0.046084,0.078733,0.000087,0.004516,0.034504,-0.033317,0.001008,0.001625,-0.000120,0.002620,-0.012008,0.043831,-0.015572,0.016521,-0.019575,-0.091477,-0.014855,
-0.000717,0.012465,84.915560,0.025602,-0.000250,-0.072886,0.000428,-0.034385,-0.000312,0.000516,-0.000274,0.005473,0.003898,-0.000163,-0.059124,0.002363,0.003218,0.021443,-0.016112,-0.054810,-0.003595,-0.000676,-0.035392,-0.022457,0.000211,-0.001755,0.005396,-0.018204,-0.017453,-0.000064,0.000379,-0.011703,-0.018349,-0.007267,0.000251,0.000183,0.000000,-0.003019,0.049466,0.026781,0.001932,0.029603,-0.008548,0.002040,-0.004530,0.072896,-0.032124,0.039460,-0.024118,-0.033985,-0.020787,-0.078570,-0.097430,-0.000558,-0.001326,-0.062549,0.006348,-0.040019,0.040333,-0.003194,0.001392,0.036142,-0.001805,0.066041,-0.000958,0.005526,0.002605,-0.028991,-0.059917,0.028714,-0.019293,-0.048683,-0.028182,-0.039940,0.035279,-0.006518,-0.004421,-0.007026,-0.004785,-0.007878,-0.037599,0.003076,0.089614,-0.000054,0.034501,0.002474,0.036856,-0.067639,0.002577,0.037228,-0.047743,0.047883,-0.008976,0.039653,-0.001156,0.040436,-0.022114,-0.035186,-0.002638,0.000000,-0.017241,0.074294,0.007764,0.018489,0.012223,-0.071654,0.059443,0.014789,-0.000417,-0.011744,0.017461,-0.000880,-0.001709,-0.000607,-0.016305,-0.000912,-0.003145,0.045988,0.030262,0.033173,0.014798,-0.011868,0.035240,-0.004132,-0.016562,-0.055880,-0.016369,-0.027542,-0.001191,-0.000775,-0.002154,-0.000165,0.000522,0.020045,-0.001053,-0.019023,-0.050044,0.029335,-0.005906,-0.020109,0.003438,-0.058593,0.003674,-0.032482,-0.056312,-0.001450,0.000436,-0.055395,0.021499,-0.027563,0.002021,-0.012839,-0.073088,0.007745,-0.049517,-0.007417,0.041001,0.088710,-0.091743,0.002727,-0.092314,-0.003887,-0.038366,-0.009079,0.003902,-0.003740,-0.000359,-0.083051,0.002836,0.000750,0.005991,0.044891,0.001061,0.057384,0.067597,0.001316,-0.043380,-0.000002,0.043439,-0.032108,0.004372,-0.001213,-0.091497,-0.010747,0.094021,-0.002395,0.052105,0.001640,0.083843,-0.060209,-0.018921,0.039778,-0.019045,0.003169,0.008040,-0.006776,
0.034831,-0.033001,0.025602,7.446105,-0.066155,0.005481,-0.026009,-0.079873,0.033753,-0.098345,-0.020915,0.036689,-0.037464,-0.011904,-0.061549,0.028749,-0.009081,0.038354,0.032375,-0.006424,0.066543,0.039363,0.000936,-0.048686,0.037482,-0.004112,-0.014815,-0.010367,0.010221,-0.026410,-0.010305,-0.083814,0.011760,0.010874,-0.006863,-0.082049,-0.012741,0.024989,0.000389,-0.067038,0.013008,0.098196,-0.054236,0.037432,0.052076,-0.059717,0.037004,0.017478,-0.033818,0.085866,0.082024,0.011041,-0.067175,-0.091542,0.055711,-0.014729,-0.086910,0.056004,0.047085,-0.070379,-0.064016,-0.007643,0.012229,-0.041919,0.023303,0.071260,0.072955,0.069441,0.035095,0.033395,-0.009014,-0.080275,0.036044,-0.050336,-0.011737,0.061768,-0.012973,-0.066370,0.010527,-0.029193,-0.042049,-0.012750,0.023252,-0.059410,-0.032535,-0.000084,-0.054123,-0.023590,-0.006818,0.011283,-0.010577,0.038503,0.005620,-0.031863,0.036676,-0.089574,-0.037365,0.074036,-0.008053,0.000000,0.066425,-0.026307,0.002958,-0.097133,0.000034,-0.021521,-0.018594,-0.001420,-0.032908,-0.078338,-0.021595,0.095114,-0.008138,0.087212,-0.035482,-0.057939,-0.051093,-0.037325,-0.050150,0.074216,0.003282,0.019185,-0.097989,-0.015608,-0.010182,0.051533,0.034457,0.015580,0.011791,0.088585,0.040656,0.013832,0.007515,-0.033884,-0.025871,-0.078113,0.047073,-0.018053,0.024517,-0.027995,-0.041949,0.007454,-0.001064,-0.024408,-0.051010,-0.020099,-0.006827,0.095408,-0.021042,-0.007036,0.000642,-0.081025,-0.040708,-0.023629,0.016547,-0.037007,0.025902,0.019130,0.006290,0.040098,0.055943,0.039832,0.012700,0.003396,0.001998,0.023702,0.070570,0.083038,0.086133,-0.024911,-0.067359,0.049217,0.046073,0.041404,0.020379,-0.013076,0.086355,-0.023390,0.056882,-0.001623,0.046195,-0.022269,-0.001283,-0.022488,-0.001450,0.040899,-0.024054,0.019162,-0.095351,0.041848,-0.084632,-0.000131,-0.028870,0.062289,0.025410,0.067853,
-0.055574,0.066695,-0.000250,-0.066155,454.790485,-0.009137,-0.027671,0.046300,0.000139,0.000105,0.000195,-0.032546,-0.000116,-0.044710,-0.016722,0.020662,0.094591,-0.064968,-0.003388,-0.025756,0.000333,0.004447,-0.094896,-0.014514,-0.000011,0.004921,0.009890,0.071073,-0.000005,0.021303,0.000778,-0.030157,-0.029223,0.000220,-0.005685,0.035919,-0.000047,0.016131,0.077382,-0.013977,-0.068743,0.011540,0.010118,-0.050056,0.044282,0.047815,-0.031969,0.048573,-0.000158,0.000131,0.034172,0.076646,0.000015,-0.032809,0.015478,0.000125,0.051227,-0.006184,0.001968,0.067962,-0.059702,-0.023421,0.022482,-0.027705,-0.003957,0.039379,-0.022127,-0.049777,0.028098,-0.008689,0.001271,0.007822,-0.000051,0.017970,-0.004415,-0.037301,0.005402,-0.034590,0.021797,-0.000844,0.080173,0.005253,-0.044321,-0.020321,0.006428,0.000763,0.077835,-0.040799,0.000198,-0.016194,0.027483,-0.040020,0.000354,0.030961,0.007891,0.002208,0.031017,-0.007638,-0.069440,0.000000,0.015146,-0.026284,-0.051875,-0.003611,0.001406,0.013021,0.023983,0.018691,-0.002019,0.000015,-0.006192,0.038139,0.006941,0.004666,-0.016850,0.004183,0.000041,0.000650,0.003830,0.046163,-0.001488,-0.051846,0.010657,-0.024978,-0.063839,-0.001798,-0.076847,0.000235,-0.035481,0.070478,-0.053781,-0.000362,0.000084,-0.003744,0.061416,-0.001920,-0.074988,0.003736,0.057161,0.075820,0.003536,0.014755,0.069201,0.009410,0.005294,-0.070759,0.000579,0.010603,0.000256,0.084238,0.081322,-0.066426,0.019902,-0.018192,-0.080306,-0.056445,0.003029,-0.040285,-0.000078,-0.007286,0.014414,0.006928,0.011827,0.027295,-0.001268,0.005029,-0.000524,-0.008175,-0.011216,0.000026,-0.001824,0.003652,-0.000499,0.065012,0.069688,0.000183,-0.033718,0.068546,-0.073951,-0.009548,0.027630,0.005050,0.001252,0.038658,-0.011936,0.043061,-0.020476,0.000746,0.000065,-0.001874,0.011036,-0.015443,-0.032945,-0.032024,0.007042,-0.009464,
-0.081494,0.000202,-0.072886,0.005481,-0.009137,48.115351,-0.000165,0.022601,0.001238,-0.006920,-0.082097,0.069712,-0.001301,0.013175,-0.002270,-0.000238,0.027613,0.001137,0.005315,-0.000008,-0.000737,0.001875,0.077032,-0.021662,0.013819,-0.007962,0.042952,-0.014792,-0.008047,0.047656,0.012859,0.013486,0.007984,0.045667,0.044269,-0.084576,-0.024582,0.082877,0.022209,-0.065187,0.000031,0.000000,0.075415,-0.092194,0.000134,-0.016163,0.011842,0.002893,-0.023853,-0.007196,0.009997,0.012179,-0.089402,0.065097,0.018144,-0.025130,0.035766,0.019423,0.006399,-0.025808,0.007046,-0.004846,0.016093,0.035084,0.058350,0.038342,-0.004240,-0.014821,0.003293,0.013583,0.001308,0.001029,-0.035387,-0.001181,-0.018236,-0.043580,-0.005014,-0.040298,-0.001754,-0.040685,0.005694,-0.000554,0.000269,-0.030542,-0.018928,0.077507,0.000293,0.050905,0.008203,-0.091729,-0.058435,0.025791,-0.025886,-0.021764,-0.085044,-0.000032,0.043204,0.039735,0.077521,0.000000,0.047489,0.006915,0.000676,-0.001144,0.087591,0.003977,-0.020520,-0.078440,0.000072,0.030189,0.034115,0.029551,-0.003204,-0.017187,-0.013328,-0.060052,0.050342,-0.000527,0.019710,0.021581,-0.017039,-0.036063,-0.080210,0.039088,0.006342,-0.015064,0.008355,0.073937,-0.002458,-0.002623,0.027995,-0.002799,-0.001481,-0.005379,-0.038839,-0.085344,0.006808,-0.074644,0.010146,-0.043744,-0.057891,-0.001142,-0.005476,-0.027593,-0.005168,0.019510,0.008851,0.003599,0.000140,-0.003326,-0.022722,0.036272,0.016750,-0.016385,-0.058898,-0.072097,0.026022,-0.006631,0.051621,0.006246,0.010056,0.023655,-0.054579,0.014877,0.000900,-0.003604,-0.038207,0.069134,0.071031,-0.003351,-0.022931,-0.035504,-0.007758,0.000017,0.092181,-0.002693,-0.004106,0.003747,-0.076226,0.004745,0.096379,0.016843,0.084196,0.001380,0.015736,-0.076482,0.000061,0.019603,0.010945,-0.032548,0.021787,0.010348,-0.056619,-0.048117,-0.018113,0.011285,
0.023368,0.000657,0.000428,-0.026009,-0.027671,-0.000165,32.877635,-0.090136,-0.019566,0.004564,-0.029709,0.005215,-0.010276,-0.042105,0.001799,0.015143,0.004395,-0.045585,-0.011193,0.007360,0.000663,0.014754,-0.012333,-0.007172,0.002609,-0.072923,0.077201,-0.009706,-0.018704,-0.017362,0.001521,0.009322,0.001112,0.000124,0.012124,-0.016943,-0.007248,-0.001593,0.009460,-0.012647,-0.034911,-0.067797,0.007391,0.008219,-0.000107,0.027204,0.081626,-0.056382,0.000000,0.090448,-0.008812,-0.014557,0.019752,-0.006709,0.075608,0.035649,-0.057459,0.020483,-0.006881,-0.020662,-0.018517,-0.000537,0.006044,0.004118,-0.001168,0.048916,0.068576,-0.040311,-0.006869,0.015184,0.067100,0.007563,-0.071123,-0.002959,0.008081,-0.019952,0.082678,0.052516,0.000444,-0.001038,-0.009817,-0.035539,0.098545,0.004935,-0.069016,0.001403,0.039672,-0.059510,0.024472,0.071822,-0.056509,0.040891,-0.045212,-0.034318,-0.014204,-0.020315,0.032256,-0.000601,0.022137,0.000000,0.078412,0.091145,0.007947,-0.093152,-0.053401,-0.006517,-0.017161,0.017005,0.037295,-0.006854,-0.015107,0.008415,0.009018,0.023946,0.070456,-0.004261,0.089903,-0.002423,-0.015027,0.033928,0.029897,0.061926,0.005197,-0.071280,-0.007216,-0.017412,0.035396,0.022029,-0.005366,0.006461,0.020546,0.042454,-0.048796,-0.013940,-0.088455,0.015168,0.016904,0.053668,0.050693,-0.006997,0.020686,0.001230,-0.016171,-0.011377,-0.016850,-0.005464,0.000435,0.028948,0.007215,0.078526,0.013314,-0.060947,-0.066794,0.058771,0.006799,0.017896,-0.009483,0.060904,-0.003276,0.089791,0.002131,0.032977,-0.000049,0.009990,-0.017735,0.001260,0.006290,0.097269,-0.065582,-0.028031,-0.065661,-0.019001,0.058902,-0.004631,-0.095597,0.000001,-0.000039,-0.027477,-0.000014,0.014404,-0.018098,-0.002774,-0.006956,-0.064042,0.029628,0.011361,-0.012535,0.015079,0.024722,-0.077637,-0.052207,-0.002587,-0.050390,0.028317,-0.028788,0.080602,
0.073297,0.076914,-0.034385,-0.079873,0.046300,0.022601,-0.090136,2.021077,0.016931,0.032029,0.003723,0.016043,-0.015009,-0.064436,-0.014171,0.001879,-0.071846,0.074429,-0.012220,0.067129,0.043008,0.003967,-0.018334,0.003004,-0.048462,0.031969,0.023509,-0.058140,-0.002445,-0.045760,-0.005254,-0.094537,-0.014296,-0.004723,0.015037,0.022475,0.062075,0.010215,-0.070512,0.090984,-0.020451,0.031428,0.017470,0.001170,-0.003611,-0.008455,-0.027871,0.002927,0.099907,0.016516,0.066635,-0.070057,-0.056764,-0.022712,0.062702,0.078221,-0.048882,-0.031738,-0.017627,0.054181,-0.002269,-0.002119,0.003250,0.026402,0.019564,0.029069,-0.013910,0.017989,0.007978,0.080531,-0.000957,-0.050152,-0.053920,-0.000166,-0.011198,0.074311,-0.043387,-0.030698,0.063175,0.035839,0.046434,-0.002892,0.075164,-0.096510,0.076667,0.007088,0.009170,0.051022,-0.005669,-0.016534,-0.029222,0.004002,0.030553,-0.003607,-0.010790,-0.023880,0.020237,0.066157,0.040429,0.000000,0.062800,-0.029438,-0.090380,-0.083872,-0.000425,0.062673,0.004716,-0.028673,-0.045860,-0.007449,0.066508,-0.008848,-0.000573,0.052272,-0.010944,0.081073,0.019146,-0.027575,0.001733,-0.067118,-0.061827,0.045532,-0.011829,0.057799,0.025950,0.030549,0.052189,-0.000023,-0.013525,-0.032285,0.068376,-0.074113,0.021331,0.016199,0.005841,-0.043116,-0.019739,0.089417,-0.082882,0.036085,-0.023679,-0.002044,-0.031130,0.043199,-0.003628,0.073526,-0.008343,-0.052626,-0.003165,-0.074716,0.070046,0.025418,0.006219,-0.032783,0.034572,-0.050190,-0.022677,0.009249,-0.020308,-0.015027,-0.018365,-0.035234,-0.078534,0.016281,-0.012382,0.002742,-0.097886,0.069060,0.040117,-0.006506,-0.051789,0.016530,0.079755,-0.059235,0.015345,0.024889,0.043558,-0.051200,-0.098221,-0.013678,-0.000647,-0.087286,-0.073791,0.053350,0.031178,-0.042475,0.008120,-0.001455,-0.079116,-0.077682,-0.055530,-0.021778,-0.030039,0.086407,-0.083065,0.002286,
0.000244,0.006846,-0.000312,0.033753,0.000139,0.001238,-0.019566,0.016931,2415.752861,-0.000025,-0.000085,-0.000753,0.099272,0.065124,0.018339,0.030978,0.000343,0.005766,-0.042317,0.000528,0.007351,-0.072931,-0.031376,-0.040839,0.000460,-0.005360,0.046855,0.066260,-0.002696,-0.000709,0.048769,-0.008042,-0.022713,0.001101,-0.008846,-0.015823,0.000505,0.089599,0.056751,0.061411,-0.013227,0.043294,0.007541,0.046737,-0.027285,0.013732,0.000127,0.038733,0.000030,-0.000934,-0.025403,-0.018395,-0.000827,-0.000123,0.079978,0.000038,-0.021113,0.000003,0.064731,0.000948,0.094412,-0.003786,-0.064961,-0.041497,0.078774,0.057705,-0.001462,-0.034886,-0.001863,0.069635,0.082110,0.002435,-0.000050,-0.000042,-0.093383,0.039822,-0.000017,0.000528,-0.000120,-0.048139,0.060228,-0.061478,0.005306,-0.014828,0.001967,0.009652,0.018829,0.014555,0.009500,0.079157,0.006005,0.015979,-0.006709,-0.021866,-0.005221,-0.013233,0.000003,-0.000221,0.027036,0.000000,0.022663,-0.085464,0.016049,-0.078214,0.064024,0.038415,-0.074472,0.001821,0.000007,-0.005992,-0.024385,-0.065560,-0.002580,-0.000254,0.049827,0.073650,-0.000012,0.004626,0.006140,0.057740,-0.000431,-0.065479,0.021111,0.080050,-0.023973,0.025732,-0.045458,-0.000071,-0.026578,0.001563,-0.002533,-0.003426,-0.040363,-0.086534,0.067103,0.038697,0.000323,0.002896,0.066114,0.000458,0.028905,0.001443,-0.072188,-0.016444,-0.002781,0.004781,0.041828,-0.000278,-0.064167,0.000029,-0.061024,-0.035631,0.000068,0.088577,0.008865,-0.072742,0.095680,-0.040472,-0.040269,-0.003085,0.000071,0.064085,-0.053967,-0.095055,-0.015075,-0.048156,0.044652,-0.023436,0.013557,0.000044,-0.031083,0.057244,-0.000685,0.001075,0.000411,-0.000850,-0.065843,0.000850,0.000324,0.060497,0.002826,0.028050,-0.006549,-0.073461,0.064548,-0.091667,-0.002701,0.007754,0.005898,0.006410,0.025766,0.004754,0.037759,-0.002370,0.020734,0.051391,
0.001647,-0.000118,0.000516,-0.098345,0.000105,-0.006920,0.004564,0.032029,-0.000025,3201.605953,0.000046,-0.053772,-0.001126,-0.000812,0.061191,-0.012690,0.005404,-0.005208,0.060001,0.046746,-0.096965,0.034663,0.066308,0.054684,-0.033931,0.045109,-0.061931,0.019021,-0.000044,-0.000012,-0.009225,0.001322,0.018923,0.013964,0.001149,-0.082347,0.079355,0.068113,-0.051427,0.023763,0.009265,-0.015326,-0.036684,-0.002963,0.000000,0.009091,0.056798,-0.092603,-0.000118,0.000034,0.092110,0.000562,0.045923,-0.006219,-0.044752,-0.003627,0.056581,0.096156,0.062973,-0.036380,0.000633,0.002182,0.039083,0.003047,-0.000692,0.083028,-0.003435,0.005683,-0.051817,-0.083068,0.002123,-0.004382,0.000093,0.085825,-0.024773,0.027793,0.002347,-0.017733,-0.035291,-0.003138,0.018259,-0.000309,0.055613,-0.000046,0.049722,-0.026121,-0.024203,-0.000152,0.017217,-0.033700,-0.055266,-0.041435,0.094864,0.046498,0.005774,0.055585,0.041601,0.075757,-0.066037,0.000000,-0.047308,0.042279,0.019696,-0.012094,-0.091594,-0.029369,-0.009841,-0.077333,-0.055190,-0.000345,0.006603,0.058664,0.011785,-0.000697,-0.000668,-0.052506,0.000037,0.005541,0.069645,-0.015062,-0.040740,0.015702,0.021174,-0.034728,0.048114,0.007460,-0.059576,-0.000233,0.009322,0.000995,0.001613,0.000843,0.051636,-0.013737,-0.044644,0.046992,0.000024,-0.000518,0.029051,0.007344,-0.022408,-0.000063,0.090387,-0.010492,0.002679,0.016433,0.000240,0.059425,-0.002057,-0.070877,0.089541,0.005021,0.013902,0.058312,0.050932,0.009628,-0.083308,0.021829,-0.054705,-0.001010,0.026622,-0.018629,0.062054,0.012268,0.010903,-0.001307,0.048863,-0.089891,0.007455,0.002688,0.004657,0.008491,-0.021386,-0.002144,0.034062,-0.004828,-0.024489,0.002399,-0.014199,-0.014076,0.010695,0.003359,-0.018807,0.018586,-0.015917,-0.002294,0.050409,-0.000005,-0.001858,0.004948,-0.005114,0.006583,-0.073866,-0.014206,0.005138,0.054375,
-0.004900,-0.052450,-0.000274,-0.020915,0.000195,-0.082097,-0.029709,0.003723,-0.000085,0.000046,269.311765,0.018555,0.000019,-0.013413,0.007887,-0.025178,0.004898,0.025665,0.012043,0.064295,-0.000592,-0.093513,0.030858,-0.010613,0.000243,-0.001545,0.000927,0.012303,0.000239,0.000000,-0.000405,0.011483,0.004482,0.088073,-0.000852,-0.002995,-0.000058,-0.025808,0.029032,0.004006,-0.018330,0.083150,0.017018,-0.046888,0.043650,-0.047275,0.052339,-0.039519,0.000052,-0.002604,0.012128,0.020878,0.054092,-0.002307,-0.007721,0.074017,-0.069217,0.042007,0.003792,-0.024576,-0.014901,-0.000303,-0.052733,0.012227,-0.010254,0.050243,0.071735,0.058102,0.055829,0.014671,0.000310,0.004470,0.050072,0.056090,-0.050594,-0.051633,-0.000190,-0.016263,0.053757,-0.030650,0.000566,0.064968,-0.002158,0.039950,-0.034591,-0.035399,-0.029323,-0.091144,0.029169,0.041235,-0.026473,0.059896,0.017604,-0.048596,-0.077321,0.013632,0.063854,0.005533,0.027082,0.000000,-0.061918,-0.007094,0.001219,-0.005989,0.001473,0.056700,-0.005732,0.041985,-0.058622,-0.044703,0.046019,0.000774,-0.045833,0.005448,0.026187,0.042706,-0.000164,0.001648,0.066812,-0.026846,0.006361,0.000862,-0.048280,-0.026416,0.055415,0.051804,-0.077645,0.000177,-0.004511,-0.001174,0.007787,0.006729,-0.000315,0.008154,0.062110,-0.016525,-0.010889,-0.000262,-0.005995,-0.016034,-0.008055,0.047147,0.058400,0.002126,-0.001868,0.090296,0.044759,0.023052,0.001451,-0.093855,0.000226,0.041171,-0.000149,-0.062371,0.058422,0.062826,-0.089189,0.015267,0.000110,-0.003005,-0.039230,-0.000085,0.005474,0.015266,-0.007106,0.085905,-0.062684,-0.071754,-0.015445,-0.002626,-0.036896,0.005363,-0.018019,0.003312,0.043350,-0.000764,-0.069905,0.083912,-0.000829,0.032945,-0.048730,0.000026,0.000041,-0.015760,-0.038542,0.018591,0.000232,-0.000350,-0.004839,0.038517,-0.024518,-0.004248,0.006293,0.037932,0.003889,0.003964,
0.080264,-0.010952,0.005473,0.036689,-0.032546,0.069712,0.005215,0.016043,-0.000753,-0.053772,0.018555,1.341688,-0.020081,-0.049478,-0.037829,0.022084,0.056514,-0.006249,-0.033222,-0.019601,-0.060284,0.066305,-0.014953,0.010606,-0.031834,0.069625,-0.037009,0.053137,-0.056525,-0.024137,-0.028147,-0.059433,0.087806,-0.045502,-0.001011,0.050608,0.082345,0.035931,-0.070230,0.053724,-0.035702,-0.057643,-0.030454,0.014121,-0.035385,0.001288,0.053841,0.023304,-0.083588,0.040341,0.020448,0.026679,0.081996,0.060257,0.073101,-0.039576,0.063307,-0.019542,0.051987,-0.034237,-0.033030,0.075095,-0.007433,-0.025168,-0.007191,-0.076612,-0.010920,-0.014999,0.012724,0.020380,-0.043546,-0.014543,0.011251,-0.095075,-0.079105,-0.031017,-0.004425,-0.024994,-0.036618,-0.011362,0.017000,-0.001687,-0.013668,-0.082339,-0.010311,0.026239,-0.016564,-0.052738,-0.018982,-0.082816,0.011844,0.016171,-0.030220,0.083310,-0.044704,-0.010945,0.073422,0.045230,0.023429,0.000000,0.082731,-0.003016,0.019240,0.081046,0.012664,-0.018258,0.068708,0.079623,-0.002791,-0.011139,-0.034097,-0.080838,0.043221,-0.004994,-0.044493,0.008106,-0.036650,0.019123,0.078233,0.034021,0.018370,-0.072835,0.003908,-0.016228,-0.061435,-0.058998,0.023527,0.001937,0.013977,-0.000150,-0.009305,0.006007,-0.000090,-0.004648,0.029811,-0.000211,0.021594,0.032745,-0.042638,0.032523,-0.031259,0.050436,-0.035697,0.067562,0.005571,0.010800,0.029605,0.047124,0.087160,-0.015300,-0.090690,0.023611,-0.023407,0.008064,-0.062339,-0.022565,0.043719,-0.093113,0.005644,-0.011259,-0.000132,-0.008863,-0.036792,-0.072006,-0.049093,0.022202,-0.043091,0.033771,0.009592,-0.003609,0.078211,0.019030,0.027980,0.060459,0.070665,0.081715,0.020114,0.042402,0.062224,-0.034527,0.000013,-0.071258,0.026283,-0.019212,-0.028088,0.072363,0.021141,0.002604,-0.094208,0.022441,0.080107,-0.007707,-0.029702,0.026470,-0.011777,-0.056142,
-0.000341,-0.018218,0.003898,-0.037464,-0.000116,-0.001301,-0.010276,-0.015009,0.099272,-0.001126,0.000019,-0.020081,669.374529,0.083277,-0.008012,-0.008100,-0.056548,0.010081,-0.000012,0.055793,-0.000012,0.006973,-0.037138,-0.066537,-0.000027,-0.000675,-0.012913,-0.027875,-0.000033,-0.000535,0.066741,-0.055191,-0.012396,-0.000181,-0.008437,-0.057524,0.006615,0.027640,-0.026905,0.026466,-0.001699,0.024983,-0.054638,-0.017914,-0.011201,-0.072376,0.023000,0.056881,-0.001276,-0.056701,-0.033122,-0.058865,-0.001656,0.045239,-0.067784,0.003939,0.005395,-0.010960,-0.055749,0.001565,0.028015,0.000097,0.055470,-0.027527,0.005683,0.067570,-0.000434,0.071063,-0.073247,-0.023248,-0.071176,-0.006813,-0.020358,-0.048346,-0.079239,-0.053627,-0.000023,0.017782,-0.013860,-0.000254,0.084658,0.000872,0.000477,0.048030,-0.051968,-0.093412,-0.084847,-0.030311,-0.021152,-0.006915,-0.027434,0.099270,0.000879,-0.000819,0.001301,0.016502,-0.073671,0.000183,-0.014748,0.000000,-0.016406,-0.008244,-0.046548,0.008807,-0.052204,0.014979,-0.061458,0.096265,-0.000339,-0.017146,0.064980,0.000888,0.003468,-0.052583,-0.000010,0.057012,0.003383,-0.024164,-0.057444,0.026722,0.098058,0.002439,-0.019612,0.011718,0.014272,0.030273,-0.009642,0.000049,0.020019,0.009578,-0.005038,-0.006087,-0.000003,-0.067525,-0.019872,-0.020513,-0.000045,-0.016433,0.000554,0.000151,-0.005331,-0.003935,-0.036596,-0.017029,-0.000762,-0.004039,0.009021,-0.047249,-0.010185,-0.001806,-0.028259,-0.017642,-0.047608,0.039784,0.047196,0.001144,-0.052920,0.068031,0.008283,0.003850,0.035836,-0.029641,-0.007846,0.041787,0.002764,0.046001,0.080833,0.013123,0.000000,-0.058981,0.000012,0.093464,-0.000087,-0.000504,0.073473,0.001589,-0.000058,-0.006756,0.006276,-0.000060,0.001826,0.000528,0.000038,-0.032268,0.048787,0.013146,0.029499,-0.000325,0.081767,0.019638,0.032921,0.014516,-0.050075,0.050579,0.027544,0.068301,
-0.000320,0.059821,-0.000163,-0.011904,-0.044710,0.013175,-0.042105,-0.064436,0.065124,-0.000812,-0.013413,-0.049478,0.083277,61.171117,-0.028740,0.000736,0.049989,-0.033601,-0.005193,-0.015826,0.071555,-0.090707,0.000128,0.010008,0.000628,-0.003072,-0.051314,0.087604,-0.000883,-0.089998,0.026002,0.000731,0.002153,0.043446,0.000993,0.045240,0.001364,0.024267,0.000482,0.085502,-0.014391,0.048631,0.042822,0.017120,-0.000177,-0.009700,0.028523,-0.000929,-0.007226,-0.000698,0.041005,-0.082154,0.000908,-0.001542,0.027949,-0.004427,-0.015198,-0.001554,-0.009029,0.033675,-0.002523,0.002089,-0.050120,-0.007453,0.000814,0.000317,0.001577,0.005846,0.025785,-0.001427,0.036096,-0.041834,0.000033,-0.040036,0.056094,0.006786,-0.000139,-0.011354,0.024639,-0.095360,-0.001903,-0.005159,-0.041868,0.097259,0.029244,-0.040113,0.007237,-0.013920,0.041719,0.010909,-0.091817,-0.098265,0.053287,-0.026497,0.052998,0.021930,-0.003469,-0.028357,-0.000372,0.000000,-0.030191,0.025731,0.000232,0.000187,-0.022759,0.006843,0.029060,-0.039781,-0.035314,-0.006168,-0.006645,0.001667,0.004508,-0.018623,0.056712,0.008509,-0.073431,-0.035097,-0.024136,-0.061635,-0.003176,-0.033849,-0.030725,0.002750,-0.010878,-0.062869,-0.034511,-0.000642,-0.006957,-0.081245,-0.024420,0.002890,0.022472,0.086475,0.005863,-0.042388,0.046148,0.001687,-0.009592,-0.052889,-0.000912,0.019700,0.019687,0.056124,-0.099556,-0.001408,0.010177,0.024105,0.000905,-0.013935,-0.008520,-0.012076,0.006448,-0.015448,-0.080432,0.001190,-0.002102,-0.020593,0.022968,-0.015831,0.080189,0.012450,0.024628,0.063128,0.013009,-0.000321,0.062614,-0.029849,-0.037169,0.039965,-0.065883,0.001960,0.001624,-0.006336,0.020759,0.000077,-0.092545,0.047783,0.001961,0.006313,-0.000499,-0.005748,0.000852,0.024453,0.024902,-0.022753,0.003654,-0.022435,0.030191,0.099536,-0.024694,-0.000000,-0.069077,-0.005734,0.008432,-0.002311,
0.015638,-0.026788,-0.059124,-0.061549,-0.016722,-0.002270,0.001799,-0.014171,0.018339,0.061191,0.007887,-0.037829,-0.008012,-0.028740,14.439408,-0.000073,-0.000052,-0.090508,0.001905,0.012392,-0.013038,-0.020091,0.039800,0.000907,-0.000386,0.017276,0.017710,-0.038458,-0.058272,0.099755,-0.078737,-0.000242,-0.000710,0.014600,-0.002861,-0.085647,-0.054532,-0.000491,-0.013007,0.007723,0.000227,0.001517,0.005109,-0.039492,-0.000158,-0.016448,-0.002081,-0.040321,-0.025048,-0.000000,-0.071643,-0.078396,-0.014505,-0.032601,-0.044404,0.011535,-0.055489,0.090346,-0.007033,0.041616,-0.082859,0.000750,0.075918,0.094731,0.000452,0.083477,0.089923,-0.000387,0.002220,0.055352,0.059371,0.017062,0.023322,-0.035427,-0.028555,0.029299,0.011336,-0.001857,0.071372,-0.013482,0.090465,0.002058,0.090173,-0.007883,0.036454,-0.000272,0.024291,-0.023523,0.000359,0.001095,-0.074553,0.089624,0.001576,0.027038,0.079687,0.016555,0.015211,-0.014901,-0.055979,0.000000,0.084348,0.092402,-0.055004,-0.006573,-0.069558,-0.012280,-0.052276,0.029941,0.097359,-0.000818,-0.052741,0.055328,-0.007427,-0.008902,-0.040841,-0.010992,0.007409,-0.031190,-0.017583,-0.044682,0.019000,-0.086706,0.017164,-0.033620,0.019517,-0.027362,-0.022273,-0.027134,0.091824,0.012917,0.022663,0.001355,0.007247,0.043380,-0.004384,-0.016006,-0.002728,0.012585,0.045840,-0.022195,0.020736,-0.018137,0.027208,-0.009392,0.077202,-0.007245,-0.006925,0.062649,0.086741,0.000755,-0.034063,-0.092746,-0.043982,0.012037,0.043279,0.007718,-0.009806,-0.002685,0.000905,-0.037965,-0.000001,0.012877,-0.043639,0.068713,0.072965,0.091477,-0.000655,-0.034322,-0.018699,-0.007444,-0.015777,-0.020161,0.045312,0.005821,-0.084864,-0.080378,0.013139,-0.001207,-0.053895,-0.057774,-0.059201,-0.021525,0.027604,0.000543,-0.043686,-0.000707,0.000655,0.012504,-0.007346,0.022400,-0.006487,-0.013484,0.048222,0.053187,-0.001061,0.018295,
0.003784,-0.003075,0.002363,0.028749,0.020662,-0.000238,0.015143,0.001879,0.030978,-0.012690,-0.025178,0.022084,-0.008100,0.000736,-0.000073,71.613748,0.004991,0.072455,0.011801,0.093757,-0.000721,0.003877,-0.039629,-0.016240,-0.000059,0.004936,-0.039310,-0.009805,-0.000515,0.001366,-0.036099,0.003261,0.007757,-0.058622,0.001624,0.067850,0.001591,0.000546,-0.078375,0.022616,0.000010,0.040016,-0.096581,0.032122,-0.048639,0.018789,0.057291,-0.035944,0.005017,0.001221,0.015617,-0.007730,-0.035389,0.002608,-0.088535,-0.000711,0.022807,0.018264,-0.041081,0.032041,0.001599,-0.083223,0.002729,-0.001839,0.004132,-0.039522,-0.085413,0.056042,-0.014292,-0.025082,0.050292,0.007776,-0.006520,0.059556,0.017935,0.041591,0.006317,-0.000199,-0.042350,-0.051952,-0.001726,0.008635,0.058602,0.001747,-0.009968,0.064856,0.003705,-0.029573,0.033014,0.017202,0.018549,0.056253,-0.056339,-0.000011,0.003584,-0.047167,-0.017171,-0.075983,-0.008226,0.000000,-0.021460,0.094177,-0.042026,-0.008121,-0.000120,0.047104,-0.001646,-0.027009,-0.029180,-0.001447,-0.000476,0.012890,0.033808,0.001242,0.018855,-0.059032,0.058062,0.029752,-0.098784,-0.032679,0.025942,0.019676,0.072352,-0.006784,0.052053,-0.051260,-0.046914,0.046314,-0.032870,0.006792,-0.013148,-0.002391,-0.009792,-0.025616,-0.039811,-0.091593,0.089125,-0.000039,0.040857,-0.001160,-0.080247,0.072886,0.003618,-0.034385,-0.002760,-0.055711,-0.073263,0.067642,-0.000079,0.001459,0.021188,-0.005416,0.011153,0.006381,0.016291,0.022593,0.087054,-0.040627,-0.044363,0.003098,0.018798,-0.041391,0.033004,-0.013178,0.014625,-0.006808,0.039636,-0.021473,-0.040948,0.000383,0.029324,-0.017900,0.098209,0.036913,0.088841,-0.000870,0.019747,-0.009978,-0.003626,-0.074256,-0.006684,-0.000006,0.015000,-0.012608,-0.048003,-0.020321,-0.003859,-0.084423,-0.010140,0.085125,-0.003471,0.003822,0.013997,0.037821,-0.003420,0.005348,
0.049928,-0.000115,0.003218,-0.009081,0.094591,0.027613,0.004395,-0.071846,0.000343,0.005404,0.004898,0.056514,-0.056548,0.049989,-0.000052,0.004991,375.728088,-0.035660,0.077965,0.047332,0.000171,0.000479,-0.043005,0.000382,-0.018520,-0.058000,-0.052689,-0.008578,-0.073140,0.000252,-0.018025,0.000110,-0.011164,0.003568,0.048160,-0.003603,0.037018,-0.013925,0.007051,-0.028774,-0.008053,0.057016,-0.012415,0.004823,-0.000305,-0.002133,0.029209,0.050554,0.000326,-0.000086,0.010281,0.033543,-0.000703,0.006403,0.035028,0.011196,-0.000642,0.045135,-0.040623,-0.019152,-0.097739,0.026434,0.020440,0.019147,-0.002536,-0.013914,0.011569,-0.008974,-0.004616,-0.005690,0.015386,0.014466,0.017377,-0.022477,-0.085559,-0.046736,0.055133,0.000474,0.030440,0.001194,-0.000365,0.010954,-0.003741,-0.000161,0.061579,0.000047,-0.003005,0.055640,0.015847,0.036439,0.032588,0.066186,0.004286,-0.026593,-0.096148,-0.041050,-0.070152,0.009600,0.002380,0.000000,-0.011524,0.009687,-0.001175,0.029687,0.030701,-0.011447,0.014367,0.043454,-0.001299,0.000259,-0.036021,-0.087602,0.001166,0.004987,-0.034434,-0.048152,-0.000429,-0.022815,0.022184,0.013526,-0.005906,-0.007377,0.006869,0.086485,0.052873,-0.002395,0.075119,0.000464,-0.041523,0.003198,-0.000263,-0.054543,0.000055,0.022478,-0.001186,-0.009012,-0.002479,-0.020913,-0.000748,-0.010366,-0.000102,0.088389,-0.086554,0.080894,0.012054,0.019990,-0.018613,0.002559,-0.004580,0.022688,-0.016429,0.007862,-0.000741,-0.075846,0.003607,-0.054839,-0.037606,0.026431,0.001292,0.000697,-0.000586,0.089836,0.026970,0.017370,0.010146,-0.001200,-0.007834,0.005511,-0.020121,0.049448,-0.006867,0.008100,-0.003841,-0.000024,0.035483,0.036217,-0.000440,0.000580,-0.009396,0.073282,0.099602,-0.079142,0.003667,0.002838,-0.047131,-0.031473,-0.007811,-0.000100,0.044637,-0.003647,0.090444,0.023765,0.051862,0.036434,-0.004981,0.082897,
0.002793,0.000511,0.021443,0.038354,-0.064968,0.001137,-0.045585,0.074429,0.005766,-0.005208,0.025665,-0.006249,0.010081,-0.033601,-0.090508,0.072455,-0.035660,21.075268,-0.039945,-0.060733,0.002364,-0.062196,0.001121,0.016321,-0.006035,-0.031505,0.008815,-0.001110,0.001691,-0.072199,0.049904,-0.004399,-0.033041,0.018175,-0.002003,-0.023016,0.001151,-0.002080,-0.038424,0.059125,0.070639,0.054169,-0.076572,-0.023728,0.004833,-0.029345,-0.011375,-0.069448,0.029021,0.017751,-0.086092,0.036522,0.002190,-0.001075,-0.010220,0.008580,-0.013357,-0.053532,-0.008176,-0.065784,0.000052,0.062455,0.000100,0.016393,-0.004298,-0.059089,-0.005568,0.000793,0.002203,0.044590,0.094782,0.008130,-0.000209,0.065015,0.026550,-0.004037,0.000427,-0.054430,-0.064219,0.039520,0.005550,-0.004124,-0.065199,-0.047776,-0.056753,0.006745,-0.079650,-0.069527,0.084972,0.043923,0.021705,0.019737,-0.062313,0.000121,-0.000041,0.038781,0.036967,0.009077,0.004420,0.000000,0.005629,-0.053202,-0.010388,-0.048278,0.000068,0.022178,-0.063535,-0.039368,-0.059341,0.008671,0.041466,-0.017293,-0.040653,0.077929,-0.084479,-0.014650,-0.084702,-0.015621,0.002450,-0.024666,0.005808,0.018856,0.083318,0.037756,-0.086668,0.011379,0.070679,-0.027205,-0.010362,-0.002631,0.003956,-0.064420,0.000183,-0.041228,0.011022,-0.014528,-0.073993,-0.050540,-0.029683,-0.005857,0.008897,0.005153,0.006966,0.010105,0.002705,0.065675,-0.002565,0.041463,-0.000102,-0.000052,0.025622,-0.025853,0.003771,-0.037901,-0.090315,0.013142,0.005849,-0.000730,0.004928,-0.002758,-0.021177,-0.032929,-0.001936,-0.016411,0.032530,-0.086511,0.040338,-0.021539,0.058232,-0.003241,0.008952,-0.021857,-0.003640,-0.039498,0.001050,0.006215,0.082537,-0.052388,-0.003884,-0.003872,-0.004780,0.095297,-0.049759,-0.009017,-0.071028,-0.004859,0.000503,-0.012896,0.016865,0.012363,0.076387,-0.002282,-0.003574,-0.026405,-0.034598,-0.003730,
-0.012927,-0.000452,-0.016112,0.032375,-0.003388,0.005315,-0.011193,-0.012220,-0.042317,0.060001,0.012043,-0.033222,-0.000012,-0.005193,0.001905,0.011801,0.077965,-0.039945,2.889502,-0.040546,0.011086,0.004579,-0.048440,0.049731,0.094690,0.077723,0.001927,-0.017065,-0.068959,-0.012688,-0.084611,0.039712,-0.001798,-0.012766,-0.020614,-0.023750,0.008856,0.067563,0.002142,0.082595,-0.055453,0.031452,0.009116,0.091199,-0.005981,0.043301,-0.031997,0.051875,0.098209,-0.070695,-0.049919,0.077653,0.007604,-0.031386,-0.009834,0.000004,-0.019042,-0.040699,-0.024825,-0.008306,-0.043464,0.005650,0.014237,-0.031597,-0.033126,-0.010624,-0.010921,0.028192,-0.035801,0.010290,-0.017770,0.051541,0.002981,-0.015451,-0.031028,0.054722,0.069535,-0.053891,0.029804,0.054536,0.024290,-0.000441,0.043970,0.081453,-0.004494,-0.056014,0.008062,-0.027097,-0.005451,-0.008029,-0.007865,-0.057474,0.071626,-0.074934,-0.057685,0.007676,-0.015574,-0.020143,-0.008250,0.000000,-0.003440,0.005996,-0.022754,0.069885,-0.000056,-0.035862,0.003770,0.032295,-0.026624,-0.020995,0.057046,-0.000015,-0.021929,0.012457,0.081012,-0.037740,0.000228,0.003302,-0.033196,-0.026285,-0.048627,0.060578,-0.044355,-0.023929,0.000463,0.014305,-0.060508,-0.005291,0.032521,0.083091,-0.079638,0.000930,-0.001761,0.073649,0.016543,-0.071373,0.050639,0.009926,0.000334,0.006625,-0.001172,-0.050080,0.009885,-0.038962,0.023764,-0.080139,0.006502,0.020126,0.006950,-0.043023,0.012309,-0.024927,-0.092165,-0.009995,-0.008136,0.010920,0.042292,-0.020793,0.007346,0.003571,-0.020899,0.058386,-0.038668,0.038731,0.003415,-0.057413,-0.067976,0.057301,0.015846,-0.000834,0.027722,0.063860,-0.074601,0.017976,-0.019930,-0.009099,-0.011389,-0.029478,-0.041326,-0.042134,0.050476,-0.034493,-0.000529,0.043676,0.005513,0.093175,0.028706,-0.006958,-0.031563,-0.014117,-0.033452,-0.016333,-0.069851,0.001251,-0.097436,0.080016,
0.096999,-0.072530,-0.054810,-0.006424,-0.025756,-0.000008,0.007360,0.067129,0.000528,0.046746,0.064295,-0.019601,0.055793,-0.015826,0.012392,0.093757,0.047332,-0.060733,-0.040546,3.397246,0.002099,0.069736,0.005421,-0.039319,-0.006941,-0.004099,0.026052,-0.062642,-0.041855,0.031960,0.000628,-0.005110,-0.032184,-0.015218,0.008229,-0.001465,0.004167,-0.033504,-0.037665,0.024030,-0.018178,0.003668,-0.063429,0.040751,-0.036609,-0.059527,0.013491,-0.016724,0.021772,-0.045774,0.048791,-0.024689,0.003135,0.054350,-0.047277,0.000944,-0.026805,-0.074076,-0.000782,-0.001759,-0.050480,0.092297,-0.028236,-0.062593,-0.023100,-0.063387,0.008304,-0.043328,0.065841,0.080268,-0.010319,0.023898,-0.002639,0.021637,-0.050311,0.003698,0.000231,-0.002482,-0.030890,0.078840,0.035923,-0.058874,0.069460,-0.085095,0.069859,-0.006650,-0.027028,0.056651,-0.023898,0.072944,-0.003715,-0.004866,0.008369,0.065921,-0.016357,-0.004124,-0.069666,-0.004588,-0.048437,0.000000,-0.033997,0.015831,-0.060710,-0.023127,-0.012630,0.024078,0.008971,-0.003638,-0.004735,0.031897,0.002841,0.098769,0.000122,0.002000,0.028509,0.005107,0.057294,0.096134,0.042885,-0.084904,-0.013043,-0.043643,-0.021105,-0.024552,-0.011931,-0.044455,-0.031237,0.003783,-0.020165,0.049658,-0.004534,0.064017,-0.066379,-0.061108,-0.043573,0.003890,-0.063768,0.004230,-0.030246,-0.024967,-0.033707,-0.008329,0.011402,-0.096706,-0.001308,-0.042205,0.044538,-0.024635,-0.027310,-0.086832,0.080394,0.034818,0.011779,0.027236,-0.018869,0.041948,0.004971,-0.035685,0.030472,0.010652,0.007548,0.027567,-0.052040,-0.096068,-0.004267,0.079243,0.067848,0.004932,-0.033431,-0.038247,0.038537,-0.031248,-0.008084,-0.026573,0.010484,-0.001521,0.047145,0.023955,-0.020903,0.083856,-0.027372,-0.006510,0.001157,-0.036479,0.053704,0.023873,0.003008,-0.004970,0.025855,0.006966,0.039030,0.000297,-0.002667,0.007005,-0.062407,-0.008052,
0.002166,0.000117,-0.003595,0.066543,0.000333,-0.000737,0.000663,0.043008,0.007351,-0.096965,-0.000592,-0.060284,-0.000012,0.071555,-0.013038,-0.000721,0.000171,0.002364,0.011086,0.002099,8433.332965,-0.001151,-0.000001,-0.075763,0.076307,0.000090,-0.000001,-0.010714,-0.043928,0.000140,-0.004623,-0.000416,-0.000028,-0.014524,-0.018901,-0.075031,-0.000010,-0.075083,-0.021218,-0.051824,-0.047767,-0.024159,-0.010020,0.042918,-0.004228,-0.052025,-0.001452,0.007161,0.012680,0.000000,-0.016299,-0.031687,0.000061,-0.037913,-0.010528,-0.002277,0.000059,-0.012044,-0.000203,-0.088904,-0.000298,0.002574,-0.008785,-0.010594,-0.000089,0.029788,0.000000,0.050146,0.036546,-0.032743,0.000259,-0.008561,0.000589,0.020309,0.059807,0.028814,-0.002211,-0.018404,0.015916,0.047378,-0.000929,-0.022098,-0.061839,0.079783,0.022762,0.035334,-0.043759,0.020543,0.031682,0.048150,0.054604,0.056349,0.040896,-0.040269,-0.009579,0.052856,-0.043257,-0.000004,-0.017747,0.000000,-0.004060,-0.042409,0.010076,0.000799,0.006676,-0.003560,0.044905,0.003149,-0.000058,-0.000006,-0.026592,-0.000093,-0.019804,-0.049832,-0.008291,-0.013196,0.001141,-0.001045,-0.070839,0.067892,-0.001974,0.073622,-0.066076,0.033565,0.046726,-0.042021,0.065747,0.000599,0.008922,0.007405,0.009504,-0.054099,0.070410,-0.090000,0.086954,0.027006,0.000061,0.005814,-0.045487,0.010702,0.000086,-0.030541,0.005837,0.087400,-0.007865,0.001243,0.007140,-0.001192,0.016232,-0.022684,0.018436,-0.066783,0.000582,-0.036173,-0.000199,-0.002695,0.046048,-0.036507,-0.007722,0.002105,-0.004976,-0.020480,0.023425,0.002082,-0.020007,0.012239,0.001987,-0.054002,-0.030244,0.005683,0.016499,0.007937,0.000119,-0.004255,-0.032104,0.006845,-0.000280,-0.000015,-0.005524,0.000158,0.031115,0.000249,0.043954,-0.077319,-0.013599,0.066282,-0.001267,-0.000112,-0.083015,-0.011309,0.026192,-0.000194,0.029301,-0.089769,-0.093887,0.085116,
