46.411191,0.085017,0.050458,-0.002713,0.086619,0.028668,-0.012391,0.089419,0.063975,0.014787,-0.045174,-0.058133,-0.003267,-0.039036,-0.007407,0.024742,0.015857,-0.017900,-0.037819,0.012739,-0.000123,-0.001944,-0.040707,0.004396,-0.000309,0.003512,0.000043,0.017154,0.052494,0.016013,-0.037578,0.038878,-0.005070,0.000997,0.004873,0.017685,0.021138,-0.020049,0.048807,0.010592,0.042505,-0.023705,-0.000312,0.052052,-0.009475,-0.022026,-0.033893,-0.057796,0.018359,-0.060559,-0.021227,0.092844,-0.010061,0.000068,-0.042571,0.063268,-0.003056,0.027176,0.050284,0.013399,0.060608,0.002193,-0.040556,-0.021294,-0.077279,-0.081713,-0.084571,-0.000445,-0.041763,0.088330,-0.000879,0.005909,0.051160,0.065620,0.013148,0.075282,0.009145,0.020277,-0.015438,-0.082689,0.007927,0.003887,0.043778,0.077314,-0.029595,-0.002597,0.015631,0.046056,-0.000522,0.015482,-0.000483,-0.001528,-0.007461,-0.062205,0.034131,0.000000,-0.000104,0.066050,-0.020350,0.000000,0.034608,-0.000521,0.006774,0.000000,0.061470,0.090884,0.064963,-0.065668,-0.092080,-0.008123,0.035451,0.044187,-0.042928,0.074187,0.047844,0.049541,0.096128,0.024801,-0.001726,-0.085407,0.054106,0.025029,0.002809,0.000000,-0.029122,-0.000695,0.054594,0.000000,0.005707,-0.074508,0.034568,0.000000,-0.012872,0.006624,-0.000567,0.000000,0.032576,-0.006574,0.070187,0.002014,0.073596,0.025512,-0.009781,0.000000,-0.003027,-0.004221,0.007764,0.000000,0.057458,0.045952,-0.001911,-0.018947,-0.003282,0.046378,-0.000401,0.000798,0.038009,-0.001201,-0.002465,0.001781,-0.057340,-0.044933,-0.045388,0.000000,0.000000,0.091287,0.049290,0.000000,-0.000557,0.026015,0.026143,-0.005634,-0.002091,0.010514,0.092108,0.033614,-0.047974,0.003642,0.000697,-0.050612,0.004207,-0.008934,-0.015948,0.006288,-0.007358,0.054773,-0.003618,0.004977,-0.010733,-0.014814,-0.004641,0.018484,0.000463,0.009237,-0.050697,0.000000,
0.085017,14467.917108,-0.011815,-0.007193,0.001226,0.000184,0.060240,0.007578,-0.000519,-0.009363,-0.001442,-0.000472,0.001912,-0.002802,-0.005922,0.087145,0.014555,-0.001303,0.019072,-0.082904,-0.000069,0.026437,-0.001341,-0.035827,0.003518,-0.050916,0.000958,-0.065262,-0.077426,0.001719,0.002809,0.008142,-0.029007,0.000527,-0.009157,-0.071164,0.024823,-0.011712,-0.012726,-0.049824,0.009244,0.001010,-0.016800,0.016859,-0.000039,0.073490,-0.031207,0.049295,0.024147,0.086068,-0.008984,-0.008397,-0.000191,-0.011886,0.022447,0.023331,-0.000006,-0.000049,-0.077075,-0.059124,0.028294,0.000597,-0.003498,0.028144,-0.022112,0.025415,0.033080,-0.001691,-0.036513,-0.000861,0.025025,-0.000858,0.006193,0.066528,0.016735,-0.073189,-0.000366,0.034882,-0.000000,-0.070978,-0.033244,0.000056,0.056856,-0.004379,-0.000335,-0.014738,-0.000479,0.010701,0.033025,-0.048641,-0.006873,-0.009258,0.002517,0.044823,0.030895,0.000000,-0.008770,-0.032373,0.007019,0.000000,0.007972,0.035536,0.075800,0.000000,-0.000339,-0.056762,-0.014527,0.001406,-0.000002,0.000245,-0.004452,0.030719,0.014950,0.001003,0.070120,0.051703,-0.002566,-0.015051,0.082787,0.001447,-0.017749,-0.011842,0.032473,0.000000,-0.040426,-0.007531,-0.046419,0.000000,0.055338,0.004210,0.010713,0.000000,0.042316,-0.039127,0.078516,0.000000,0.069411,-0.012729,-0.000930,-0.000419,0.028502,0.000291,0.024571,0.000000,0.017184,-0.054413,0.015884,0.000000,-0.060116,0.026903,-0.090443,-0.000619,0.010514,0.012586,-0.026721,0.008046,0.067540,0.038176,-0.002337,0.000069,0.000038,-0.023974,-0.045213,0.000000,0.000596,0.052148,0.057054,0.000000,-0.092928,0.000058,0.073364,0.002927,-0.066760,-0.003566,0.037940,-0.081871,-0.000438,-0.069028,0.069338,-0.004242,0.002821,0.030209,-0.006906,0.000917,0.002751,0.013290,-0.069385,-0.011213,0.001577,-0.016732,-0.012585,-0.012928,0.000556,-0.054504,0.037204,0.000000,
0.050458,-0.011815,1.322912,-0.029258,0.045111,0.048662,0.027529,-0.058552,-0.069135,-0.049959,0.081805,0.004817,0.004986,-0.068450,0.002358,-0.072090,0.043672,0.055090,0.016478,0.036131,-0.003060,-0.015453,-0.023884,-0.043909,0.038867,-0.071337,-0.011202,-0.000420,-0.025091,0.093567,-0.094411,0.044289,-0.067318,0.010764,0.003881,-0.036451,-0.001501,0.046038,0.056119,0.009139,0.068748,0.009724,-0.069537,-0.038695,0.044050,0.008492,-0.028567,-0.022118,0.005527,-0.039704,0.025120,0.040656,0.034094,0.057861,0.020424,-0.017342,-0.068952,-0.010313,0.000781,-0.053702,-0.080958,-0.063495,-0.094025,-0.063259,0.002980,-0.038350,0.041245,-0.001356,0.025900,-0.005684,-0.016080,-0.003128,-0.071162,-0.023186,-0.025809,-0.041641,0.000569,0.075434,-0.000610,0.005582,-0.013341,-0.014913,0.015495,0.060912,-0.002305,0.041555,-0.066170,-0.064229,0.035124,-0.050492,0.000067,0.054731,0.043032,0.016984,0.001418,0.000000,-0.015092,0.048840,0.014758,0.000000,-0.066619,-0.004056,0.021116,0.000000,-0.002974,-0.041734,0.042721,0.027491,-0.049314,-0.068661,0.000884,-0.025400,-0.010716,-0.042705,-0.020494,-0.004936,0.011867,0.003051,0.020353,0.027790,-0.017764,0.060017,-0.066018,0.000000,-0.015522,0.037855,-0.063033,0.000000,-0.048477,-0.081543,-0.035995,0.000000,0.055112,0.026178,0.061320,0.000000,-0.017980,0.003797,0.024824,0.015255,0.019730,-0.034319,0.006183,0.000000,0.032068,-0.033677,0.018737,0.000000,0.057257,0.031407,0.001033,0.010520,-0.091266,-0.050267,-0.013584,0.004105,-0.025021,0.017433,-0.053530,-0.008861,-0.021515,0.006025,-0.007296,0.000000,-0.060509,0.033539,-0.024755,0.000000,-0.036574,-0.004270,0.014496,0.012621,0.014351,0.034372,0.015305,-0.003409,-0.006683,-0.057958,0.003767,0.068549,0.026787,0.062808,-0.099001,0.048599,0.015038,0.003924,0.007332,-0.010816,0.083819,0.051829,0.040266,0.029361,0.039255,0.030940,0.035187,0.000000,
-0.002713,-0.007193,-0.029258,0.164199,0.048762,-0.035867,-0.026579,0.022284,-0.078123,-0.000218,0.081399,-0.005908,0.014348,0.005681,0.017767,-0.067042,-0.065468,-0.000354,-0.003780,0.045158,0.004078,0.000477,0.040209,-0.009448,-0.005158,0.023548,-0.000933,-0.008750,-0.020036,0.002798,-0.001155,-0.032129,-0.038057,-0.031935,0.003907,0.002723,0.018641,0.044675,-0.076086,-0.018440,-0.040379,0.000312,0.056310,0.022726,-0.000066,-0.022569,0.045564,-0.014575,-0.002305,-0.055785,0.010921,0.046703,0.026442,-0.008462,0.015277,0.000284,-0.016200,-0.066744,0.029612,-0.020486,-0.025683,0.027474,-0.025383,0.005566,0.033363,0.074458,0.035284,0.009098,-0.024540,0.004501,-0.027521,-0.000304,0.048879,0.011812,0.011719,-0.017168,0.071229,0.049757,0.020678,-0.053336,-0.039100,0.006616,-0.017613,0.033535,-0.044806,-0.058528,-0.022464,-0.058032,0.033464,-0.011825,-0.024291,0.000755,-0.005603,-0.006366,-0.001022,0.000000,-0.008118,-0.004435,0.006744,0.000000,-0.018000,-0.008992,-0.013820,0.000000,0.024133,0.037873,-0.017588,-0.030334,-0.059691,-0.017299,-0.039509,-0.047882,0.088087,0.043458,-0.004625,0.013957,-0.003057,-0.003676,0.009018,-0.000469,0.007799,0.006367,0.005071,0.000000,-0.019102,-0.008631,-0.006325,0.000000,-0.050077,0.058234,-0.038856,0.000000,-0.028017,-0.066077,0.021186,0.000000,-0.017221,0.036700,-0.032428,0.005538,0.019852,0.070097,0.001043,0.000000,-0.026833,0.017875,0.017502,0.000000,-0.004139,0.052403,-0.013555,-0.001076,0.015034,0.002132,-0.018671,0.009839,-0.027271,-0.019912,0.007352,0.006379,-0.015279,0.016385,-0.020605,0.000000,0.071516,0.074311,0.034361,0.000000,0.037714,0.045398,0.015402,-0.015294,-0.031063,0.023851,0.084961,0.017825,0.054890,-0.016019,-0.036233,0.087673,0.025968,0.008372,-0.076451,-0.035315,0.028200,0.008659,-0.017613,0.065627,0.030641,-0.067425,-0.008150,-0.016807,-0.021094,0.047547,-0.018498,0.000000,
0.086619,0.001226,0.045111,0.048762,300.366061,-0.016110,0.002276,0.008307,-0.003020,0.001847,0.014764,-0.022898,0.003660,-0.001203,0.070730,-0.011352,-0.003579,0.028586,0.032534,-0.037617,-0.000347,0.002576,0.000288,0.046645,-0.000121,-0.007649,-0.000106,-0.048042,-0.020968,-0.034808,-0.000745,0.085365,-0.013565,0.015252,-0.021525,-0.043426,0.002040,0.075387,0.067367,-0.034914,-0.017885,0.010665,0.060115,0.060339,-0.000024,-0.001061,0.091483,0.081899,-0.003167,-0.000393,-0.001707,-0.091191,0.007554,0.016443,0.043676,-0.003880,-0.064998,-0.000965,0.000647,-0.013537,-0.086202,0.002852,-0.005691,0.071878,0.038103,0.092337,0.019844,-0.001220,0.038113,0.041347,-0.001099,-0.011974,-0.025903,0.007572,-0.014496,-0.026226,-0.000574,0.010956,-0.018665,-0.071446,0.048307,-0.041813,-0.072920,0.041263,-0.026452,-0.000820,-0.012409,-0.008038,-0.006741,0.057220,-0.089607,-0.000017,-0.089675,0.056282,0.045002,0.000000,0.000680,-0.051576,0.004586,0.000000,-0.009474,-0.050983,-0.023304,0.000000,0.089002,-0.045142,-0.000709,-0.002713,0.000698,0.010362,-0.034021,-0.022435,-0.033742,-0.026606,0.011269,-0.076001,-0.074934,0.008052,-0.022819,-0.046269,0.025686,-0.000001,-0.095560,0.000000,0.001963,0.011576,0.030309,0.000000,-0.002896,0.099741,-0.015821,0.000000,0.096801,-0.012378,0.026462,0.000000,0.005055,0.008627,-0.003951,-0.002465,-0.066403,-0.049110,-0.002408,0.000000,-0.011687,-0.006319,-0.016177,0.000000,0.001346,-0.074039,-0.002440,-0.003583,0.032541,0.075702,-0.020494,0.005760,-0.022915,0.002107,-0.000152,-0.000470,-0.016921,-0.004591,-0.000025,0.000000,-0.001371,0.001737,0.054080,0.000000,-0.000429,0.000784,-0.010490,0.098515,0.094818,-0.040333,-0.070794,0.046219,0.008701,-0.088652,-0.011398,-0.000320,0.000017,-0.000012,0.000419,0.002325,-0.053319,0.000309,0.081848,-0.055550,-0.000352,0.005135,0.002846,-0.001522,-0.069851,0.030049,-0.001098,0.000000,
0.028668,0.000184,0.048662,-0.035867,-0.016110,80.324950,-0.060362,0.037089,-0.069626,0.045955,0.002943,-0.032738,0.003321,0.038664,-0.036841,0.013233,-0.000064,-0.016354,0.000039,0.000431,-0.014471,-0.000025,0.004913,0.076462,0.006700,0.047440,0.005321,-0.009523,-0.065202,0.008861,0.011831,0.010182,-0.007993,0.000641,-0.048096,0.017540,-0.039359,-0.003153,-0.062981,0.034893,-0.088272,-0.011105,0.023345,-0.021298,-0.069034,-0.015982,0.015298,-0.000129,-0.010012,-0.006942,0.009826,-0.061812,0.004196,0.006438,-0.000403,-0.002346,0.005570,0.023956,0.095833,-0.000413,0.002182,0.003644,-0.000892,0.000433,0.053845,-0.011725,-0.006234,0.000225,0.000000,-0.010360,0.068356,-0.000964,0.041755,0.036914,-0.041927,0.037530,-0.002575,-0.023176,-0.022959,0.066213,0.031416,0.054028,0.004224,-0.014270,-0.003856,-0.010815,0.014031,0.000573,-0.020780,-0.004216,0.012037,-0.084447,-0.044181,-0.068336,0.032754,0.000000,0.015350,-0.013171,-0.003695,0.000000,-0.003936,-0.051877,-0.013367,0.000000,0.003781,0.014370,0.028849,0.007278,0.003432,-0.000281,0.099162,-0.084083,-0.066832,0.072171,-0.000012,-0.062257,0.057431,0.050945,0.000682,-0.081233,-0.016796,-0.002394,0.006175,0.000000,0.004234,0.022023,0.087073,0.000000,-0.003921,0.057090,-0.058455,0.000000,-0.021407,-0.056314,-0.080052,0.000000,0.002142,0.008086,-0.077921,-0.011617,-0.000501,-0.033559,0.007587,0.000000,-0.005958,-0.019522,-0.035615,0.000000,0.072559,0.053234,-0.004623,-0.014394,-0.000796,-0.084075,0.033266,-0.012775,0.003916,0.041676,0.005180,-0.001164,-0.036723,0.007260,-0.001146,0.000000,-0.003486,0.023649,0.085219,0.000000,-0.001451,-0.000818,0.009134,0.015303,0.077861,-0.001617,0.020007,0.040128,0.011262,0.000780,0.073597,0.028693,-0.006675,0.045160,-0.001371,0.013590,0.001419,0.000142,0.001478,-0.084584,0.001288,0.003948,0.010704,-0.072499,0.064759,-0.001631,0.028314,0.000000,
-0.012391,0.060240,0.027529,-0.026579,0.002276,-0.060362,1.464099,-0.077098,0.005242,0.064907,-0.025816,0.093786,0.071993,0.037451,0.051694,0.019411,-0.008406,0.029330,-0.075368,0.091849,-0.079457,0.064754,0.030280,0.082189,-0.077348,0.013005,-0.014100,0.018729,0.045333,0.026337,-0.081640,-0.031368,-0.049627,0.019464,-0.007176,-0.000860,-0.025800,0.048101,0.084676,0.003940,0.017796,-0.007985,-0.003482,-0.037239,0.060559,0.085385,-0.033659,0.016713,0.095654,0.061090,0.013412,0.084653,-0.000042,0.017110,-0.000739,0.021019,-0.007380,-0.073058,0.014667,0.018862,-0.045390,0.040691,-0.053107,-0.002256,0.020430,0.015447,-0.001046,0.006024,-0.081166,-0.018499,0.009622,0.012970,0.023614,0.021637,0.002331,0.052101,0.024344,0.037636,-0.060187,0.014285,-0.088803,-0.031081,0.018711,0.066659,0.039339,-0.060020,0.047356,-0.051259,0.001286,-0.094658,0.069152,-0.005258,0.020189,0.040506,-0.045329,0.000000,0.053101,0.012375,-0.000555,0.000000,-0.017656,-0.009133,-0.002527,0.000000,-0.034135,-0.002123,0.061933,0.002457,0.060086,0.006764,0.002178,-0.046751,-0.035810,0.072740,-0.078114,-0.031390,0.070969,-0.021058,-0.015166,-0.001856,-0.046524,0.019006,-0.054661,0.000000,0.007495,-0.021748,-0.038706,0.000000,0.043562,0.055487,0.066891,0.000000,0.027524,0.003464,0.071924,0.000000,-0.045091,-0.098192,0.081301,0.004186,-0.016132,-0.018851,-0.006656,0.000000,-0.021217,-0.092171,0.030344,0.000000,-0.044276,-0.027585,-0.008400,-0.004943,0.051805,-0.057176,-0.097659,-0.013404,-0.024221,-0.058584,-0.084266,-0.002102,-0.020982,-0.014563,-0.059571,0.000000,0.026870,0.005489,0.062167,0.000000,-0.018652,-0.060051,-0.064634,0.057109,0.075637,0.037825,0.052495,-0.046809,-0.047559,0.000862,-0.073841,-0.086549,-0.013516,0.038575,0.086520,0.025781,-0.083145,-0.053017,-0.050930,-0.020226,0.010843,0.055273,0.014195,-0.020213,-0.003036,-0.023947,-0.059395,0.000000,
0.089419,0.007578,-0.058552,0.022284,0.008307,0.037089,-0.077098,0.136946,-0.003883,-0.026173,-0.035319,0.036439,0.014373,-0.008087,0.051020,-0.068861,0.026310,-0.000221,-0.004325,0.047348,0.000516,-0.045840,0.008301,0.000426,-0.010681,0.028237,0.002958,-0.016561,0.002712,0.012011,0.094633,-0.069330,-0.022971,-0.019460,-0.056860,0.037027,0.064520,0.038171,0.028095,-0.009707,-0.004640,0.000388,0.010836,0.008423,-0.002498,-0.050843,0.020238,0.051776,0.002829,-0.014814,0.013154,0.002200,0.005775,-0.001942,0.010069,-0.090553,0.005263,-0.009830,0.003864,-0.004246,0.024881,0.090016,0.027803,0.009600,0.001974,-0.031393,-0.015445,0.000046,0.036800,-0.059626,-0.015619,-0.000353,0.093332,-0.021487,0.014433,0.020896,0.019683,-0.011737,0.002782,0.092958,-0.011803,-0.004696,-0.005415,0.012429,0.002066,-0.084214,-0.047142,-0.022787,-0.008119,-0.002902,0.024096,0.003466,-0.019832,0.030504,-0.030293,0.000000,-0.007042,-0.013402,0.010371,0.000000,-0.016483,-0.061614,-0.014285,0.000000,-0.002390,-0.005582,0.095523,-0.038459,-0.008352,0.000541,-0.049735,0.001070,0.003850,-0.048634,0.005323,0.015729,-0.003981,0.034022,0.009894,0.003216,0.010841,0.011063,0.001977,0.000000,-0.034778,0.005978,0.030957,0.000000,-0.042235,0.001485,0.089931,0.000000,-0.008497,-0.045937,-0.021795,0.000000,0.016225,-0.003072,-0.013509,-0.009141,0.016175,-0.012509,0.002526,0.000000,-0.014838,0.010530,-0.007421,0.000000,-0.014717,-0.020034,0.003913,-0.002394,0.004893,0.017539,0.015422,0.016699,0.018603,0.046492,-0.025053,0.007846,-0.006314,0.008886,0.000592,0.000000,0.004015,-0.006377,0.014598,0.000000,0.002338,0.041803,0.011071,-0.018301,-0.063180,-0.078196,0.014820,-0.028472,0.050930,0.023797,-0.009205,-0.068068,0.029977,0.065268,0.061187,0.030772,0.014230,-0.006944,-0.013545,-0.040087,0.045264,-0.008291,-0.000000,-0.006208,-0.041408,0.057558,0.028165,0.000000,
0.063975,-0.000519,-0.069135,-0.078123,-0.003020,-0.069626,0.005242,-0.003883,178.744357,0.006173,-0.050366,-0.017550,0.000246,0.027682,0.073367,-0.093258,-0.001100,-0.047471,0.008578,0.006891,-0.043307,0.000406,0.066273,-0.007423,0.003441,-0.007155,0.097383,-0.094787,0.025992,-0.000532,0.023945,0.054356,-0.000292,0.003106,-0.004202,-0.010389,-0.060747,0.002392,-0.087284,0.002117,-0.012381,0.014273,-0.000010,0.019658,-0.001495,-0.000799,-0.071938,0.058513,0.043385,0.033331,-0.028212,-0.007228,0.000147,-0.004744,0.061706,0.005889,0.001445,0.027464,-0.000648,-0.038154,0.003110,-0.049194,0.066692,-0.030304,-0.036237,0.006417,0.024067,-0.000360,0.038648,0.000936,-0.043557,0.058636,-0.012222,-0.073134,-0.008489,-0.009393,0.019345,0.078613,-0.011652,-0.074331,0.044586,0.002892,0.072697,0.030715,0.000299,0.001224,-0.013664,0.010634,-0.010060,0.002119,0.067102,-0.092029,0.000000,-0.025070,0.000248,0.000000,0.002860,-0.029687,-0.009421,0.000000,0.002304,0.046339,0.028515,0.000000,0.069356,-0.005182,0.001436,-0.000602,0.000660,-0.026716,-0.026437,-0.031219,0.010160,-0.000610,-0.003500,-0.041726,0.036742,0.014892,0.001670,-0.060560,0.018972,-0.093795,-0.008899,0.000000,-0.025935,-0.008718,-0.009610,0.000000,-0.004013,-0.004025,0.001289,0.000000,-0.000111,0.008598,-0.044955,0.000000,0.009367,0.036597,0.011564,0.092911,-0.063172,-0.027420,-0.027602,0.000000,0.048541,-0.039449,-0.010999,0.000000,0.008556,0.014317,0.000587,-0.000468,0.039540,0.020476,0.029583,0.013809,-0.019996,0.077464,0.023911,-0.000699,0.012171,0.009945,-0.000008,0.000000,0.062631,0.001838,0.000842,0.000000,0.036765,-0.001031,0.079727,0.047882,0.000378,-0.006749,0.053233,-0.011565,-0.068519,0.000248,0.000172,-0.099464,0.030205,0.045008,0.048814,0.002595,0.000332,0.002901,-0.005446,-0.006342,-0.078369,-0.046568,-0.075698,0.023252,-0.062763,-0.007813,-0.041501,0.000000,
0.014787,-0.009363,-0.049959,-0.000218,0.001847,0.045955,0.064907,-0.026173,0.006173,1.801339,0.024717,0.089074,0.024876,0.014098,0.064773,0.038261,0.054434,0.023337,-0.058027,-0.003993,0.008544,-0.024160,-0.003170,-0.007959,-0.034530,-0.005854,-0.007839,-0.040871,-0.081048,0.002648,-0.014017,0.054688,0.046139,0.012010,0.005019,-0.023702,-0.007341,0.061181,-0.017676,0.006186,0.018631,0.027266,0.079969,0.026487,-0.001086,-0.032716,-0.003772,-0.023003,0.058558,-0.016701,-0.006601,-0.042360,0.036835,0.051106,-0.018183,-0.014366,0.026634,0.037109,-0.009120,-0.014962,0.054073,-0.057178,-0.032832,0.019552,-0.042879,0.071603,0.021275,-0.010618,0.014007,-0.057651,-0.029809,-0.019025,0.001421,0.061464,-0.013514,-0.088289,-0.001338,0.022022,0.044554,-0.055571,0.005163,-0.023442,0.034567,0.019725,-0.017151,0.000727,-0.024579,0.006177,-0.013160,-0.055722,-0.033423,-0.049040,0.018435,-0.020593,0.012106,0.000000,-0.093393,0.048385,-0.072242,0.000000,0.065526,0.004698,-0.029795,0.000000,-0.039299,-0.072000,-0.085001,0.026870,0.047017,0.002456,0.024802,0.060499,0.043711,-0.015009,0.053440,-0.058830,0.072091,-0.015314,0.003481,-0.025911,0.016426,-0.035428,0.068756,0.000000,0.036424,-0.042843,0.033980,0.000000,-0.049766,0.017732,-0.082347,0.000000,0.016561,-0.072446,0.041630,0.000000,0.052213,-0.054979,0.062162,-0.010327,0.031332,0.048004,-0.007064,0.000000,0.019103,0.060637,-0.009832,0.000000,0.031631,0.095339,-0.014942,0.047835,-0.025554,-0.006084,0.025429,0.010862,0.040155,-0.024791,-0.070185,0.042688,0.052426,-0.003635,-0.077460,0.000000,-0.020570,-0.053523,0.076602,0.000000,0.001648,-0.085862,0.013488,0.009190,0.054629,-0.004915,0.092053,-0.031433,-0.040828,-0.077035,-0.041343,0.000101,0.015953,-0.016672,-0.078076,0.063997,-0.043184,0.087680,0.012436,-0.009845,-0.038320,0.007203,-0.097179,-0.002279,0.028036,0.060435,-0.024481,0.000000,
-0.045174,-0.001442,0.081805,0.081399,0.014764,0.002943,-0.025816,-0.035319,-0.050366,0.024717,5.204404,0.005148,-0.026388,0.073089,-0.077850,0.074873,0.002214,-0.093103,-0.027614,-0.019634,0.030216,-0.045598,0.005246,0.030869,-0.049541,-0.018050,-0.040984,0.022966,0.027480,0.039383,-0.007967,0.015898,0.000658,-0.012113,0.013577,-0.058282,-0.011994,0.024810,0.063860,0.007712,-0.031834,0.049744,-0.081719,0.063460,0.087889,0.022518,0.099594,0.034016,0.026661,0.024913,-0.034569,0.059320,0.024462,-0.059182,0.055653,-0.018980,0.013320,-0.038430,-0.007867,-0.069128,0.003540,0.099493,-0.037260,-0.004669,0.092735,-0.077191,-0.020876,-0.045790,-0.008865,-0.014726,0.023131,-0.015767,0.037190,0.057381,0.045533,0.042763,0.072852,-0.065176,-0.008477,0.008772,-0.003518,0.026764,-0.013320,0.065463,-0.066614,0.073211,0.074529,-0.002282,0.025493,-0.036426,0.012017,0.091457,0.081547,-0.026693,-0.024629,0.000000,-0.009964,0.072865,-0.088876,0.000000,-0.038664,0.006550,-0.069876,0.000000,-0.006778,-0.037616,0.023250,-0.075651,-0.037912,-0.041450,-0.018769,0.010857,-0.056935,0.078890,0.036489,-0.015046,0.020435,-0.033728,0.038220,0.043822,-0.055698,0.091609,-0.064686,0.000000,0.014239,-0.026210,0.003906,0.000000,-0.036182,-0.084547,-0.046142,0.000000,-0.077144,0.018497,0.055176,0.000000,0.082202,0.010605,0.041754,0.060448,-0.006865,0.014924,-0.013587,0.000000,0.006834,-0.000000,0.068607,0.000000,0.008195,0.007557,-0.005448,-0.003409,0.003421,0.003510,0.035653,-0.019539,0.014951,-0.042900,0.011308,0.002603,0.026586,-0.013687,-0.066018,0.000000,0.047811,-0.067773,-0.030612,0.000000,0.041793,0.018202,-0.009231,0.060967,-0.009696,-0.004522,0.032997,0.032669,0.061513,-0.006624,0.041229,0.029188,0.004027,-0.031350,-0.019753,-0.000112,-0.057276,0.011434,-0.023955,-0.007571,-0.003789,0.027376,-0.018630,-0.000856,0.046413,0.019492,0.085180,0.000000,
-0.058133,-0.000472,0.004817,-0.005908,-0.022898,-0.032738,0.093786,0.036439,-0.017550,0.089074,0.005148,0.234431,0.061926,0.042822,0.035838,0.041815,-0.006352,0.033280,-0.017258,-0.061323,0.067608,0.000555,0.016052,-0.072765,-0.008869,0.035188,-0.002796,-0.000566,-0.079108,-0.069950,-0.080991,-0.004352,0.051680,0.027532,0.018041,-0.014528,-0.013256,-0.081649,0.064687,0.040882,0.000044,0.019197,-0.001106,0.019587,-0.001012,0.006947,-0.009227,0.042454,0.003147,-0.011883,0.005615,0.001273,0.061802,0.025425,-0.007350,0.001052,0.003889,0.052196,-0.023559,-0.003077,0.053838,0.026394,0.099257,-0.017888,-0.003765,-0.075075,-0.048124,-0.008863,0.006964,-0.076259,0.023502,0.001471,0.088147,0.046745,0.032684,0.023598,-0.009258,-0.012516,0.005049,0.016433,0.040726,-0.048738,-0.020968,0.053795,-0.086288,-0.071085,0.028238,-0.010413,-0.072464,-0.001169,-0.018243,0.008246,-0.022306,0.083944,0.028837,0.000000,0.004735,0.010443,-0.007121,0.000000,-0.005132,0.003908,-0.054591,0.000000,0.018138,0.067668,0.013975,-0.011626,0.035082,-0.060342,0.002742,0.020577,0.061433,-0.009483,-0.013719,-0.002580,0.015372,0.037484,0.014105,0.004980,-0.006652,0.002820,-0.007154,0.000000,-0.002763,0.000170,0.043046,0.000000,-0.000668,0.001025,0.053536,0.000000,-0.060410,-0.050807,-0.069273,0.000000,-0.013817,-0.034868,0.006337,-0.003192,-0.004511,-0.053995,-0.001012,0.000000,0.019284,-0.040971,-0.003782,0.000000,-0.030969,0.030590,0.042591,-0.002966,-0.012054,0.001740,-0.095084,-0.016183,-0.090231,0.003166,0.004150,-0.002373,0.025209,0.088623,-0.046057,0.000000,-0.000585,-0.027410,0.043495,0.000000,-0.024125,-0.039426,-0.023737,0.017131,-0.022413,0.007318,-0.072905,-0.004164,0.088541,0.009270,0.021471,-0.002668,-0.063062,-0.001389,-0.072606,0.038649,-0.007368,-0.036247,0.051751,0.030180,0.048809,0.030334,0.024946,0.011872,-0.084514,0.009705,0.026032,0.000000,
-0.003267,0.001912,0.004986,0.014348,0.003660,0.003321,0.071993,0.014373,0.000246,0.024876,-0.026388,0.061926,396.277447,-0.000031,-0.006912,0.073847,0.090891,-0.078110,0.052327,0.001022,-0.000672,-0.046234,0.000913,-0.074335,0.003028,0.000009,-0.046881,-0.000493,-0.000090,0.004096,-0.000306,0.049230,0.081973,0.000083,-0.007518,0.008383,0.050254,0.002579,0.008266,0.003385,0.083101,-0.001012,-0.000067,-0.076975,-0.021018,0.039754,-0.084262,0.000009,0.038699,-0.084402,-0.006075,0.082610,-0.030269,-0.000102,-0.000573,0.021710,0.033603,0.006639,0.021358,0.075218,-0.011015,-0.039564,0.061694,-0.017476,0.005038,0.005388,0.038751,0.001578,0.010536,-0.000135,0.053481,-0.000536,-0.013705,-0.036421,-0.001635,-0.000745,-0.000444,0.000102,0.030793,0.043707,0.063824,-0.018693,-0.013669,0.000172,0.000634,-0.003915,0.019172,0.067568,-0.096957,-0.065203,-0.003721,-0.007036,-0.003956,0.040127,-0.090924,0.000000,0.017851,-0.021311,0.030317,0.000000,0.016905,0.002268,-0.044897,0.000000,0.092829,-0.016548,0.000346,-0.012120,0.041386,0.012551,0.057337,0.022416,-0.081380,0.019302,-0.059770,-0.044341,-0.022674,0.066579,-0.001679,-0.000087,-0.002729,0.040786,0.006590,0.000000,0.001687,-0.056464,0.058065,0.000000,0.040808,0.023686,-0.002655,0.000000,-0.000572,0.029256,-0.061144,0.000000,-0.000976,0.001646,0.000464,0.003901,0.072310,-0.025350,-0.013970,0.000000,0.033186,0.015225,-0.009146,0.000000,0.003567,0.031829,0.000558,-0.027989,0.018922,0.003355,0.063840,0.011181,-0.004605,0.000514,-0.005498,0.001158,0.025235,-0.066471,0.006024,0.000000,-0.022223,0.021833,-0.076882,0.000000,0.012650,-0.000181,0.030333,0.000000,-0.000028,-0.002283,-0.018119,0.012855,0.018385,0.000965,-0.000424,-0.028987,0.011827,-0.003503,0.043427,0.008961,-0.000079,0.006426,-0.002299,-0.010241,-0.008260,-0.032515,0.003363,-0.001884,0.000148,0.002568,0.011107,0.000000,
-0.039036,-0.002802,-0.068450,0.005681,-0.001203,0.038664,0.037451,-0.008087,0.027682,0.014098,0.073089,0.042822,-0.000031,2702.600190,0.041420,0.078839,0.000044,-0.090348,0.008856,0.021174,0.001894,0.049508,-0.050803,-0.019388,0.043633,-0.005353,-0.000171,-0.049456,-0.015689,0.002473,0.039041,0.007483,0.013523,0.000417,0.055648,-0.065014,-0.092997,0.080512,-0.002764,-0.064172,-0.005048,-0.011961,-0.009416,-0.069078,0.000149,-0.000530,0.085392,-0.052186,-0.019266,-0.000590,0.007713,-0.095611,0.013882,0.008288,-0.000000,0.003227,-0.073635,-0.009540,-0.012522,0.085669,0.006740,0.000314,-0.083029,-0.051404,0.041511,-0.039268,0.004770,-0.000289,-0.001803,-0.003918,0.023588,0.000256,-0.033679,0.064118,0.053211,0.098740,0.000060,0.006670,0.026482,-0.047307,0.001104,-0.000119,-0.005002,-0.045594,0.033881,-0.013562,0.029520,0.004037,0.016497,0.007532,0.036837,0.011370,0.030219,0.037936,-0.024825,0.000000,0.065848,-0.021528,0.074321,0.000000,0.007487,0.032049,-0.002672,0.000000,0.002154,0.054012,-0.054316,0.023497,-0.000105,-0.000033,-0.009180,-0.045223,-0.004687,0.059974,0.027984,0.050645,0.014825,0.011921,0.030268,-0.000840,-0.004688,0.007253,-0.005310,0.000000,-0.009665,0.006384,0.006702,0.000000,0.006559,0.058611,-0.062384,0.000000,-0.000372,0.017023,0.038906,0.000000,0.068686,-0.009358,0.036180,0.007137,-0.018178,-0.044837,0.006091,0.000000,0.073474,-0.012183,-0.016556,0.000000,0.092210,0.017993,0.054120,-0.000817,0.099406,0.064983,-0.023975,-0.010628,-0.000982,0.000539,0.005191,0.002011,0.015351,0.089599,-0.099811,0.000000,-0.008702,0.001427,0.020034,0.000000,0.000720,0.005092,-0.038898,-0.076509,0.004030,0.083325,0.013354,-0.025158,0.000835,-0.000051,-0.000769,-0.094407,-0.000011,0.000169,0.000811,-0.008153,0.004936,-0.005568,-0.000105,-0.042354,-0.000945,0.026710,0.037469,-0.001872,-0.030857,0.042909,0.014822,0.000000,
-0.007407,-0.005922,0.002358,0.017767,0.070730,-0.036841,0.051694,0.051020,0.073367,0.064773,-0.077850,0.035838,-0.006912,0.041420,0.298014,-0.002418,-0.050160,-0.064770,-0.077945,0.047216,-0.014674,0.020408,0.015904,0.009226,0.070123,-0.019765,-0.001749,-0.023716,-0.012358,0.000053,-0.057154,-0.036171,-0.028040,-0.095942,-0.028002,0.000872,0.018777,-0.021993,0.015940,-0.011914,0.049070,-0.033223,-0.008243,-0.000427,-0.059480,0.079646,0.024373,0.042468,0.009706,0.053434,-0.025467,-0.079039,0.027944,-0.023092,0.068376,-0.055962,-0.012386,-0.053220,-0.081349,-0.073546,-0.014572,0.024916,-0.065691,-0.011698,-0.053694,-0.013780,0.019033,0.003770,-0.012742,-0.005132,-0.060445,0.000060,0.043104,-0.013509,-0.012698,-0.043398,-0.072876,-0.073819,0.055730,0.015690,0.072667,0.015283,0.022701,-0.024388,0.003476,0.009964,-0.054894,0.007881,-0.040150,0.050215,0.016625,-0.017037,0.009388,-0.062753,-0.046377,0.000000,-0.010271,0.042397,-0.031757,0.000000,-0.020831,0.041699,-0.066606,0.000000,0.032877,-0.000440,0.035728,-0.050702,-0.014998,0.009387,-0.089046,0.006563,0.021168,-0.044251,0.037818,-0.008816,-0.003995,0.032242,-0.024331,-0.008672,0.004853,-0.014424,-0.014566,0.000000,-0.041070,-0.019251,-0.007309,0.000000,-0.013763,0.051414,-0.015167,0.000000,0.004420,-0.000826,-0.000000,0.000000,-0.056290,0.016195,-0.009144,-0.002411,0.014199,-0.033654,0.003649,0.000000,0.008963,0.004823,-0.005045,0.000000,-0.011197,0.026853,0.004527,-0.010320,0.009006,-0.085151,-0.041685,0.009285,-0.006413,0.005749,-0.043798,0.016166,-0.050540,-0.002905,0.015555,0.000000,-0.037504,-0.013558,-0.007242,0.000000,0.074191,0.023092,0.005911,-0.008847,0.044551,0.015259,-0.032971,0.022488,0.009192,0.065982,0.041216,-0.004161,0.090672,0.018614,-0.004989,0.033871,0.001948,-0.034508,-0.024652,-0.044489,0.069063,0.027706,0.005000,-0.014046,0.008854,-0.048445,-0.030016,0.000000,
0.024742,0.087145,-0.072090,-0.067042,-0.011352,0.013233,0.019411,-0.068861,-0.093258,0.038261,0.074873,0.041815,0.073847,0.078839,-0.002418,4.016724,-0.053442,0.016433,0.023792,-0.001553,0.010014,-0.017223,-0.066479,0.076385,-0.002689,0.009727,-0.029584,0.045722,-0.064254,-0.000453,0.043914,-0.005058,0.060946,0.016307,0.094634,0.068958,0.019979,0.010378,-0.040378,-0.013777,-0.001120,0.017557,0.015732,-0.094530,0.001006,0.016839,-0.033971,-0.038939,0.051890,-0.066773,-0.007447,-0.014065,0.008454,-0.072873,0.022408,-0.034455,-0.056472,0.024250,0.007541,-0.069091,-0.003989,-0.000000,0.097836,0.059442,-0.014923,-0.027062,-0.039242,0.028550,0.062980,0.085917,0.019268,0.006127,0.080430,0.040278,-0.011346,0.000598,0.056193,-0.067461,-0.088968,0.003449,0.000351,-0.050139,0.096983,-0.083719,0.068131,0.036373,-0.022549,0.009231,0.057434,0.000449,-0.012088,0.032999,0.044744,0.039130,0.000359,0.000000,0.068144,-0.029097,0.002881,0.000000,-0.042728,0.005873,-0.025133,0.000000,-0.015975,0.009976,-0.092076,0.084403,-0.065599,0.073962,0.017979,0.025880,0.021219,0.000546,-0.013680,-0.026488,0.083648,-0.010985,-0.002552,0.014635,-0.093994,0.039730,0.004556,0.000000,0.017716,-0.000644,-0.038974,0.000000,0.009930,0.007796,-0.027916,0.000000,-0.039577,0.003217,0.062360,0.000000,-0.033574,0.001696,-0.031028,-0.021877,-0.008050,-0.064640,-0.032917,0.000000,0.027108,-0.011629,-0.050585,0.000000,-0.074544,-0.019440,0.015073,-0.013994,0.076557,0.046171,0.025812,0.001275,-0.087272,0.009056,-0.024253,0.015350,0.075579,-0.037141,-0.015140,0.000000,-0.065909,-0.026209,-0.024834,0.000000,-0.015560,-0.021245,-0.016249,0.093820,-0.037357,0.039126,0.032417,-0.098220,0.014490,-0.002477,-0.082539,0.076320,0.034939,0.000000,0.021913,0.007081,-0.075706,-0.036979,-0.018989,-0.042942,0.038559,0.037535,0.039085,0.011010,-0.041915,0.030386,-0.047323,0.000000,
0.015857,0.014555,0.043672,-0.065468,-0.003579,-0.000064,-0.008406,0.026310,-0.001100,0.054434,0.002214,-0.006352,0.090891,0.000044,-0.050160,-0.053442,806.961728,0.073893,-0.026210,0.042768,-0.087943,-0.000788,0.030184,-0.007871,0.000101,0.015860,-0.000260,0.080242,-0.072254,-0.057241,-0.026622,-0.001680,-0.026229,0.000162,-0.014175,0.061037,-0.039007,0.002007,-0.026938,-0.028930,-0.036976,0.077569,-0.000160,-0.000190,0.015513,0.000112,0.009033,-0.078456,-0.012984,-0.071220,-0.002662,0.080280,-0.000433,0.027832,-0.051808,0.048824,0.000045,0.014299,-0.070139,0.017296,-0.028938,0.084782,-0.076684,0.063949,0.035160,-0.046385,-0.036802,0.001213,-0.069767,-0.014873,0.036837,-0.000957,0.002558,-0.041297,0.012289,0.043556,-0.043427,0.074303,-0.000182,-0.007960,-0.002254,0.000003,-0.040914,0.005448,0.080756,-0.000156,-0.064286,-0.025257,-0.025873,-0.017633,-0.059716,-0.003373,-0.006780,0.082397,-0.010617,0.000000,-0.021406,-0.002208,-0.007508,0.000000,-0.020767,0.036319,-0.017393,0.000000,-0.044350,0.092286,-0.014069,0.002734,0.001216,0.018226,0.056929,0.006505,-0.033073,0.004745,0.011093,0.087312,0.001184,-0.047253,-0.031699,-0.000795,0.006862,-0.073285,0.026100,0.000000,-0.006970,0.045935,-0.002396,0.000000,0.021350,-0.007325,-0.040878,0.000000,-0.000006,0.012955,0.086340,0.000000,-0.001871,-0.003424,0.074529,0.000588,-0.084074,0.076330,-0.057015,0.000000,-0.008001,-0.014562,-0.054517,0.000000,0.020703,0.043907,-0.027728,-0.000570,0.062898,-0.065015,0.019144,-0.006838,-0.030199,0.022391,0.000051,-0.000000,-0.011877,-0.001485,-0.000000,0.000000,-0.004568,-0.004233,-0.003523,0.000000,0.010336,0.000190,-0.002725,-0.001121,-0.001178,0.017548,0.027217,0.075700,0.009323,-0.000037,-0.037467,0.032907,-0.071137,0.020429,-0.000131,-0.006324,-0.059395,-0.000038,0.003851,-0.050964,0.000178,0.014145,-0.083359,-0.005886,0.000939,0.055379,-0.038765,0.000000,
-0.017900,-0.001303,0.055090,-0.000354,0.028586,-0.016354,0.029330,-0.000221,-0.047471,0.023337,-0.093103,0.033280,-0.078110,-0.090348,-0.064770,0.016433,0.073893,11.595429,0.000652,0.006556,-0.089346,0.003976,0.005682,0.072746,0.077633,0.047757,0.022954,0.069099,-0.040178,-0.076323,0.015821,0.004479,0.000000,0.003628,-0.087568,-0.029949,0.000751,-0.009741,-0.059128,-0.008097,-0.015032,-0.009728,-0.003509,-0.025779,0.000095,-0.026182,0.043209,-0.001888,0.041894,0.010750,-0.057532,-0.005883,-0.099592,-0.006156,-0.003346,0.006831,0.036918,0.006188,0.001290,-0.008926,0.037605,0.048089,0.009966,0.026884,0.073173,-0.083929,0.046627,0.082729,-0.039660,0.012937,-0.028563,0.037977,-0.024927,0.091653,0.002728,0.012080,-0.048812,-0.005636,-0.060957,-0.003613,0.032276,-0.032078,-0.081748,-0.012137,-0.014923,-0.000090,0.045082,0.001825,-0.046875,-0.079531,-0.008168,0.038484,-0.060784,0.000189,-0.024362,0.000000,0.013048,-0.008150,-0.028785,0.000000,0.023940,0.054833,0.067836,0.000000,0.002880,-0.005410,0.090205,0.021557,-0.012284,0.094483,0.082423,-0.029271,-0.096532,-0.001202,-0.059919,0.095240,0.060594,0.002764,-0.071631,0.007294,-0.000033,0.022307,-0.052372,0.000000,0.089672,0.005941,0.015263,0.000000,-0.023338,-0.026112,0.005396,0.000000,-0.072091,-0.015177,0.068379,0.000000,-0.001455,0.088240,0.034224,0.079314,-0.045710,-0.016991,-0.058985,0.000000,-0.006402,0.027351,0.010924,0.000000,0.043125,-0.002465,0.019639,-0.014202,-0.007152,-0.002510,0.077567,0.092180,0.090795,0.061545,0.040727,0.020971,-0.075356,-0.035204,-0.027123,0.000000,-0.002333,-0.001020,-0.016716,0.000000,-0.009869,0.062108,-0.082062,0.075716,-0.002465,-0.034440,0.061747,0.000487,0.083128,-0.018662,0.075189,-0.035850,-0.034852,0.019213,-0.023177,-0.055120,-0.054941,-0.003062,0.056544,-0.052599,0.040099,-0.033999,-0.011311,0.012191,0.098451,-0.020880,0.051820,0.000000,
-0.037819,0.019072,0.016478,-0.003780,0.032534,0.000039,-0.075368,-0.004325,0.008578,-0.058027,-0.027614,-0.017258,0.052327,0.008856,-0.077945,0.023792,-0.026210,0.000652,0.201482,-0.048244,0.017843,-0.083811,-0.036324,0.004619,0.050946,-0.005645,0.002379,-0.057797,0.014306,0.046416,-0.003826,0.035025,0.084092,-0.043097,-0.001539,-0.013619,-0.080882,0.016392,0.019025,-0.016477,-0.099143,0.000796,0.063505,-0.024978,-0.039164,0.038107,0.018591,0.042642,-0.004324,-0.027381,-0.006187,-0.080849,-0.061101,0.094275,-0.033003,-0.011212,-0.054152,0.001911,-0.008246,0.045269,-0.004495,0.034410,0.074640,-0.002195,0.026045,0.062884,0.039080,0.001136,0.003185,-0.068206,0.047844,-0.005954,-0.035161,-0.065370,-0.007310,-0.014026,-0.004630,-0.079165,-0.009299,-0.071526,0.062007,0.040505,-0.012341,-0.042774,-0.057011,0.017695,-0.022049,0.064985,0.013935,0.000907,-0.005462,0.007057,-0.035134,0.031937,0.000934,0.000000,-0.017757,-0.017405,0.027207,0.000000,0.030787,-0.002180,0.021500,0.000000,0.001270,0.085930,-0.046294,0.058604,0.015222,0.035351,0.015901,0.099927,0.042431,-0.019452,0.010256,0.008059,-0.012953,0.026604,0.002887,0.003014,0.001310,-0.000993,0.004708,0.000000,0.001785,0.051662,-0.008180,0.000000,-0.054043,0.041036,-0.036097,0.000000,-0.047561,-0.023147,-0.020453,0.000000,0.028430,-0.011498,0.013947,-0.004123,-0.017328,-0.062370,-0.001611,0.000000,-0.007894,-0.005398,-0.003568,0.000000,0.056125,-0.040282,-0.024851,0.006768,0.064470,0.031719,0.003654,0.011622,0.009485,0.015903,0.050948,-0.001345,-0.065854,-0.006534,0.002431,0.000000,-0.048419,0.047099,0.042265,0.000000,0.062939,-0.008976,-0.005799,0.001238,-0.034023,-0.019029,0.006860,-0.044375,0.034538,0.066468,-0.081721,0.013422,-0.019706,0.012111,0.024240,-0.033850,0.051653,-0.050497,0.035182,-0.047882,0.072034,-0.002968,-0.064936,-0.001566,0.037786,0.017946,0.015951,0.000000,
0.012739,-0.082904,0.036131,0.045158,-0.037617,0.000431,0.091849,0.047348,0.006891,-0.003993,-0.019634,-0.061323,0.001022,0.021174,0.047216,-0.001553,0.042768,0.006556,-0.048244,16.857082,0.067571,-0.043421,0.012823,0.002854,-0.002093,-0.036863,0.004849,-0.011087,0.035554,0.022749,0.045455,0.066980,-0.021319,-0.075530,-0.069622,-0.078711,0.023954,0.002136,-0.098630,0.045415,0.070194,-0.024541,-0.030396,-0.004170,-0.003716,0.020136,-0.030460,0.069128,0.003953,0.065121,-0.003943,0.003006,-0.081910,-0.017297,0.059897,0.051215,-0.056752,0.001030,0.000132,-0.023162,0.010867,0.037273,0.006871,0.006562,-0.092304,-0.000741,-0.049076,0.058143,-0.020484,-0.010331,-0.028685,0.070879,-0.055173,-0.003573,-0.059687,0.068665,0.078857,-0.000090,0.001936,0.036508,-0.080131,-0.018632,0.042195,0.003589,0.008960,-0.062121,-0.039637,-0.079659,0.001653,-0.003183,-0.064495,-0.020288,0.040284,-0.008428,0.068239,0.000000,0.027300,-0.022269,0.001470,0.000000,0.027865,-0.014541,-0.034933,0.000000,-0.007833,-0.003050,0.022102,0.029847,-0.014956,0.000077,0.012158,0.074840,-0.021623,0.097521,0.058345,-0.000487,0.010170,0.044735,-0.012955,-0.010465,0.020728,0.033651,0.093440,0.000000,0.055988,0.057432,-0.035185,0.000000,-0.028060,-0.036261,0.041799,0.000000,-0.084461,0.000525,0.009602,0.000000,-0.032860,0.020073,0.053279,-0.098268,0.022673,0.060465,0.064627,0.000000,-0.072713,-0.010347,0.017547,0.000000,0.096617,0.085289,0.035749,-0.067223,-0.077445,0.039700,-0.015998,0.067188,-0.042242,0.066643,-0.012454,0.000215,0.062991,-0.024470,0.067790,0.000000,-0.044274,0.013350,0.062742,0.000000,-0.071270,0.021303,0.080247,0.020095,-0.012183,-0.036476,-0.000916,-0.015319,0.064046,-0.068202,-0.058508,0.058369,-0.002193,0.039962,0.063570,0.001354,0.055139,-0.000559,-0.038976,0.014447,0.001342,0.004246,-0.089778,-0.028520,-0.015134,-0.000850,0.072061,0.000000,
-0.000123,-0.000069,-0.003060,0.004078,-0.000347,-0.014471,-0.079457,0.000516,-0.043307,0.008544,0.030216,0.067608,-0.000672,0.001894,-0.014674,0.010014,-0.087943,-0.089346,0.017843,0.067571,886.642965,0.075759,-0.008142,0.008844,-0.000344,-0.037873,-0.002855,0.090125,-0.020997,-0.002284,-0.099535,-0.020496,-0.032366,-0.012563,0.000134,-0.011999,0.008190,0.011760,0.067371,0.006585,0.031720,-0.002499,-0.052298,-0.018249,-0.005277,-0.034376,-0.058477,-0.096590,0.015428,-0.007091,-0.000986,-0.016118,-0.031023,-0.000212,-0.052103,0.000639,-0.004216,-0.030360,-0.038889,0.030466,-0.007517,0.003918,-0.051905,-0.039250,0.089461,0.096652,-0.029230,0.000408,0.047631,-0.000082,-0.013366,0.000312,-0.050893,0.005814,-0.048983,-0.022989,-0.090286,-0.099267,0.003050,-0.036924,0.069531,0.000449,-0.038745,0.055885,-0.029233,-0.036169,-0.068953,0.005571,-0.008894,0.078553,0.001491,-0.021838,0.010658,0.048102,0.011149,0.000000,0.000069,0.006080,0.007575,0.000000,-0.051968,-0.009888,-0.084929,0.000000,0.043317,0.072887,0.041869,-0.016378,0.022362,0.000874,-0.047316,-0.012649,0.074224,0.020840,0.068433,-0.009843,-0.008997,0.097021,-0.000972,-0.007750,-0.001418,-0.022186,-0.002811,0.000000,0.004374,0.002006,-0.030382,0.000000,-0.023184,0.084623,-0.031066,0.000000,0.002630,-0.031064,-0.005043,0.000000,0.001479,-0.016704,-0.014402,0.001174,-0.013911,0.055655,-0.014270,0.000000,0.016392,-0.009560,0.009070,0.000000,-0.067443,-0.066583,-0.024507,-0.017432,0.059460,0.060835,0.005610,0.039633,-0.073584,0.000592,0.095642,0.022126,-0.016082,-0.052681,0.019848,0.000000,0.000863,0.009431,0.090013,0.000000,0.002809,-0.041568,-0.010247,0.006923,0.023510,-0.016119,-0.060559,-0.000834,-0.027172,-0.039041,0.008172,-0.000036,0.000310,0.000961,0.000979,0.015575,0.000054,-0.000015,0.006594,0.017312,-0.006203,-0.016071,-0.001604,0.001087,-0.003047,-0.049888,0.040992,0.000000,
