0.171976,-0.040770,0.024873,0.001861,-0.099608,0.016924,0.061256,0.047550,-0.006507,-0.012890,0.066234,0.009910,-0.015615,0.045815,-0.018504,0.023220,-0.004164,0.003152,-0.063753,-0.015409,-0.029520,-0.030936,0.031422,-0.000020,-0.023161,-0.071338,-0.056541,0.010293,-0.022735,0.010650,-0.003871,0.019255,0.012566,-0.021451,0.012545,0.050327,0.049509,-0.054897,-0.037024,0.037206,0.041578,0.023121,-0.017345,0.089046,0.008581,-0.006558,-0.018805,-0.044110,0.071931,0.032195,-0.000869,-0.088299,0.021175,-0.056758,-0.006420,-0.000121,0.048818,-0.041966,0.096059,0.010299,0.066787,-0.014043,-0.005877,-0.064204,0.000718,-0.022178,0.005452,0.017204,-0.059954,0.015680,0.046154,0.032433,-0.073631,0.017670,0.013571,0.034165,0.013627,-0.007525,-0.013051,-0.072433,0.077032,-0.007187,0.009902,-0.000166,0.005999,-0.024443,0.050783,0.008455,-0.068175,-0.073461,0.049725,0.004920,-0.062140,-0.081541,0.022948,0.027618,-0.071772,0.009074,0.041184,0.076132,-0.017718,0.043298,0.002799,0.010037,0.006223,-0.014088,-0.082289,0.039894,0.004224,0.077703,0.051557,-0.014635,-0.074062,-0.011185,0.068510,-0.036392,-0.066174,-0.010018,0.081062,-0.025763,-0.091854,-0.023437,-0.015280,-0.045548,-0.001489,0.006554,0.012430,-0.022049,0.086487,-0.017281,-0.016892,0.054021,-0.018525,-0.047114,0.001446,-0.032842,0.072868,0.085020,-0.046869,0.064755,0.019927,-0.050384,0.000131,-0.023159,-0.025087,0.013714,-0.056126,-0.023405,-0.013188,-0.028032,0.094511,0.008374,0.053364,0.020179,-0.036891,0.041748,0.004932,-0.058284,0.014951,-0.011870,0.008235,-0.059571,-0.008464,-0.027744,-0.041236,-0.013158,-0.002150,0.003796,0.004808,-0.048781,0.031313,0.075849,-0.022070,-0.027028,-0.000000,0.000010,0.008846,-0.011687,0.047621,0.019628,-0.019980,0.081958,0.031917,0.002479,0.009743,-0.071061,-0.079882,-0.031580,0.055083,0.011044,0.016568,-0.048007,0.038151,0.042204,-0.013449,-0.054976,
-0.040770,1776.875589,0.062584,0.031216,0.001079,0.000219,-0.028820,-0.000116,0.024111,-0.064905,-0.009402,-0.007311,0.000025,0.025832,-0.000041,-0.011391,0.004484,0.000033,0.098443,-0.000362,0.000591,0.000355,0.096327,0.065622,-0.008496,-0.005166,-0.072876,-0.022508,-0.067355,-0.000001,0.009804,-0.024989,0.087758,0.034690,0.000054,-0.050786,0.000258,0.037959,-0.056443,-0.021463,-0.001057,0.011672,0.005073,-0.081349,-0.000658,-0.088116,0.026437,-0.036828,0.004367,0.001474,0.000090,-0.008394,0.000058,0.000617,-0.005785,0.040509,0.001576,-0.000046,0.000097,0.029630,0.002037,-0.000260,0.032396,0.051758,0.001294,0.001325,0.004227,-0.065484,-0.000208,0.005959,-0.021897,-0.024507,-0.085691,0.005116,0.016670,0.055589,0.036767,-0.018648,-0.050278,0.000008,-0.025774,-0.000010,-0.038522,-0.001357,0.098878,0.000083,0.091876,-0.000899,0.003851,0.028859,0.031917,-0.036866,-0.086685,0.002250,-0.000034,0.027266,-0.011780,-0.000026,0.003446,-0.004100,0.004226,-0.000100,-0.038673,-0.003707,0.047781,-0.012819,0.076322,-0.004679,0.000016,-0.000125,-0.032328,-0.000033,0.029532,0.009423,-0.011965,0.012239,0.057448,0.000012,0.091418,0.013244,-0.000390,0.003051,-0.078357,0.001944,0.000217,0.001977,-0.043993,0.000764,-0.006265,-0.005532,-0.001072,-0.002127,-0.000855,0.031438,-0.074068,0.000757,-0.057436,0.001107,-0.001431,-0.021374,-0.001275,0.000202,-0.036809,0.071480,-0.000502,0.048234,0.007664,0.076285,-0.034410,-0.000529,0.025240,0.058812,-0.009469,0.019431,-0.028120,0.058022,-0.000003,-0.000002,-0.072049,0.093992,-0.000615,-0.062121,-0.029413,0.016702,0.008106,-0.048028,0.021375,0.055590,0.036526,0.000019,-0.011798,0.003791,-0.008980,-0.000001,-0.050661,0.046980,-0.000874,-0.000224,0.000266,0.029325,-0.000059,0.029029,0.018335,-0.001227,-0.000254,-0.048333,0.048516,0.001674,0.002258,-0.001983,0.003331,0.003421,0.012443,0.000708,0.008694,-0.027174,
0.024873,0.062584,0.162841,-0.017977,-0.016552,0.016089,0.008255,-0.005335,-0.091055,-0.016401,-0.007049,0.040466,0.014000,0.007589,-0.003757,0.068411,0.023919,-0.041633,-0.003386,-0.035588,-0.020010,0.036988,0.023466,-0.007605,-0.014268,-0.045038,0.039070,0.036617,-0.007627,0.088063,0.013508,-0.076343,-0.073694,0.063378,-0.033421,0.066407,-0.035385,0.026672,-0.012618,-0.026628,-0.018589,0.059679,0.001837,0.044236,0.040755,-0.011582,0.055867,0.040564,-0.014311,-0.076871,0.002693,-0.075063,-0.048722,-0.012091,0.006606,-0.001576,0.055837,0.015842,-0.016304,0.017347,-0.014218,-0.014435,0.035673,0.065989,-0.015560,0.088773,0.064797,-0.053974,-0.048898,0.010778,0.004143,-0.027116,-0.098681,0.009108,-0.007740,-0.025794,0.062982,-0.002925,0.008523,0.089700,-0.057824,-0.064929,-0.053676,0.051943,-0.004306,0.025982,0.036919,0.051916,-0.015162,-0.016444,0.010658,-0.003364,-0.000451,0.031636,0.082693,-0.015653,0.065973,0.015976,0.005967,-0.003775,0.003980,-0.010900,0.006067,-0.020815,-0.000118,-0.028634,-0.066167,0.069045,0.065139,0.018076,-0.088202,-0.027842,0.032402,-0.047245,0.081609,0.000067,0.022456,-0.039504,0.023405,-0.013058,-0.040448,0.035383,-0.009942,0.003250,0.004464,-0.005874,-0.012225,-0.063163,0.035576,-0.008472,-0.001965,0.041439,0.006297,-0.082404,0.044313,0.019769,-0.001855,0.038550,-0.033635,-0.017730,0.000427,-0.018993,0.017043,-0.096261,-0.016168,0.061237,-0.009986,-0.099545,0.009416,-0.021095,0.063968,0.010462,0.022262,0.006097,-0.009385,0.031897,-0.008177,-0.063353,-0.045780,0.012107,0.090302,-0.012164,-0.047641,-0.030027,-0.072246,-0.050014,0.054994,0.096775,0.010189,-0.027097,0.005010,0.060965,-0.000404,0.009616,-0.020909,0.015895,-0.081946,0.017482,0.021873,-0.000334,-0.029365,-0.092493,-0.000313,-0.007591,0.014036,-0.007602,-0.012071,0.046361,0.005513,-0.001882,-0.000000,-0.016531,0.009501,0.004505,-0.042278,-0.024025,
0.001861,0.031216,-0.017977,0.141655,-0.011764,-0.016875,0.002916,0.026840,0.064727,0.000779,-0.003248,0.069553,-0.078569,0.044656,0.080900,0.030470,0.091209,-0.064786,0.000519,0.020126,-0.060586,-0.014103,-0.090341,-0.064030,0.001242,-0.013674,0.003858,0.014478,-0.099716,-0.006284,0.000631,0.004199,0.027414,0.041872,0.015595,0.008316,-0.000442,0.007316,0.058990,-0.069641,0.045319,-0.001498,0.011951,-0.004151,-0.052776,-0.030515,-0.011347,-0.003743,-0.018553,-0.033439,-0.023632,0.028702,-0.015014,-0.060208,0.082055,0.097793,0.072216,0.001692,-0.007378,-0.078095,0.033536,0.068338,-0.030519,0.095067,-0.015064,0.054619,-0.009022,-0.014824,-0.086275,-0.028375,-0.057315,-0.039604,0.070620,-0.011842,-0.030711,0.043844,-0.028109,0.028751,0.000296,-0.013668,0.009351,0.053831,-0.073057,-0.015193,0.017950,-0.023567,-0.059898,0.020698,0.058817,-0.036564,-0.022760,0.027152,0.062150,-0.094902,0.000119,-0.001082,0.001528,-0.047665,-0.039619,0.037251,-0.022660,-0.016152,0.041354,-0.008984,0.032911,0.023679,0.054395,0.070415,-0.001941,0.000304,-0.081561,0.053276,0.020638,-0.072467,0.026688,-0.000790,-0.050059,-0.022665,0.046304,-0.021320,0.014727,-0.041233,0.006147,0.008733,0.090392,-0.061432,0.005601,0.024986,0.013428,-0.031423,0.014388,-0.013408,-0.027101,-0.027320,-0.013018,0.039782,-0.045726,-0.023443,0.020658,0.000535,-0.010970,0.022947,-0.012428,-0.010305,-0.069110,-0.049909,-0.021544,0.004563,-0.003538,0.080473,0.021239,-0.030618,-0.047786,-0.002613,-0.055342,0.002933,0.072755,0.009875,0.039138,0.025168,-0.079678,0.002257,-0.005147,-0.059024,-0.006276,0.018112,0.034032,-0.086251,0.000502,-0.075760,-0.028388,0.097704,-0.051857,-0.008906,0.097833,0.010698,0.021140,-0.011437,-0.064602,-0.000113,-0.025635,0.037256,-0.000385,-0.009559,0.054305,0.012467,-0.058962,0.052166,0.010744,-0.014122,0.006199,0.075059,0.022053,-0.031654,-0.089848,-0.039361,
-0.099608,0.001079,-0.016552,-0.011764,223.632685,0.000217,0.083462,-0.000956,0.000001,0.001368,-0.002452,-0.039466,-0.002423,0.001425,-0.001681,0.034595,-0.004019,0.006431,0.004678,-0.035693,0.005998,0.011831,-0.032420,-0.039137,-0.000014,-0.001711,0.037978,0.088251,-0.062001,0.004669,-0.002119,0.062119,0.009252,0.000487,0.058475,-0.017488,0.029261,0.023107,0.061675,-0.085208,-0.036072,0.016649,0.098880,0.077204,-0.000252,0.003292,0.001508,0.040386,-0.000127,-0.000453,0.026989,0.022452,0.000351,-0.040344,0.001325,0.060793,0.003565,-0.007224,0.040109,0.017676,0.013484,0.048817,-0.037277,0.023130,-0.001789,0.000103,0.008485,0.032580,-0.011207,0.002281,0.065455,-0.020679,-0.003720,0.000627,-0.016243,-0.016677,-0.082691,-0.000339,0.018238,0.024019,0.081195,-0.015028,0.003666,-0.000025,0.000260,0.000065,-0.057785,-0.083588,0.064791,-0.013263,0.032668,0.030926,0.026668,0.056232,0.070441,-0.017422,-0.001153,-0.000012,-0.070140,0.026152,-0.040175,-0.002047,0.032182,-0.005341,0.023197,0.001869,0.090837,-0.004216,0.008892,0.091144,0.009333,0.000392,0.000043,0.036405,-0.000334,-0.020793,0.000064,-0.001358,0.044722,0.043515,-0.017680,0.004847,0.002906,0.007103,-0.001403,0.000724,0.009267,0.075076,0.004957,-0.000258,-0.010100,0.029051,0.001248,-0.027124,-0.037536,0.000039,0.022486,-0.016649,-0.081574,0.000330,-0.035084,-0.010504,0.000764,-0.092230,-0.038636,-0.073593,0.028890,0.003853,0.000276,-0.005500,-0.043021,0.013314,-0.007616,-0.001722,-0.069633,-0.008955,-0.005034,-0.027974,0.021917,0.023041,-0.018879,-0.001318,-0.021981,-0.037092,-0.035801,0.014548,-0.008949,-0.001532,0.000612,-0.000948,-0.060275,-0.019190,-0.003454,0.000389,0.079174,0.013028,0.000674,0.091551,0.038794,0.074778,-0.000078,0.000155,-0.080023,0.015148,0.005756,-0.000075,-0.001471,0.043413,-0.088542,-0.005703,0.011790,0.037108,0.061846,0.035534,-0.096841,0.034142,
0.016924,0.000219,0.016089,-0.016875,0.000217,14.555400,-0.021316,0.024803,0.060254,0.048715,0.036034,0.001360,-0.013424,-0.011939,0.000550,0.022100,0.021700,0.019031,0.040394,-0.009194,0.043607,-0.019737,-0.049339,0.011666,0.000933,-0.052957,-0.050165,0.004458,-0.091883,0.012933,0.006837,-0.045851,0.059547,-0.085725,-0.005776,-0.021968,0.015163,0.028253,0.001719,0.015867,-0.000324,0.002976,0.004094,-0.001992,-0.068937,0.000480,-0.098704,0.002431,0.000724,-0.094906,0.034351,-0.054804,0.050463,-0.004031,-0.004165,-0.001895,0.030295,-0.098305,0.006380,0.026170,0.004859,-0.001093,-0.035784,0.025890,0.017433,0.093469,-0.006661,-0.006611,-0.018771,0.068407,-0.000064,-0.014857,0.065254,-0.023650,-0.032379,-0.000824,-0.000425,-0.000186,-0.088631,-0.015775,0.070223,-0.001422,-0.022664,-0.063559,0.000079,-0.060959,-0.034051,-0.014806,-0.031501,-0.011153,0.016882,-0.007835,-0.016234,-0.011553,0.023492,-0.032853,0.025677,-0.004693,-0.011120,0.030814,-0.068772,-0.093767,0.079782,0.010135,0.051023,-0.001232,0.006590,0.038780,0.073279,-0.026284,0.056970,-0.065029,-0.035417,0.098337,0.011148,-0.034850,0.062171,-0.081464,0.061676,-0.012917,-0.002271,0.030624,0.020443,-0.002986,-0.054245,0.096599,0.018820,0.017645,0.088513,-0.075812,-0.053132,0.037136,0.000000,-0.032713,-0.012160,-0.049319,-0.037595,0.004601,0.034213,0.023442,0.086089,-0.002518,0.029431,0.010459,-0.032058,0.034624,-0.031745,0.027247,0.078615,0.052755,0.019542,0.018923,-0.006746,-0.003250,-0.030910,-0.052020,-0.018411,-0.002430,-0.054392,-0.018872,-0.006022,0.039290,-0.072766,0.031973,0.001174,0.096400,0.075750,0.079502,0.020433,0.088237,0.016544,0.007303,0.001441,-0.014477,-0.085743,-0.017222,-0.068388,0.004534,-0.071970,-0.001095,-0.071489,-0.050294,-0.047977,-0.020683,-0.047438,-0.036872,0.004423,-0.001165,-0.013469,-0.055122,-0.003939,-0.038573,0.027361,0.014455,0.031942,-0.073677,
0.061256,-0.028820,0.008255,0.002916,0.083462,-0.021316,0.930803,-0.036106,-0.037212,-0.041867,-0.022156,-0.040321,0.017712,0.033984,0.047597,-0.001050,0.018302,0.004613,-0.010910,-0.038708,0.002626,0.000017,-0.019797,0.071015,0.032037,0.033665,0.013356,0.002535,0.093188,-0.053286,0.018021,-0.021791,-0.062171,0.010171,0.042712,0.051415,-0.045166,-0.009143,-0.007089,-0.035001,0.043368,-0.081414,0.000000,0.031735,0.001268,0.006355,-0.035671,-0.066409,0.047064,0.009167,-0.007565,-0.026661,-0.090691,-0.048420,0.001833,-0.058159,-0.047071,-0.008833,-0.052141,0.045301,-0.024994,0.093024,0.037977,0.018466,-0.043242,-0.095924,-0.050403,0.000289,-0.012828,0.026306,0.043472,-0.058686,0.016532,-0.046489,-0.030006,-0.002575,-0.036806,0.027186,0.035505,0.049172,0.081567,0.045464,0.032700,-0.030116,-0.000997,-0.073823,-0.006653,-0.092381,-0.040974,-0.058199,-0.032405,0.043308,0.043696,-0.000167,0.005166,-0.080532,-0.032953,-0.026319,0.038567,-0.032876,0.042080,-0.012975,0.029380,-0.024740,-0.055117,0.068546,-0.055183,-0.005479,0.057366,0.013304,-0.004833,-0.061846,-0.068583,0.003362,-0.057245,-0.003280,-0.087891,0.021198,-0.014394,0.038590,-0.025694,0.066694,0.055670,0.027001,-0.072985,-0.080408,-0.062460,0.000378,0.050650,-0.001128,-0.055773,0.011800,-0.041259,0.063341,0.030725,-0.012742,0.016599,-0.067169,-0.002914,0.048673,0.014913,0.017846,0.002337,0.024175,0.078026,-0.052646,0.013348,-0.067171,0.044046,-0.017079,0.029200,-0.025773,0.012624,-0.025887,-0.048683,0.035668,0.023247,0.041326,0.015735,-0.020679,0.034708,0.042807,-0.042869,-0.011931,-0.009167,-0.016171,-0.096237,0.066788,-0.096210,0.053095,0.017147,0.006198,-0.041088,-0.040544,-0.019992,-0.032206,-0.029173,-0.029304,0.096175,0.035537,-0.062458,-0.045799,0.033752,-0.074663,0.035235,-0.002388,0.035725,0.041301,0.028491,-0.061485,-0.018568,-0.006137,0.023775,0.014062,0.027810,-0.063017,
0.047550,-0.000116,-0.005335,0.026840,-0.000956,0.024803,-0.036106,0.110853,-0.016732,0.012739,-0.037053,0.031525,-0.049114,-0.002034,-0.085619,0.016200,0.043460,-0.081420,-0.043952,-0.002708,0.010535,0.027073,-0.074057,0.006010,0.008996,-0.033517,-0.043423,-0.048635,-0.041655,0.041639,0.097681,-0.004092,-0.032370,0.005330,0.051274,-0.017460,0.001539,0.006638,-0.044598,0.027818,-0.054753,-0.007929,-0.026921,-0.080619,-0.011129,-0.000931,0.008881,-0.027769,-0.023147,0.088294,-0.000049,0.097841,-0.040366,0.015927,0.035037,0.031243,-0.036119,0.006726,-0.032550,0.065283,-0.020666,-0.001474,0.097046,-0.008813,-0.006174,-0.002479,-0.061140,-0.015968,-0.004071,0.017298,0.073691,0.018569,0.063651,0.011844,0.055491,-0.011246,-0.003526,-0.000169,-0.009312,-0.005983,-0.005166,-0.041243,-0.017140,0.011985,-0.041460,0.007787,0.000090,0.013790,-0.038121,0.034494,0.002750,-0.014747,0.076802,-0.032980,0.048459,0.036041,-0.005468,0.008966,-0.024476,-0.009716,-0.021748,-0.069793,0.034115,0.006365,-0.000776,0.003977,0.079033,-0.076728,-0.084384,-0.011517,-0.021654,-0.001575,-0.080283,0.007687,-0.001926,0.003541,0.047258,-0.011903,-0.013235,-0.016190,-0.019715,0.015448,0.008137,-0.057285,-0.000003,-0.079403,-0.015209,-0.016622,0.036762,0.001967,0.015600,-0.004409,-0.006452,0.019483,0.090216,-0.005035,-0.049835,0.000106,0.026024,0.000617,-0.009259,0.060158,-0.037561,0.042207,0.005942,0.006119,-0.031273,0.022423,-0.002785,0.005340,0.015602,0.004057,-0.022492,0.010421,-0.051432,0.028246,0.005460,0.005983,0.025340,0.024941,0.025486,-0.026155,-0.077552,-0.094695,0.026014,0.021603,0.086212,-0.035828,0.003693,-0.006904,-0.023682,0.009454,0.035766,-0.035604,-0.004426,0.082148,0.075250,0.030148,-0.007474,0.012863,0.044984,-0.044359,0.049087,-0.052222,0.000864,0.003557,-0.003396,0.084717,-0.008567,0.039115,-0.005814,-0.000876,0.032549,-0.011315,0.003614,-0.003630,
-0.006507,0.024111,-0.091055,0.064727,0.000001,0.060254,-0.037212,-0.016732,2834.819709,0.002249,-0.012089,-0.020422,0.000001,0.063209,0.073763,0.000597,-0.023928,-0.008545,-0.031190,0.002526,0.000991,0.014125,0.032108,-0.044470,-0.072127,-0.051297,-0.022892,-0.000241,0.019121,0.069066,0.029211,0.032173,0.016144,0.000020,0.000591,0.050922,0.000280,-0.020260,-0.043717,-0.017767,-0.000875,-0.049346,-0.022622,-0.006414,0.003443,0.000017,-0.066187,-0.028810,-0.007485,0.040762,0.015558,0.023764,0.000048,-0.000023,0.082498,0.001492,-0.037025,0.000142,-0.000252,0.020818,0.015968,-0.002542,0.021395,-0.002445,0.004909,0.066655,-0.002253,-0.008683,0.000426,0.095708,0.003927,-0.007824,-0.000777,-0.000461,-0.028872,-0.053599,0.001705,-0.002008,0.035775,0.052026,-0.008765,-0.067092,0.060637,-0.070640,-0.038334,-0.003050,0.018371,0.032669,0.053006,-0.035258,0.058828,-0.032060,-0.000323,-0.048938,0.000281,-0.023392,-0.000669,-0.053844,0.083627,-0.069320,-0.047814,0.000781,0.001064,0.048420,-0.005620,-0.028329,0.020511,-0.067146,0.028087,0.008665,0.031194,-0.042569,-0.030899,0.003040,-0.001290,0.035087,-0.000345,0.000097,0.007246,-0.002818,0.001250,0.079091,-0.009045,-0.023283,0.002000,-0.003698,0.038715,-0.070151,0.000211,0.000546,0.008084,-0.004648,-0.003856,0.059169,0.064117,-0.011224,0.000014,-0.000700,-0.013435,0.005255,0.000266,-0.006886,0.008027,-0.021715,-0.022768,-0.000190,-0.022096,0.000777,0.008945,-0.002157,-0.020662,0.007813,0.054029,-0.001401,-0.000040,0.074353,-0.079294,-0.011665,-0.013086,0.036100,0.000613,-0.006219,0.031069,-0.008382,-0.009876,-0.015479,0.028319,-0.012429,-0.001750,-0.092070,0.016599,-0.000010,-0.004340,-0.075685,0.005139,-0.011792,-0.039079,-0.000409,-0.004285,-0.000510,-0.004944,0.021157,0.075157,-0.050258,0.001020,0.032498,-0.045552,-0.034840,-0.000845,-0.011361,0.000009,0.001734,-0.052383,-0.016817,-0.001636,0.059697,
-0.012890,-0.064905,-0.016401,0.000779,0.001368,0.048715,-0.041867,0.012739,0.002249,301.775696,0.023127,0.018175,0.000098,-0.089972,0.051498,-0.069709,-0.000411,0.000099,-0.036379,-0.053457,0.000274,0.000681,-0.000623,-0.006114,0.001636,-0.000219,-0.052958,0.000050,-0.041596,0.025360,-0.005676,0.028408,0.020791,0.000051,-0.003767,-0.099263,0.000652,0.001382,-0.002360,0.046507,0.000424,0.001494,-0.073440,0.076330,0.025105,0.015880,-0.071498,-0.084667,-0.001640,-0.001745,0.089789,0.067968,-0.000366,-0.011407,0.040478,0.015751,0.000666,-0.060069,-0.000316,-0.009250,-0.045278,0.027029,-0.095820,-0.040045,-0.005734,-0.019444,-0.063441,-0.002893,0.052960,0.092560,-0.020681,0.083477,-0.016531,-0.002634,0.076980,0.011270,-0.033107,0.001847,0.005879,-0.074858,0.037884,-0.002296,0.007556,0.048738,0.059177,-0.029942,0.000632,0.014038,0.005451,0.022783,-0.000246,-0.017539,0.032542,0.002886,-0.039295,-0.003428,-0.000748,-0.003340,0.026253,-0.075485,-0.096036,-0.009997,0.049801,-0.043679,-0.004687,-0.000046,-0.030780,0.009622,-0.042311,0.020155,-0.088049,-0.002167,0.000538,-0.007211,0.032458,0.090457,0.080094,0.000113,0.007138,0.094979,0.080326,0.001137,-0.000495,0.001645,-0.006289,0.001524,-0.000561,0.001654,0.007458,0.000453,0.021049,-0.007903,-0.003208,0.005114,0.014706,0.033717,-0.000846,0.087877,-0.002006,-0.022170,-0.000001,-0.019252,0.014157,-0.044305,-0.070517,-0.001383,0.042971,0.004607,-0.000050,-0.017144,0.093420,-0.006222,0.040182,0.020468,0.024064,0.024570,-0.001127,0.069611,0.018739,0.068176,0.048439,-0.000227,0.017162,0.060684,0.000624,-0.001359,-0.061785,0.007355,0.071961,-0.000175,0.062210,0.022935,0.022259,-0.002846,0.036390,-0.024090,-0.008158,0.002161,-0.000111,-0.070853,-0.065351,0.001508,0.088872,0.011705,0.002303,-0.000406,0.000269,-0.045235,-0.087259,-0.062744,0.016295,-0.008643,0.002976,-0.000438,-0.000399,-0.024982,
0.066234,-0.009402,-0.007049,-0.003248,-0.002452,0.036034,-0.022156,-0.037053,-0.012089,0.023127,63.889866,-0.060992,-0.041716,0.029382,-0.000578,0.044543,-0.004518,-0.004005,-0.010704,0.001744,-0.020078,-0.048732,-0.002126,-0.011092,0.095062,-0.004363,-0.022010,-0.017666,-0.039934,0.004155,-0.015660,-0.026678,-0.056598,-0.077002,-0.003123,0.007684,0.066919,0.012777,0.057091,-0.067078,0.003023,0.031291,-0.058507,0.000875,-0.072568,0.013404,0.097435,-0.000225,-0.000000,0.029153,-0.087854,0.011608,-0.018253,0.004384,0.008293,0.004837,0.002336,0.001825,0.002748,0.007907,0.000098,0.051353,-0.043301,-0.035447,0.012078,0.004215,-0.022073,-0.010376,0.006186,-0.019313,0.010068,-0.096384,0.008692,0.001450,-0.052831,-0.042723,-0.009668,-0.082162,0.042263,0.001342,0.003850,0.007101,-0.060480,0.052560,-0.051456,-0.032433,0.024050,-0.007289,-0.033430,-0.039351,0.027666,-0.043108,-0.095205,0.002036,0.005062,-0.040126,-0.000069,0.020421,-0.002989,-0.085542,-0.001613,-0.006646,-0.052106,0.047816,-0.001549,0.020443,0.031342,0.084250,-0.020091,0.002064,-0.057078,-0.002427,-0.069878,-0.030603,-0.001158,0.035542,-0.086171,-0.000001,-0.068788,0.050595,0.005759,0.000289,-0.012048,-0.086875,-0.000245,0.065756,-0.030466,-0.051365,0.065151,0.001593,0.007665,-0.084255,0.040220,-0.022465,-0.002210,0.058048,0.001510,-0.040097,0.034376,-0.008539,0.013116,0.037846,0.069221,0.040317,-0.005576,0.000018,0.001125,0.051050,-0.066641,0.041899,0.030148,-0.001091,0.088283,-0.029486,0.016252,0.013982,0.060222,0.003994,-0.000846,-0.008496,-0.099329,0.073733,0.003954,0.017203,0.001843,0.000083,-0.062436,-0.084808,0.097683,-0.001281,-0.076765,-0.008385,0.000999,-0.093479,0.000627,-0.040214,-0.008213,-0.021673,-0.000555,0.006095,0.098591,-0.021476,-0.007123,0.017898,0.058420,-0.055064,-0.004548,0.032467,-0.000148,-0.026600,0.000722,-0.049026,0.013336,-0.000486,-0.034972,-0.057445,
0.009910,-0.007311,0.040466,0.069553,-0.039466,0.001360,-0.040321,0.031525,-0.020422,0.018175,-0.060992,145.764528,0.000164,-0.014374,-0.005520,0.003638,0.001163,-0.003995,-0.002602,-0.037627,-0.000026,-0.057631,-0.023796,0.001784,-0.000548,0.000780,0.037630,-0.058545,0.003113,-0.001106,-0.040287,0.054977,-0.076141,0.096323,0.049934,0.012922,0.000831,0.005206,0.087339,0.014212,0.010701,0.040780,0.000139,-0.035079,0.033778,0.000697,-0.064880,0.022497,0.022237,-0.013283,0.038224,-0.014009,-0.002297,-0.046945,0.005752,-0.026287,-0.069687,-0.001483,-0.004617,0.004622,0.026175,0.000027,-0.021006,-0.002368,0.066277,-0.000083,0.002768,-0.091968,0.036186,-0.057982,-0.008442,-0.000085,-0.069002,0.000251,0.000043,0.062881,-0.068334,0.001582,0.020094,-0.094559,-0.007788,-0.002228,-0.026087,-0.000805,0.033417,-0.032028,0.004192,0.019946,0.036755,0.010834,-0.002487,0.046850,-0.074652,-0.026235,0.000555,0.043512,-0.000585,-0.000237,-0.080901,0.008195,0.047342,-0.038579,0.050999,-0.020965,-0.083865,-0.001182,-0.029857,0.011394,-0.039024,0.000162,0.073912,-0.013878,-0.040855,-0.019300,0.080679,-0.097591,-0.026688,0.007812,0.051109,0.013486,0.030852,-0.001872,0.057343,-0.031843,0.000110,-0.002013,-0.071764,-0.016856,0.008209,0.002882,0.049292,-0.059110,-0.055455,-0.000086,-0.048244,0.037121,0.000243,0.082246,0.024068,-0.020544,0.019612,0.000264,0.004059,-0.001193,-0.000045,-0.004111,0.078212,0.094200,-0.039817,-0.006198,-0.003878,-0.076042,0.001831,-0.064611,-0.016482,-0.081062,-0.062421,0.040905,0.049805,0.051998,0.028090,0.053700,-0.020440,0.057792,0.000011,-0.024952,0.001362,-0.003350,-0.093191,-0.039114,0.022358,0.000862,-0.000494,0.001859,-0.003448,0.074203,-0.000581,-0.000432,-0.065120,0.018427,0.023631,0.015026,-0.052815,0.082196,0.047485,0.028081,0.013971,-0.031315,0.000034,-0.010999,0.018248,0.018353,-0.068200,-0.082253,0.000200,-0.020690,
-0.015615,0.000025,0.014000,-0.078569,-0.002423,-0.013424,0.017712,-0.049114,0.000001,0.000098,-0.041716,0.000164,3942.790231,0.006743,-0.002739,0.037577,-0.000540,0.000029,0.089895,0.002190,0.001956,-0.080862,0.058601,0.022112,-0.000002,0.000343,0.045962,0.046498,-0.009018,0.070528,-0.026376,-0.026981,-0.069087,-0.001293,-0.000771,0.046529,-0.000775,-0.015085,0.021511,0.012305,-0.058300,-0.000106,0.083049,-0.000616,-0.066231,-0.000046,0.032042,-0.005247,0.004969,0.000225,-0.006603,0.019809,0.000007,-0.000047,0.000219,-0.000117,0.096452,0.000001,-0.034814,0.019345,0.031727,0.091543,-0.007586,0.026018,-0.002554,0.004940,-0.050180,-0.090040,-0.000423,0.000243,0.015606,-0.079994,0.012845,0.074045,0.012678,0.013968,-0.002518,-0.057445,0.057350,-0.086911,-0.029372,0.000210,-0.053990,-0.028709,0.081824,0.000381,-0.036026,-0.016447,-0.063606,0.007000,-0.041680,0.002189,-0.015233,-0.003990,0.009073,0.013490,0.054350,0.006132,0.032064,0.073754,0.075125,-0.000300,0.009928,-0.052974,0.016558,-0.002639,0.004535,0.021675,-0.007965,-0.013004,-0.002525,-0.005398,0.016767,-0.068938,-0.042711,-0.043225,0.081780,0.056437,0.040025,0.073651,0.002495,-0.003838,-0.001090,0.023729,-0.023280,-0.038086,-0.000890,0.004528,-0.000252,-0.000166,0.007783,0.016899,0.053190,0.014990,-0.071406,-0.001344,-0.000005,0.013108,0.071989,-0.014615,-0.043631,0.024971,-0.003486,-0.076196,-0.010503,-0.022708,-0.097223,-0.037881,-0.000017,0.012987,-0.001477,-0.005343,0.079212,0.000001,-0.007717,0.004950,-0.007600,-0.011647,-0.068887,-0.042493,-0.000388,-0.000178,0.000072,0.004408,0.000823,0.068313,0.004694,-0.056349,0.024514,0.001142,-0.018143,-0.029189,0.075419,-0.000951,0.076355,0.010559,0.044596,-0.014146,-0.097868,-0.005190,-0.000577,0.000019,0.048031,0.055542,0.051758,-0.001213,0.048783,-0.034967,0.008064,-0.002738,0.000049,-0.057211,0.010472,-0.003746,-0.006254,0.009051,
0.045815,0.025832,0.007589,0.044656,0.001425,-0.011939,0.033984,-0.002034,0.063209,-0.089972,0.029382,-0.014374,0.006743,164.584653,0.024110,0.099189,-0.002166,-0.000024,-0.073807,0.001278,0.001666,-0.001780,0.019099,0.014297,-0.086618,0.005360,-0.004239,0.008312,-0.047734,-0.055936,-0.059272,-0.054876,-0.009200,-0.074380,0.000293,-0.040250,-0.003114,-0.033317,0.045546,-0.000220,-0.006702,0.007730,-0.056405,-0.012439,-0.015837,-0.015008,-0.064098,0.029874,-0.000198,0.001128,-0.003676,0.022648,0.065079,-0.014480,-0.000908,-0.000089,-0.021693,0.096044,0.007704,-0.013293,-0.000099,-0.015883,-0.048466,-0.085541,0.030106,0.014784,-0.002597,-0.030895,0.001719,0.040108,0.003899,0.031057,0.046522,-0.029154,-0.016602,0.066574,-0.059011,0.000460,-0.001683,0.005173,0.001684,-0.000851,0.074487,-0.000462,0.014143,0.000119,-0.000845,-0.047596,-0.008542,0.043193,-0.032531,0.014197,-0.044525,-0.019518,0.006356,-0.008439,0.042120,0.000033,0.080265,-0.020955,0.005013,-0.000541,0.082056,-0.009725,0.043196,-0.011658,0.066467,0.002585,-0.087589,-0.000067,0.002926,-0.001750,0.032300,-0.008355,0.010900,0.030061,0.006183,-0.094515,0.003212,-0.064529,0.048122,-0.001086,-0.005038,0.047109,-0.000128,0.000189,0.043302,-0.020062,0.001740,0.000202,-0.000514,-0.097976,0.000546,-0.083590,-0.050958,0.030105,-0.011431,-0.000951,0.004383,0.024275,-0.000002,0.004133,-0.035578,0.020194,0.012955,-0.013728,0.016417,-0.030302,0.001561,0.026958,0.001317,0.083669,-0.001478,0.058079,0.062702,-0.000027,0.026511,0.067661,0.010397,0.000001,0.012619,0.060249,0.007053,0.049058,-0.008430,-0.000035,-0.014061,0.004353,-0.013727,-0.003278,0.019904,-0.001177,-0.013779,-0.000517,0.000085,-0.097596,0.000299,-0.000816,-0.010530,-0.076016,-0.003553,-0.043963,-0.009203,0.000000,0.000059,-0.093116,0.085524,0.051507,0.000272,0.000647,0.003071,-0.080419,-0.039693,-0.031954,-0.064517,0.081503,
-0.018504,-0.000041,-0.003757,0.080900,-0.001681,0.000550,0.047597,-0.085619,0.073763,0.051498,-0.000578,-0.005520,-0.002739,0.024110,289.055862,0.014547,-0.045140,-0.000376,0.036151,-0.003129,0.027402,-0.001684,0.014582,0.026262,-0.006841,-0.000355,0.061916,0.014065,-0.074352,0.021558,0.048175,0.045639,-0.035446,-0.000726,0.003407,-0.037505,-0.000002,-0.021385,0.033222,-0.041550,0.030689,0.004176,0.002043,0.078166,0.000184,-0.009323,0.061403,0.029679,-0.000826,0.000194,0.059913,0.076378,0.018213,0.022649,-0.042989,-0.000030,0.023083,0.009065,-0.016523,-0.017865,0.000799,-0.000592,-0.042307,-0.001936,0.021509,-0.049687,0.011437,-0.042755,0.020968,-0.070529,0.000002,0.010453,-0.039971,0.015514,-0.031649,-0.041447,-0.051806,0.009383,-0.084640,-0.020516,0.003869,-0.016904,0.042457,-0.004368,-0.002817,-0.008024,0.033941,0.042951,-0.016865,0.074115,-0.083009,0.035894,-0.014015,0.001153,-0.000008,-0.010371,0.011280,-0.003491,0.014098,0.048965,-0.021857,-0.001241,-0.001865,-0.065268,-0.066291,0.007900,-0.009435,0.002812,0.009330,-0.001619,-0.068268,0.000573,0.009089,0.004017,0.000295,-0.030988,-0.004211,-0.008385,-0.007783,0.026045,0.095733,-0.016688,-0.037046,0.043757,0.012106,-0.000286,-0.015001,-0.002682,0.000065,-0.000536,0.014809,-0.072475,0.000024,0.022313,-0.026126,-0.031934,-0.088632,-0.000018,0.004861,0.035743,0.009249,-0.000243,0.045666,-0.052459,-0.013533,-0.000001,-0.004572,-0.005684,-0.004605,-0.016930,-0.051479,0.000986,-0.002701,0.010710,-0.000535,0.075813,0.078604,0.042116,0.022677,-0.025538,-0.000543,0.000384,-0.003905,0.097715,-0.024337,0.005041,-0.014873,-0.075657,-0.000061,0.002793,0.032054,-0.042953,0.019357,-0.059626,0.002803,-0.050611,-0.086956,-0.037948,0.000278,0.000417,0.005134,0.004603,-0.001084,-0.022085,-0.062454,0.002191,-0.000168,0.007157,-0.000117,0.009383,-0.000872,0.024546,-0.012051,-0.002151,0.018377,-0.039561,
0.023220,-0.011391,0.068411,0.030470,0.034595,0.022100,-0.001050,0.016200,0.000597,-0.069709,0.044543,0.003638,0.037577,0.099189,0.014547,8.975604,0.011053,0.023366,0.097156,-0.076766,-0.000848,0.042495,-0.051327,-0.038341,-0.095077,0.058612,-0.025969,-0.003109,-0.081276,-0.012330,-0.087038,-0.053495,-0.011300,0.086646,-0.002698,0.054009,0.081555,-0.002304,-0.009437,0.038457,0.013758,-0.087875,-0.074020,0.038207,0.036236,0.045003,-0.083326,0.024866,-0.002454,0.089195,-0.091999,0.013439,0.000384,0.050055,-0.091888,-0.088796,0.063757,-0.039034,0.067575,-0.038859,-0.038830,0.079662,-0.011007,0.056951,-0.002456,0.026465,-0.003383,-0.044128,0.005877,-0.028132,0.001609,0.033101,0.009860,-0.007454,-0.098334,-0.052141,-0.056102,-0.067001,-0.033211,0.042419,-0.062605,-0.047429,-0.005118,-0.002483,-0.000280,-0.054843,0.082595,-0.048804,0.016314,0.000736,0.041620,-0.019446,-0.003118,0.035990,0.001062,0.030470,0.037204,0.064733,0.040393,0.038082,-0.002728,-0.049486,-0.011326,-0.012068,-0.080887,-0.012309,0.006440,0.013655,0.064264,-0.049478,-0.069375,-0.004402,-0.012154,0.001161,0.010921,-0.007037,-0.012851,-0.002270,-0.053820,0.040931,-0.020659,-0.081705,-0.013353,0.082094,0.003374,0.005798,-0.001049,-0.022515,-0.026610,0.000325,-0.008557,0.026060,0.009458,0.063985,0.090332,0.001319,-0.004558,0.021889,0.001958,-0.007677,0.008445,-0.081855,-0.002377,0.037604,-0.002182,0.050730,-0.046381,-0.051151,-0.082017,0.016005,0.039132,0.006569,0.034960,0.040811,-0.030417,0.081219,0.098957,0.071613,-0.009734,0.032412,0.000673,-0.001200,0.066372,-0.008829,0.009843,-0.000434,0.049147,-0.000054,-0.022153,-0.002661,-0.011276,0.095332,-0.057103,-0.090900,0.029089,-0.075338,0.032492,0.009665,0.025467,-0.065229,0.005076,0.003528,0.022474,-0.042933,-0.048762,-0.002598,-0.065881,-0.031033,-0.000889,-0.000947,0.044602,-0.011210,0.017363,-0.014743,-0.012072,0.043000,
-0.004164,0.004484,0.023919,0.091209,-0.004019,0.021700,0.018302,0.043460,-0.023928,-0.000411,-0.004518,0.001163,-0.000540,-0.002166,-0.045140,0.011053,122.476718,-0.000014,0.058884,0.014343,-0.002016,-0.060053,0.000000,0.009035,-0.020145,-0.002708,-0.028248,0.005630,-0.064523,-0.001684,0.008471,-0.000594,0.007517,-0.001428,-0.088721,0.000743,0.007383,0.000208,0.062934,0.022318,0.000100,-0.001085,0.044541,-0.061053,0.058746,0.020157,-0.080184,0.050030,0.001836,0.015358,0.049496,-0.084989,0.069034,0.000933,0.019121,0.001113,0.019468,-0.034882,0.071702,0.057870,-0.001105,0.058219,0.002207,0.001450,0.092984,0.003145,-0.027789,0.038093,-0.024013,0.006249,0.061462,-0.082307,-0.005943,0.048500,-0.093336,-0.075598,-0.042439,0.098343,-0.006605,0.001196,-0.071782,0.027805,-0.018359,-0.015830,-0.066316,0.017163,-0.013179,-0.038193,-0.055191,-0.092475,-0.004514,0.029097,-0.002678,-0.036343,-0.000079,0.074527,-0.052491,0.001018,-0.095974,-0.033506,0.005148,-0.002951,-0.004094,0.028290,-0.005529,-0.085106,0.010710,0.098742,-0.066675,-0.005817,0.003077,0.002178,0.034035,0.068414,-0.072597,0.012231,-0.065981,-0.005366,-0.069216,-0.020316,0.002711,0.001808,0.000620,0.001846,0.001645,-0.000160,-0.031770,-0.038411,0.000343,0.003081,-0.010726,-0.096245,-0.000483,0.012318,-0.015638,0.043023,0.011663,0.001099,0.000323,-0.002685,-0.057295,0.000079,0.008422,-0.069957,-0.001182,-0.015187,-0.071405,-0.029833,0.023604,0.012396,-0.062038,-0.005498,0.005579,0.097278,-0.048287,0.033844,0.071100,-0.024780,-0.001237,0.058347,0.006863,0.011029,0.005360,-0.012793,0.008313,-0.013479,-0.008494,-0.089475,-0.000003,-0.019418,-0.078275,-0.009208,0.003919,0.001354,0.003950,0.016369,-0.000467,0.000268,0.006088,0.030440,0.000872,0.000198,0.010124,-0.020691,-0.004134,0.000218,0.002509,-0.005005,-0.008063,0.000065,0.008562,0.001056,0.002956,0.016653,-0.011450,-0.026408,
0.003152,0.000033,-0.041633,-0.064786,0.006431,0.019031,0.004613,-0.081420,-0.008545,0.000099,-0.004005,-0.003995,0.000029,-0.000024,-0.000376,0.023366,-0.000014,1372.301416,-0.039543,-0.089153,-0.000872,0.000677,0.050158,-0.002104,0.000078,-0.010857,0.004924,-0.072673,0.012872,-0.010562,0.031364,0.013193,-0.022536,0.009341,0.038795,0.023431,-0.002482,0.008326,-0.007850,-0.045931,0.002981,-0.009147,-0.007476,-0.007293,-0.003364,-0.000985,0.001642,0.003203,-0.016111,-0.000122,-0.004016,0.010965,0.000817,0.000016,0.051842,0.001784,-0.018585,-0.014106,0.009180,-0.000110,0.002766,0.000845,-0.038229,0.056766,0.000097,-0.001902,-0.081991,-0.067363,-0.002331,-0.053248,-0.049009,0.061706,0.056177,0.011525,0.004964,-0.057595,0.007186,0.098150,0.077715,-0.061843,0.005976,-0.017814,-0.018622,-0.031489,-0.017483,0.006434,0.000698,0.049764,0.005033,-0.060736,-0.028980,0.049795,0.016347,0.096712,0.000832,0.003342,0.000099,-0.000783,0.004910,-0.000367,0.076799,0.000435,-0.003502,-0.003511,-0.052528,0.000128,-0.039427,0.038093,0.096620,-0.004464,-0.002516,0.001011,0.001385,0.002968,-0.064282,0.072634,0.042330,0.060252,-0.001232,0.094743,0.000756,-0.013754,-0.008651,0.080397,0.053764,-0.000852,0.059623,-0.047558,-0.002613,0.005858,-0.025024,0.006596,0.000381,-0.045892,0.058189,-0.073527,0.000032,0.010589,-0.099128,0.000530,-0.000004,-0.024681,-0.003300,-0.003096,0.000356,0.008418,0.058192,0.023136,-0.003488,0.038076,-0.043909,0.006130,0.015486,-0.084537,0.009070,0.077784,-0.021003,-0.043597,-0.021936,0.035334,0.000012,0.075077,-0.036737,-0.055295,-0.002345,-0.002904,0.037408,-0.048143,0.070161,0.001015,0.061411,-0.017859,-0.007425,0.015730,0.006097,-0.050084,-0.000134,-0.035745,0.002755,0.098009,-0.019489,-0.035542,0.016301,-0.010864,-0.012568,0.000006,0.000001,-0.032860,-0.000009,-0.008923,0.000546,-0.038060,0.071236,0.009142,0.002177,0.012407,
-0.063753,0.098443,-0.003386,0.000519,0.004678,0.040394,-0.010910,-0.043952,-0.031190,-0.036379,-0.010704,-0.002602,0.089895,-0.073807,0.036151,0.097156,0.058884,-0.039543,7.497703,0.034588,0.001638,0.003636,-0.092703,-0.006114,0.099371,0.010290,0.004276,0.090883,0.037662,0.010798,0.077411,-0.015341,0.053242,-0.000963,0.002359,0.007175,0.019251,-0.000025,-0.009896,-0.013896,-0.048537,-0.001133,-0.008387,0.046739,-0.063932,0.015314,-0.068721,-0.047305,0.010700,0.010937,0.023860,-0.056151,0.065532,0.006281,0.027677,0.000963,-0.018421,0.017580,0.087197,-0.002134,-0.059583,-0.017213,0.060502,-0.080521,-0.042467,0.001403,0.051472,0.070965,0.000766,0.044146,0.082949,0.025066,-0.016414,-0.000073,0.002715,-0.008655,0.073750,-0.023982,0.005405,0.064667,-0.000801,0.033850,-0.011871,0.000410,-0.029035,-0.017417,-0.055152,0.008644,-0.066617,0.031868,-0.031687,-0.090604,0.021289,-0.077365,0.052222,-0.044338,-0.008101,-0.044755,-0.030339,-0.031352,0.000097,-0.029679,0.072680,-0.003624,0.004843,-0.004222,-0.002721,0.000000,0.016456,-0.087858,-0.017754,0.002233,-0.003614,0.088197,0.003348,-0.080907,0.002430,-0.000049,0.077777,-0.046429,-0.095602,0.093490,0.008131,-0.058898,0.031840,0.070086,-0.066281,-0.000397,0.008643,0.092729,0.010524,-0.022301,-0.008285,-0.052454,-0.025216,-0.053118,0.040353,0.002130,-0.042080,0.005924,0.002984,0.000861,0.023907,0.002164,-0.052561,0.063857,-0.000107,-0.016099,-0.040844,-0.011610,0.017114,-0.037759,0.038900,-0.005918,-0.091240,-0.003368,-0.018382,-0.060913,-0.042144,-0.065653,0.000799,-0.007202,0.054049,0.020210,-0.046156,-0.062997,-0.075365,-0.040361,-0.008084,-0.099869,-0.004542,-0.090874,0.093474,-0.001075,-0.091845,-0.054135,0.066116,0.005878,0.006185,0.006208,-0.037327,-0.000311,0.059185,0.014692,0.085655,0.003879,-0.002048,0.082998,-0.012585,0.031670,0.029853,-0.027990,-0.090866,0.032014,-0.005034,-0.001695,
-0.015409,-0.000362,-0.035588,0.020126,-0.035693,-0.009194,-0.038708,-0.002708,0.002526,-0.053457,0.001744,-0.037627,0.002190,0.001278,-0.003129,-0.076766,0.014343,-0.089153,0.034588,6.505928,-0.020198,-0.002438,0.006621,0.003189,-0.063066,-0.097390,0.015848,-0.049938,-0.011369,-0.051789,0.010953,-0.022316,0.019303,0.000455,0.057114,0.034893,0.010102,0.012475,0.012403,-0.031859,-0.042512,0.083454,-0.009776,0.011745,-0.004627,0.008243,-0.071200,0.000352,0.099523,0.001476,0.056488,0.049740,0.060175,-0.017606,-0.002258,0.013239,0.072558,-0.029289,-0.005145,-0.059788,-0.012122,-0.055346,0.095648,-0.058400,0.010139,-0.036111,0.047584,-0.002077,0.000851,0.012899,-0.010616,-0.094527,0.041425,-0.000630,0.015555,-0.022377,-0.009049,0.003668,0.001899,0.029224,-0.054729,0.000750,0.066971,-0.046216,-0.020022,-0.044139,0.051489,-0.019707,0.089721,-0.014747,0.026150,0.006046,0.091362,0.002437,0.004706,-0.038983,-0.008110,-0.091459,0.091621,-0.077821,-0.049543,0.078117,0.070782,0.061063,-0.034686,0.062693,-0.043354,0.034937,-0.005262,-0.028026,0.020686,-0.006972,-0.001828,-0.082274,0.000033,0.007498,-0.002743,-0.000067,-0.040934,-0.021998,0.029317,0.000419,0.090549,-0.002197,0.010808,0.066393,-0.000973,-0.000598,-0.004686,-0.094174,-0.007274,0.076546,0.009522,-0.049310,0.002065,-0.024469,-0.053517,-0.004483,-0.032049,0.000000,0.046307,0.040819,0.023032,0.012274,0.009134,-0.010099,0.048072,0.036518,-0.003176,-0.039527,-0.020847,-0.021394,-0.004222,0.041232,-0.003675,0.000267,0.083776,-0.033479,0.030372,-0.001772,-0.081660,0.077195,-0.027875,0.033766,0.056126,-0.007263,0.018500,0.057529,0.042077,0.028886,-0.039121,-0.056062,-0.005126,-0.000463,0.003539,0.036305,-0.023980,-0.003157,-0.014061,-0.022114,-0.007921,0.044032,-0.016958,0.017457,-0.044832,-0.024047,0.000827,0.075800,-0.000237,-0.020759,0.092293,0.046695,0.001454,0.082419,0.004531,-0.000518,
-0.029520,0.000591,-0.020010,-0.060586,0.005998,0.043607,0.002626,0.010535,0.000991,0.000274,-0.020078,-0.000026,0.001956,0.001666,0.027402,-0.000848,-0.002016,-0.000872,0.001638,-0.020198,405.971343,0.003515,0.074677,0.003418,0.022070,-0.002643,0.018729,0.001084,-0.047550,0.001619,-0.006397,0.099414,-0.001096,0.033476,0.024623,0.015646,-0.011692,0.043851,0.022888,0.038675,-0.000718,0.000295,0.000117,0.042304,0.044770,-0.001530,0.047053,-0.057760,0.034181,0.000324,-0.032087,0.036874,0.005263,-0.039996,0.047182,0.016177,0.026669,-0.014056,0.062302,-0.064439,0.034719,0.014437,-0.030090,-0.010135,0.000087,0.002720,0.002242,-0.024406,0.028710,-0.056696,-0.072048,0.077946,-0.001168,0.001079,-0.058739,0.000291,-0.007779,0.000035,0.000295,0.067740,0.007266,-0.009052,0.000723,-0.000514,-0.066387,0.001628,0.041576,0.024313,-0.023784,-0.036263,0.009642,-0.068802,0.004268,0.049878,0.003186,0.024752,0.028722,0.005732,-0.047488,0.045385,-0.049713,0.004063,0.014322,-0.011123,-0.090401,-0.000198,-0.008811,0.003141,0.006693,0.025832,-0.092664,-0.002846,0.000563,-0.009859,-0.054732,0.017974,0.023316,0.001776,-0.010236,0.052164,0.000715,0.005238,-0.064584,-0.027796,-0.002215,0.001607,0.002537,-0.023339,0.000408,-0.001707,-0.034470,0.003834,0.083198,-0.000000,0.015051,-0.018837,0.002820,-0.000551,-0.002621,0.026520,0.002784,-0.005672,0.065951,-0.080272,0.002258,0.002548,0.070239,-0.073263,-0.000034,-0.002669,-0.001047,-0.026141,-0.004458,0.012294,0.003316,0.016333,0.038517,0.063871,-0.013384,0.012382,0.005266,0.001143,-0.018464,0.004178,0.001548,0.016381,-0.090590,-0.021615,-0.002402,-0.004540,0.013940,-0.002702,0.064009,0.098459,-0.064160,0.001262,-0.003695,-0.038020,0.043617,-0.000559,0.092421,0.002276,-0.059080,-0.005969,0.036494,0.018126,-0.005065,-0.001809,0.000496,0.036551,-0.078391,-0.035400,-0.000113,-0.053020,0.000008,0.035418,
