11.755349,0.003898,0.048383,-0.028319,0.005391,0.093847,0.066446,-0.015896,-0.008827,-0.015937,0.002436,0.078764,0.003332,-0.008798,-0.098553,0.008525,0.003303,-0.003597,0.003307,0.024406,-0.035556,-0.005159,0.023821,-0.002339,-0.017468,0.002275,-0.071365,-0.078627,-0.001085,-0.009963,0.054985,-0.031756,0.009963,0.020921,-0.015746,0.056546,0.002824,-0.045102,0.034606,-0.049632,-0.038402,0.028969,-0.018783,0.057373,0.000325,0.023058,0.047858,0.026987,-0.002372,-0.068724,-0.086143,-0.010445,-0.007485,0.009692,-0.043350,-0.001459,-0.019882,0.066898,0.058593,0.023471,0.000005,-0.002901,-0.078099,-0.051530,-0.001757,0.050200,0.050503,0.026527,-0.090850,-0.018545,0.092444,0.002201,-0.054119,0.033315,0.007605,0.099696,-0.056265,0.001312,-0.000381,-0.001394,-0.028198,-0.041920,0.068989,0.000822,-0.006801,0.010628,-0.003559,-0.009830,-0.099256,0.023271,0.063552,0.061886,-0.004563,0.054313,-0.060176,0.008666,-0.054341,0.004645,-0.006833,-0.009522,0.003360,0.000922,-0.000596,0.095684,-0.005155,-0.041773,0.065618,0.066334,0.022548,-0.001081,0.094447,-0.009526,-0.011627,0.012595,0.034938,0.067190,-0.017483,-0.005938,0.030018,-0.019216,-0.045556,0.024458,0.023581,0.057129,0.001684,0.000869,-0.007174,-0.051887,0.086703,-0.030561,-0.048925,0.030146,-0.000473,0.027490,-0.002743,0.007320,0.044165,-0.014593,0.012080,-0.004741,-0.038239,-0.038603,0.002286,-0.037403,0.012749,0.046255,0.078895,-0.064115,0.043911,-0.015681,-0.042064,0.098082,-0.068390,-0.060898,0.008761,-0.010918,0.000333,-0.021939,0.001481,0.001270,0.048926,0.000513,-0.058601,0.098594,-0.003948,0.087314,0.001272,-0.018103,-0.093861,0.091530,0.005523,-0.026636,-0.024192,-0.092491,0.011103,-0.010867,-0.003701,0.008878,-0.055410,-0.059603,-0.005652,0.002229,0.003490,0.011688,-0.000199,-0.003484,0.072116,-0.007163,0.048694,0.076946,0.030704,-0.069555,0.034214,0.040614,0.001274,0.005032,
0.003898,1754.607699,-0.080709,-0.017425,0.093087,-0.038708,-0.029953,-0.093446,-0.011831,-0.001178,0.000583,0.003162,-0.000598,0.000031,0.000265,0.033235,-0.025993,0.063761,0.004403,-0.003698,-0.006324,0.097827,-0.033349,-0.000116,-0.088363,-0.000338,0.018400,0.055527,-0.011337,-0.012950,0.000649,0.093362,-0.017939,-0.095239,0.007720,-0.057784,0.045180,-0.000062,-0.000431,0.020200,0.002464,-0.001423,0.018390,-0.017653,0.003166,0.000274,0.003403,-0.018458,-0.039164,-0.000023,0.028322,0.093424,0.009912,0.000016,-0.015591,-0.000096,0.000023,-0.004301,-0.008750,0.093193,-0.000773,0.003312,-0.072950,0.021041,0.005550,0.000567,-0.029589,0.008288,-0.017150,-0.002267,-0.033197,0.004351,0.006787,-0.002263,-0.004111,-0.049686,-0.000089,0.000063,0.035993,-0.000540,-0.056176,-0.000048,-0.003673,-0.010842,-0.032676,-0.001361,0.039733,-0.072833,0.000336,-0.000264,0.013212,0.034142,0.046017,-0.039306,0.051285,0.030305,0.006923,0.030010,-0.021487,0.020944,-0.004054,0.031567,-0.057100,-0.017220,-0.001261,-0.065212,-0.014067,-0.091353,0.012510,0.041124,0.082127,0.001563,-0.000000,-0.008681,-0.000195,0.006487,-0.052861,-0.057689,0.005944,-0.031292,-0.031763,0.053089,0.047523,0.055279,-0.031435,-0.000029,0.001950,-0.042547,-0.004546,0.017622,0.066869,0.002745,0.010841,-0.002024,0.074253,0.009602,-0.007787,-0.000014,-0.058948,0.003111,-0.016576,0.000111,0.058166,0.052751,-0.001781,-0.000920,-0.020472,-0.000000,-0.028198,-0.092742,0.007809,-0.048411,0.042360,0.016518,-0.057085,0.006360,0.087739,0.078717,-0.038176,0.006847,0.006797,0.000259,0.062610,0.091412,-0.022513,0.000221,0.017285,0.009278,0.000234,-0.026454,-0.011704,-0.002006,-0.000548,0.040674,0.076267,0.011244,0.050535,-0.009486,-0.052222,-0.011054,0.008721,-0.001915,0.000258,-0.019051,0.036351,-0.047086,0.082847,0.034589,0.000059,-0.031360,0.007740,-0.065111,-0.014722,0.078669,0.004520,0.001044,
0.048383,-0.080709,2.802699,-0.019928,-0.037744,0.010048,-0.045039,-0.010676,0.031276,0.006020,0.002608,0.024183,0.003536,0.031849,0.002779,0.013975,-0.072355,0.001122,0.078546,0.058083,0.023572,-0.038602,0.029337,0.001803,-0.080830,-0.027428,0.009518,0.054918,0.036666,0.001671,0.049864,0.021405,-0.066289,0.089133,-0.026480,0.068678,-0.015058,-0.033737,-0.052880,0.037857,-0.050988,-0.049451,0.031832,0.009650,-0.010049,-0.003118,0.031870,-0.022383,-0.061106,-0.046277,-0.052491,0.069714,0.012464,0.035510,0.041930,-0.012326,0.071266,-0.015953,0.085898,-0.033488,0.005160,0.009352,0.006883,0.003398,-0.017991,0.015766,-0.076507,-0.001750,0.013055,-0.067785,0.003031,0.011797,0.022238,0.000810,-0.002723,-0.004839,0.057156,-0.058647,0.034005,0.032796,-0.074353,0.000344,0.082409,0.094777,0.045418,-0.022370,0.074352,-0.000267,0.031107,-0.048023,-0.020292,0.024379,-0.074164,-0.000996,0.025464,-0.074088,0.009291,0.031169,-0.007662,-0.014382,0.092101,-0.070092,0.002294,-0.010434,-0.000189,-0.001620,-0.011836,-0.060399,-0.018334,-0.006460,-0.071269,-0.020618,0.019068,0.080609,-0.052483,0.096035,-0.002710,-0.017053,0.037153,0.099852,-0.012903,0.000213,0.057822,0.040979,0.061087,-0.022042,0.041937,0.067160,-0.077227,0.013023,-0.017881,0.073311,-0.032008,-0.067903,0.025993,0.057505,0.085662,0.021810,0.086487,-0.003279,-0.018409,-0.018115,-0.076617,0.070388,0.036698,-0.002999,0.017878,0.002456,0.049864,-0.003439,-0.002078,-0.057410,0.094055,-0.000005,-0.025125,0.070664,-0.005884,0.035652,0.001586,0.044193,0.014504,-0.030886,0.058144,-0.007099,-0.033174,-0.059959,0.002613,-0.011945,-0.076750,-0.066591,0.083759,-0.038248,0.020803,0.015130,-0.043710,-0.028366,0.007487,0.066395,-0.010611,0.019046,0.027535,-0.056770,0.077316,0.046206,-0.056493,0.048820,0.083170,-0.041871,-0.004009,0.093168,0.036256,-0.012180,-0.041971,0.005395,0.061251,0.030461,
-0.028319,-0.017425,-0.019928,0.267660,-0.097362,0.035408,0.000005,-0.009916,0.006851,-0.011873,0.050382,-0.009925,0.021584,-0.040409,-0.014361,0.006021,-0.036943,-0.017774,0.044326,-0.019714,0.023678,-0.043334,0.074671,-0.002656,0.028293,0.068229,-0.003034,0.006346,-0.018829,0.029129,0.016909,0.027373,-0.032935,0.002270,0.002593,-0.055861,0.031356,-0.002191,-0.042489,0.056564,-0.006720,0.015189,-0.050198,0.030597,-0.016840,-0.014637,-0.037204,-0.089742,-0.064269,0.099416,-0.064485,0.002982,-0.071908,0.022816,0.060550,-0.031192,-0.046046,0.001286,-0.004401,-0.024560,0.080172,-0.017614,0.078856,-0.037871,-0.033412,-0.008605,0.011213,-0.045864,0.000935,0.057972,-0.035213,-0.032638,0.013526,0.001112,0.090798,0.082305,-0.024395,-0.027179,-0.042744,0.035826,-0.003351,-0.005169,0.020709,0.060356,0.028063,0.002147,0.014107,-0.045834,0.034506,-0.011715,-0.008109,0.029557,0.030637,0.004354,-0.032260,-0.052178,0.003553,-0.000111,0.014032,0.068862,-0.042784,-0.085411,-0.015149,-0.012443,-0.006348,-0.001227,0.086459,0.032446,0.004618,-0.006111,0.075838,-0.004766,-0.015226,-0.070547,-0.011822,0.001630,0.078280,-0.036341,-0.075308,0.022918,0.042258,-0.059712,0.000958,-0.045069,-0.086005,-0.044680,-0.073444,0.074029,0.037676,-0.079100,0.000881,-0.043914,0.006067,0.013599,-0.054506,-0.003901,-0.022516,0.054774,0.060044,0.037145,0.035435,-0.003177,0.053633,-0.016152,-0.009306,-0.001793,0.061031,-0.007782,-0.087754,-0.019741,0.009915,-0.038115,0.019557,0.010635,0.014383,0.029300,-0.023737,-0.027451,-0.061479,-0.001976,-0.024350,0.010519,0.006870,0.039494,-0.007227,0.007529,-0.004507,0.032336,0.084714,-0.064805,-0.009375,-0.004316,-0.022925,-0.067170,0.033619,-0.072493,-0.006671,-0.035734,-0.010476,-0.065949,0.064512,0.001426,0.050579,-0.031979,0.004990,-0.020886,0.005537,0.009315,-0.016279,-0.029521,0.016865,-0.082052,0.010461,0.044732,-0.024318,-0.000972,
0.005391,0.093087,-0.037744,-0.097362,7661.316817,0.001276,-0.004639,-0.009180,0.001095,-0.000009,0.006090,-0.085195,0.000024,0.000132,-0.039726,0.003836,-0.000448,0.026241,0.073458,0.018936,-0.054691,-0.077831,0.011329,0.004757,-0.001883,0.057926,0.010604,-0.004886,-0.003278,-0.054313,0.033180,0.016792,0.097805,-0.000482,0.022348,-0.074140,-0.026704,-0.002753,0.060658,0.008463,0.022063,-0.000000,-0.000547,-0.024675,-0.008511,0.087213,0.051362,-0.008571,0.003819,0.016423,0.079253,-0.005206,-0.005324,-0.000024,-0.015720,-0.023952,0.027459,0.010986,-0.043549,0.067963,-0.003115,0.036640,-0.048322,0.069640,-0.045730,0.000001,-0.028113,0.000267,0.002715,-0.014938,0.005394,0.029951,0.017929,-0.011134,-0.062156,-0.022727,-0.000630,-0.047197,0.000775,0.003653,-0.013438,-0.000013,-0.005087,-0.018795,-0.001956,-0.000545,-0.000165,0.020190,0.001503,0.012264,0.000106,-0.003668,0.051032,-0.005402,0.079236,0.010842,0.000176,-0.005128,0.029743,0.017591,-0.000021,-0.000368,-0.052167,0.091740,-0.000004,-0.009169,0.011327,0.000035,-0.095656,0.000007,-0.007440,0.036078,0.000147,0.019331,-0.007444,0.004970,0.098515,0.000410,0.012489,-0.015566,0.001109,-0.012334,0.042923,-0.000033,0.003220,0.006310,0.017414,-0.098020,0.000679,0.009783,0.021793,-0.000622,-0.002052,0.000081,-0.036861,-0.004135,-0.051327,0.002005,0.027850,0.015076,0.001085,-0.006282,0.025714,0.027885,-0.000029,0.063754,0.000126,-0.007762,0.001628,-0.051799,-0.089955,-0.069090,0.000175,-0.001721,-0.040185,-0.001996,-0.000649,-0.009076,0.049205,0.001931,0.012259,0.053301,0.050007,-0.000870,0.011528,0.000036,0.072105,-0.006839,-0.000716,-0.010484,-0.018203,-0.026002,-0.000041,-0.021274,-0.037736,0.010841,-0.002656,0.040832,-0.027804,-0.000444,0.003514,-0.000498,0.001778,-0.013601,-0.025419,0.009098,-0.074447,0.045114,0.000016,-0.067670,-0.005974,-0.004476,0.015065,0.001829,0.003232,-0.075316,
0.093847,-0.038708,0.010048,0.035408,0.001276,102.632042,0.010936,-0.071677,-0.093912,-0.000833,0.000269,-0.000193,-0.090789,0.092706,0.064838,-0.001839,0.008988,-0.068936,0.009034,-0.030103,0.000672,0.047390,0.005764,-0.013018,-0.074317,-0.028159,-0.000278,-0.001733,0.064165,0.000586,-0.007025,0.002177,-0.013996,-0.063424,-0.048570,0.013628,0.000854,0.064998,0.001376,-0.027175,0.008161,-0.054773,-0.041749,0.004212,0.001883,-0.010700,-0.002186,0.041271,0.003049,-0.021641,0.000968,-0.020338,-0.004351,0.035474,0.060089,0.000302,-0.081420,-0.036512,-0.004692,-0.023597,-0.006050,0.019784,0.041444,0.065339,-0.035887,0.001334,0.096479,0.004200,0.071648,-0.042823,-0.066347,-0.008907,0.057583,0.041691,0.056003,0.013626,0.036308,-0.016233,-0.022698,-0.001261,0.056367,-0.004230,0.036482,0.093301,-0.055975,0.014901,0.028205,0.021714,0.035742,-0.003097,-0.038056,0.003028,-0.063386,0.081789,0.059250,-0.007685,-0.005252,0.024179,0.012672,0.003715,-0.049564,-0.007665,-0.003368,-0.018666,-0.000041,-0.018762,-0.063751,0.080552,0.009209,-0.001077,-0.008451,0.011592,0.065383,0.001150,-0.000185,-0.019689,-0.033950,-0.015133,0.024103,0.050218,-0.052412,0.000948,0.002282,-0.000000,0.015774,0.000011,-0.005728,0.001124,0.002012,0.021173,0.012604,0.000021,-0.000363,-0.020764,-0.096726,-0.020350,-0.038575,0.010521,-0.038239,0.011189,-0.000138,0.004479,-0.029504,0.002860,0.053920,-0.003072,0.015107,0.075391,0.066974,-0.005363,-0.001772,0.040508,-0.037004,0.000068,0.093220,-0.089589,-0.028016,0.002519,0.002360,-0.005389,-0.002765,0.051328,-0.004749,-0.077024,0.004774,0.008730,-0.068068,-0.000511,-0.000085,-0.029494,-0.014024,0.011474,0.000096,-0.019524,0.049056,-0.028898,0.006367,-0.055254,-0.030972,-0.005496,0.011409,0.071833,-0.007015,0.000182,0.001783,0.000676,-0.017830,0.002564,-0.009296,-0.000151,0.032612,0.063861,-0.001029,0.032877,0.006193,0.000934,
0.066446,-0.029953,-0.045039,0.000005,-0.004639,0.010936,54.380428,-0.023335,-0.006851,0.001053,0.016482,0.001460,0.014601,0.002972,-0.013967,-0.017646,0.001398,0.029789,0.000310,-0.005068,-0.001457,0.072675,0.085592,-0.089849,-0.024774,0.024571,0.010106,0.021704,0.010088,0.000109,-0.005404,0.054396,0.020922,-0.000065,-0.024759,0.025003,-0.029940,-0.000026,0.082727,0.020330,0.040160,-0.000043,0.032528,0.025254,-0.000436,-0.002572,0.061460,0.087165,-0.069756,-0.091453,-0.047759,-0.082680,-0.000987,0.006920,0.041516,0.000904,-0.002149,0.028666,0.015448,0.061632,0.000873,-0.007229,-0.015499,-0.009184,0.000085,0.004993,-0.000293,-0.028223,-0.001522,-0.024796,0.000922,0.016017,0.014442,-0.008420,-0.005526,0.091501,-0.004697,0.000326,-0.071668,-0.002130,0.030248,0.000949,-0.062228,0.024969,-0.000010,0.028159,0.020094,-0.003587,-0.012124,-0.088649,0.000333,0.014101,0.013474,0.069929,-0.083651,-0.000894,0.032030,-0.015411,-0.056066,-0.057612,0.003148,-0.016205,0.008211,0.011160,0.024865,-0.073964,0.033728,0.041501,-0.002409,-0.015641,-0.007668,-0.004190,-0.026960,0.030914,-0.072296,-0.065090,0.093735,0.048508,-0.021791,-0.003797,0.047179,-0.000662,-0.001462,0.029156,-0.039226,-0.031197,-0.074846,0.056355,-0.042764,0.026701,0.029351,-0.005628,-0.017892,-0.046620,0.060172,-0.058711,-0.031168,-0.013034,-0.037651,-0.006512,0.004612,0.001008,0.079411,0.024121,0.088317,0.006795,0.020417,0.043342,0.006951,0.013978,0.027439,0.012295,0.001819,-0.017572,-0.005766,0.020135,0.003049,0.046123,-0.009530,-0.095092,0.001831,0.008159,-0.043506,0.042326,0.022867,0.004776,-0.016664,0.001795,0.045269,0.017091,-0.025058,-0.093483,-0.030876,-0.027404,0.031079,-0.010101,0.015025,0.002586,-0.072976,-0.000816,-0.018927,0.005553,-0.015297,-0.015286,-0.002250,0.016080,-0.007199,-0.012035,-0.010870,-0.000024,-0.004977,-0.004395,0.008990,-0.031176,0.010023,0.000171,
-0.015896,-0.093446,-0.010676,-0.009916,-0.009180,-0.071677,-0.023335,10.007589,0.050099,0.058017,-0.019868,0.002015,-0.015205,-0.047834,0.003128,-0.047479,-0.063466,0.043423,0.014815,-0.056953,0.002703,-0.052786,-0.004030,-0.053428,0.090417,-0.032274,-0.000416,-0.066511,0.023191,0.065862,0.001573,-0.002518,-0.031043,-0.060276,-0.088818,-0.025000,0.059491,0.004663,0.008250,-0.093780,-0.057939,0.058233,-0.000044,0.004855,0.094548,-0.005110,-0.003968,0.004575,0.019330,-0.033399,-0.011213,0.054787,0.002897,0.014566,0.020223,-0.069956,-0.000032,-0.000351,0.003834,-0.021049,-0.010402,-0.067594,0.019653,-0.075928,0.000368,0.037292,0.023878,0.001888,-0.037204,-0.054686,-0.061436,-0.018233,-0.029757,-0.073719,-0.002632,0.023557,0.000006,-0.087316,0.079897,0.002329,0.062343,0.047173,-0.048800,0.032651,-0.010183,-0.026458,0.002493,0.074328,0.007554,0.049506,-0.025402,-0.025887,-0.003891,-0.001597,-0.010866,-0.044615,0.046543,-0.035713,-0.007797,0.040147,-0.073796,0.000363,0.061470,-0.025004,-0.092129,0.000095,-0.008878,-0.004245,0.003820,-0.004264,0.074271,0.002788,0.030633,0.008411,0.058996,-0.002519,0.002563,-0.005875,0.000020,0.040303,-0.029462,-0.086428,0.041193,0.007544,-0.035572,-0.025638,0.046438,-0.007027,-0.000912,0.070770,0.004042,-0.060229,0.033145,-0.001077,0.044551,-0.004580,0.000142,-0.022842,-0.018684,0.001081,0.059274,0.000346,-0.005161,0.046002,-0.045328,-0.070957,-0.060018,0.014685,0.004156,0.043258,-0.008598,-0.012814,-0.018504,-0.000365,0.001747,-0.019462,0.012965,0.082179,-0.030680,0.002894,-0.002714,0.061462,-0.075890,-0.005602,-0.000859,-0.006654,0.080737,0.002086,-0.041872,0.064165,-0.009764,-0.035974,-0.043444,-0.000023,-0.050955,-0.063181,0.068442,0.065482,0.019865,-0.073329,0.094512,-0.000495,-0.007083,0.039979,-0.005306,-0.014297,0.008296,-0.006415,-0.016311,-0.074585,-0.013590,0.010226,-0.000386,0.095164,0.055611,-0.048897,
-0.008827,-0.011831,0.031276,0.006851,0.001095,-0.093912,-0.006851,0.050099,2250.946481,-0.003374,-0.054478,-0.041724,0.002458,-0.017762,-0.083525,0.064411,-0.021262,-0.019713,0.024331,0.014691,-0.000811,0.012038,-0.066822,0.092290,0.009816,-0.076379,0.006789,0.032670,-0.040371,0.001859,-0.007939,-0.035046,-0.002395,-0.005077,0.040325,-0.012821,-0.000188,0.053068,-0.016007,0.000004,-0.021208,-0.000682,0.094425,0.022644,-0.056376,-0.019208,0.022143,-0.002386,0.002231,0.028472,0.083748,-0.000362,-0.003923,0.000007,-0.058623,0.000061,-0.000000,0.047141,0.013525,-0.052682,-0.003400,-0.078727,0.005039,-0.090817,0.030579,0.002712,-0.030795,0.002795,0.002075,-0.013606,-0.090749,-0.065918,0.036545,0.097279,0.001319,-0.002615,-0.011651,0.004624,0.024979,0.007983,0.001118,0.000085,-0.001836,0.011523,0.002425,-0.011298,-0.000031,-0.048307,0.050000,0.013962,-0.027082,-0.008886,-0.036370,0.026520,-0.037991,-0.018538,-0.032460,0.008071,-0.043809,-0.034503,-0.008101,0.000010,-0.087421,0.000760,-0.001323,-0.003829,-0.053647,-0.080391,-0.001044,0.002355,-0.002616,-0.050243,-0.063803,-0.000477,0.073083,0.077760,0.076092,0.043761,0.032127,-0.048039,-0.022507,0.007784,-0.024368,-0.027131,0.048902,-0.003457,0.089524,0.012706,0.022185,-0.002527,0.044328,0.012208,0.099591,0.000078,-0.023356,0.002735,-0.052718,0.000001,0.024326,0.006928,-0.005816,-0.000318,-0.056892,0.083293,-0.038527,-0.005796,-0.020646,-0.008238,-0.010255,0.007881,0.022301,-0.047828,0.008200,0.085540,0.011823,-0.026398,-0.083159,-0.003702,-0.002108,0.027168,-0.041584,-0.055209,-0.047876,-0.041019,0.001533,-0.000014,0.075835,-0.000060,0.019603,-0.031296,0.005014,-0.003056,0.002070,0.000254,-0.017193,0.005437,-0.000120,0.078730,-0.053265,0.001006,0.095143,0.001521,0.000214,-0.026845,0.001040,0.000382,-0.084149,-0.087460,-0.000102,0.005521,-0.001132,0.051746,0.000075,0.011609,0.000247,0.073931,
-0.015937,-0.001178,0.006020,-0.011873,-0.000009,-0.000833,0.001053,0.058017,-0.003374,466.026547,0.023746,-0.004966,0.001867,0.013897,0.093418,-0.014785,-0.000055,-0.002303,0.001555,-0.008284,0.042175,-0.012505,-0.034079,-0.032639,0.002757,-0.010535,-0.059113,0.007031,0.010513,0.000661,0.090131,0.000963,0.024218,-0.002251,0.002329,-0.036971,0.000254,0.009373,0.019226,-0.046139,-0.081125,0.085538,0.067695,-0.079652,0.006542,0.001777,0.012100,0.045829,0.005098,-0.000963,-0.072005,-0.012135,-0.059133,-0.000109,0.083502,-0.000569,0.067794,-0.003748,-0.005411,0.040949,0.054998,0.015962,-0.026480,0.000004,-0.000747,0.000761,-0.008120,-0.014416,-0.027006,-0.062808,0.021357,-0.016449,0.009692,-0.013278,-0.001737,-0.099708,0.020350,0.000243,-0.018771,-0.000054,-0.000241,0.026242,0.017875,-0.000212,0.000266,-0.006027,0.006614,-0.000880,0.000228,0.044006,-0.000010,-0.038846,0.036385,0.031905,0.092684,0.013680,-0.011251,-0.015802,0.034849,0.000015,0.000157,-0.000015,-0.004718,-0.052438,0.026542,0.000080,-0.042695,-0.042124,-0.000065,-0.009823,-0.014611,0.047615,-0.000350,0.002576,-0.005689,0.083019,0.003171,-0.033530,0.077544,-0.009183,0.092927,0.046469,0.057492,-0.020278,0.001363,0.010128,0.064556,-0.030140,0.007985,0.005556,-0.048595,-0.089811,0.040148,0.003893,-0.003763,0.004319,0.096893,-0.021737,-0.024015,-0.095974,0.061865,0.031085,-0.058644,0.082253,-0.000216,0.002747,0.047946,0.069906,-0.000794,0.010040,-0.049597,0.000497,-0.008860,0.001424,0.063476,-0.022286,-0.020694,0.000334,-0.002802,-0.062822,-0.019012,0.004491,-0.015213,-0.000073,-0.021541,-0.026169,0.000107,-0.003195,-0.000245,0.051656,0.019965,0.019855,-0.003003,-0.019810,-0.001658,-0.011628,-0.000103,-0.000222,-0.083783,0.034624,0.000005,-0.018283,-0.000003,-0.028718,-0.000295,0.050397,0.032706,0.004017,0.000553,-0.002445,0.002298,0.021203,0.004084,-0.005650,0.038394,0.082264,
0.002436,0.000583,0.002608,0.050382,0.006090,0.000269,0.016482,-0.019868,-0.054478,0.023746,391.794444,0.009068,-0.069883,0.008752,0.003536,0.000596,0.001503,0.030146,0.023456,-0.016485,0.007318,-0.012832,0.011715,0.002766,0.066719,-0.000188,-0.015875,0.080901,-0.000857,-0.001105,0.011739,-0.036501,0.094783,0.095495,-0.017510,-0.016442,-0.000286,0.058127,0.008398,0.014435,-0.000499,-0.001500,0.021879,-0.007469,-0.002570,-0.079676,-0.070334,-0.028780,-0.079036,-0.062618,-0.055737,-0.001364,-0.068012,-0.000389,-0.033517,-0.003568,-0.000031,0.000175,0.041316,-0.043156,-0.004582,0.090640,0.012430,0.006491,0.013295,-0.008019,-0.091746,0.051685,0.001642,-0.029502,-0.054942,0.038682,0.019112,0.015161,-0.012354,0.047423,-0.000519,-0.001346,0.004687,-0.001229,0.000075,0.000192,0.017486,-0.010224,0.087559,0.030314,0.077288,0.029318,0.085517,0.000346,0.049408,0.015302,-0.015677,-0.020508,0.000154,0.035414,0.002905,-0.000054,0.030740,-0.017009,-0.000457,0.006534,0.003221,-0.057684,0.000427,-0.000708,-0.075222,-0.084168,-0.082569,-0.015691,-0.054404,-0.036200,-0.013935,0.000783,-0.027436,0.022749,-0.000921,0.001148,-0.009184,0.018586,0.003724,-0.073655,0.066145,-0.066281,-0.052473,0.002529,0.037217,-0.002484,-0.031235,-0.009032,0.039518,0.007317,-0.003987,-0.009401,-0.037623,0.015111,-0.012801,0.016821,-0.078447,-0.051501,-0.000006,-0.001523,0.000000,0.039496,-0.004105,0.002359,-0.063217,-0.056101,-0.079482,-0.097427,-0.004880,-0.025957,0.010156,-0.000007,0.004183,0.009372,0.036507,-0.051500,0.084349,-0.033895,0.000112,0.036713,-0.025892,-0.000193,0.002950,0.000187,-0.029955,0.001881,0.004652,0.080094,0.010694,-0.045846,-0.040132,0.005693,0.077828,0.059832,-0.023670,0.001913,-0.011064,-0.002334,-0.000099,-0.009910,0.001934,-0.002666,-0.000001,0.000189,0.000135,0.009112,0.000061,-0.019433,0.081161,-0.011069,-0.001373,0.000358,0.036774,0.006639,
0.078764,0.003162,0.024183,-0.009925,-0.085195,-0.000193,0.001460,0.002015,-0.041724,-0.004966,0.009068,36.973099,0.011937,0.018196,0.015689,-0.004243,0.023810,-0.000351,-0.056932,-0.014875,-0.000399,-0.002472,-0.028234,-0.089170,-0.002014,0.011736,-0.000206,0.023070,-0.048384,0.009867,-0.051087,-0.000698,-0.002234,0.027567,-0.042788,-0.000032,-0.010993,-0.001987,0.000466,-0.018252,0.007740,0.002246,0.048827,0.000602,0.064411,-0.013981,0.016188,0.049939,-0.008542,-0.076839,-0.036044,0.001028,-0.044328,-0.009257,0.099340,0.000171,-0.005251,-0.001418,0.041385,0.024495,-0.019554,-0.005889,0.002054,-0.075787,0.002373,-0.016050,0.081116,0.032138,-0.094907,0.001267,-0.002837,-0.005416,-0.039658,0.017575,-0.024656,0.048940,-0.000044,0.000237,0.003202,0.002670,-0.039161,-0.001968,-0.054692,-0.003579,0.001987,0.098669,-0.049550,-0.001545,0.005625,-0.015199,-0.013412,-0.000042,-0.019196,-0.059559,0.001474,0.024149,-0.006928,-0.015845,0.083801,-0.023963,-0.005065,0.035648,0.009019,0.090148,-0.013278,0.003012,0.050868,0.000470,-0.005682,-0.000209,-0.006239,0.027657,0.006635,-0.022501,-0.018251,-0.008426,-0.027133,0.006954,0.069300,-0.039805,-0.058316,0.000039,0.051920,-0.023372,-0.003703,-0.002085,0.070724,0.001183,0.000008,0.063495,-0.060644,-0.009276,-0.016226,0.008804,0.009617,-0.000316,0.060129,-0.069477,0.004222,-0.006876,-0.014271,-0.001146,0.028487,-0.017181,0.012703,-0.090889,-0.030901,0.040685,-0.002547,-0.032576,0.084460,0.060868,0.056733,-0.068962,0.082341,0.000328,-0.065392,-0.048608,0.003104,-0.012307,0.026462,-0.011056,-0.006786,0.002780,-0.003741,-0.005084,-0.057591,0.007400,0.023914,0.047497,0.047890,0.002024,0.015181,-0.002308,-0.001304,0.061223,-0.031357,0.000000,-0.025611,-0.050784,0.009532,0.050569,-0.002174,-0.089908,0.086454,-0.030430,0.031036,0.012080,-0.001821,0.067751,-0.003533,0.017583,0.002192,0.001919,0.017003,-0.001090,
0.003332,-0.000598,0.003536,0.021584,0.000024,-0.090789,0.014601,-0.015205,0.002458,0.001867,-0.069883,0.011937,372.230695,-0.000086,-0.002875,0.053525,-0.029184,-0.010482,-0.022061,0.083683,-0.013201,0.044945,-0.075893,-0.000655,-0.031032,-0.011652,-0.000359,-0.034019,0.007794,-0.043736,-0.038692,-0.059605,-0.001214,0.074255,0.059745,0.000013,-0.016886,-0.077342,-0.004614,-0.019474,-0.054883,0.082731,-0.003792,0.038567,-0.009609,0.000596,-0.028431,0.034117,0.040460,-0.000426,-0.010804,0.002996,0.087066,0.000131,-0.053383,-0.020480,0.004160,0.001992,0.023032,0.097622,-0.007590,0.001360,0.001491,-0.023794,-0.000315,0.001021,-0.064720,-0.057537,0.069501,0.000312,0.028592,0.008762,0.061765,0.030923,-0.006002,0.005136,-0.001268,-0.000850,0.006538,0.024947,0.093734,0.004485,0.072842,-0.006239,-0.073971,-0.009874,-0.002775,0.087681,-0.011425,0.000581,0.093184,0.005737,-0.000067,0.012187,-0.017703,-0.001883,-0.059123,0.026749,0.000001,-0.069755,0.002226,0.080168,-0.002357,0.094102,0.063918,0.026838,0.038425,-0.035152,-0.000084,-0.012265,0.004706,0.020916,0.000288,-0.062013,0.009715,0.006658,-0.052707,-0.001052,0.008942,0.000781,-0.013077,-0.000129,0.000106,-0.033859,0.021973,-0.000382,-0.001483,0.006716,0.000304,0.044219,-0.040739,0.008549,0.000718,0.005670,-0.028807,-0.016903,0.077363,-0.000501,0.084117,-0.055512,-0.001099,0.084308,-0.000483,-0.054304,-0.001332,0.035960,-0.010686,0.003587,0.087479,0.033390,-0.018752,-0.016064,-0.022904,-0.006453,0.000306,0.008217,0.009170,-0.000747,-0.083554,-0.062449,0.015777,-0.014018,0.068095,-0.001872,0.065777,-0.000162,-0.000687,-0.000093,0.006216,-0.018115,0.006949,0.015780,0.012060,0.044310,-0.073970,0.047687,-0.000609,-0.002790,0.001033,0.053461,-0.002420,0.000367,-0.008908,0.043955,0.035449,0.002308,-0.009147,0.001084,0.007835,-0.010403,0.013754,0.020062,0.024315,-0.024681,-0.085682,0.032127,
-0.008798,0.000031,0.031849,-0.040409,0.000132,0.092706,0.002972,-0.047834,-0.017762,0.013897,0.008752,0.018196,-0.000086,2103.650682,0.076789,-0.086050,0.002551,0.002988,0.086857,-0.017977,0.039053,0.092217,0.000344,0.000299,-0.049217,-0.024635,-0.013719,-0.008308,-0.013774,-0.000103,-0.021033,0.000025,-0.002876,-0.005132,0.034493,0.013988,-0.038938,-0.000046,0.006341,-0.075390,0.000894,0.046451,0.044339,-0.002973,0.067811,0.000578,-0.020369,0.026926,-0.012535,-0.039511,-0.040988,-0.084024,0.015012,0.004727,0.018049,0.003254,-0.028593,-0.000247,0.020816,0.012417,0.003497,0.072618,-0.041741,0.071806,-0.000800,0.018016,0.031836,0.046589,-0.034071,-0.003503,-0.092509,-0.001507,-0.003859,0.040183,0.005214,-0.073660,0.001217,-0.000080,0.027588,-0.077020,-0.038901,0.000012,0.002534,-0.010401,-0.018801,0.062988,-0.016794,-0.042699,-0.000002,0.004779,0.042473,-0.025527,0.005341,0.080693,0.000171,0.000659,-0.000812,0.026062,0.049829,0.013620,-0.001793,-0.033773,-0.002835,0.033709,0.000024,-0.001040,-0.032275,0.000636,0.000023,0.000631,-0.023965,-0.019627,-0.001961,0.001133,-0.013193,-0.013245,0.008584,-0.010420,0.053135,0.041603,0.000745,0.001025,0.072434,0.000101,-0.045044,-0.000443,-0.003423,-0.023786,-0.054187,-0.000921,0.022523,-0.000449,0.063043,-0.000364,0.000409,0.058790,0.001678,0.000867,0.096078,0.013370,0.022081,-0.094161,0.011871,0.065846,0.066018,0.062546,0.019842,0.022313,-0.013898,0.084875,-0.004377,0.052056,-0.027501,-0.000881,0.000876,0.011947,-0.007539,0.000144,-0.016295,0.009159,-0.071898,0.000601,-0.000612,0.000246,0.040061,-0.019006,0.025244,-0.001184,-0.000033,-0.089573,0.011955,0.033603,0.013343,-0.000889,0.033587,0.026126,-0.056444,0.002260,-0.093553,0.000109,-0.001198,0.000159,-0.008059,-0.033287,-0.003522,-0.000307,0.077371,0.003196,0.000173,0.000967,-0.008050,0.023976,0.000590,-0.005378,-0.015744,-0.003224,
-0.098553,0.000265,0.002779,-0.014361,-0.039726,0.064838,-0.013967,0.003128,-0.083525,0.093418,0.003536,0.015689,-0.002875,0.076789,14.396970,0.021531,0.056369,-0.057903,0.015303,0.082192,0.006013,-0.007447,-0.000629,0.095457,0.043562,0.000141,0.040869,0.046942,0.007726,-0.000329,0.035015,-0.036944,-0.015516,0.030279,-0.001109,-0.008185,0.002406,-0.010595,0.021629,-0.041730,0.001826,0.083651,-0.015917,0.024387,-0.027976,0.006013,0.009425,0.052576,0.003088,-0.032853,-0.080147,-0.060089,0.050024,-0.058657,-0.025956,0.020129,0.015711,0.060676,0.012057,0.028810,0.096704,0.087638,-0.008032,-0.025093,0.069903,-0.075171,-0.078707,-0.016482,-0.027984,-0.007453,0.015625,0.015657,0.000379,0.071853,0.081208,0.002610,-0.004297,0.041249,-0.000858,0.034412,-0.004804,0.014552,0.041833,0.098437,-0.054930,-0.072845,-0.013041,-0.073205,0.056743,-0.000183,0.008641,-0.001838,-0.000858,0.061865,-0.070776,0.004278,0.008517,-0.037232,0.009063,0.022808,-0.092195,0.009239,-0.008984,-0.052592,-0.042784,-0.014820,0.074399,0.015862,-0.006307,-0.003964,-0.017174,-0.000827,-0.000671,0.004276,-0.012735,0.039699,0.000879,-0.035147,0.033394,-0.099570,0.000197,0.004152,0.020515,-0.072456,-0.074776,-0.050810,0.000698,0.049045,0.009405,0.029024,-0.054304,0.028131,0.091279,0.012394,0.003669,-0.007302,0.036240,-0.028486,0.054876,0.082247,-0.045338,-0.000636,0.065778,0.064469,-0.020789,0.033305,-0.073393,-0.090734,-0.025194,-0.068165,-0.004479,0.028625,-0.066364,0.000318,0.012591,0.059250,0.011982,-0.089661,-0.004472,-0.064217,0.000255,-0.004627,-0.089761,-0.004588,0.006115,0.007147,-0.033739,-0.002297,0.046077,0.074126,-0.007216,0.066105,0.006863,-0.008379,0.006198,0.052934,0.014645,0.000465,0.034786,-0.094099,-0.066265,-0.000059,0.009775,-0.028295,0.012165,0.007814,0.004029,-0.027394,0.028655,0.009159,0.000255,-0.079957,-0.052507,-0.060551,0.022946,-0.013739,
0.008525,0.033235,0.013975,0.006021,0.003836,-0.001839,-0.017646,-0.047479,0.064411,-0.014785,0.000596,-0.004243,0.053525,-0.086050,0.021531,0.747791,-0.007551,-0.067815,-0.000123,-0.011049,-0.051803,0.072865,-0.042075,-0.013087,-0.003725,-0.010460,0.008725,-0.008413,-0.043817,0.033342,0.003245,0.052322,0.021962,-0.030997,0.010327,0.010844,0.035677,-0.008010,-0.020998,-0.059769,0.070844,0.006985,-0.002159,-0.021872,0.053911,-0.027969,0.000403,-0.044749,0.009999,-0.020431,0.003920,0.016284,-0.054284,-0.035014,0.034217,-0.062437,-0.072085,0.041587,0.016962,0.011952,-0.086821,0.030375,-0.054318,-0.000138,-0.097463,-0.005154,-0.011538,0.065393,0.003262,0.048782,-0.003982,-0.087842,0.022916,0.050095,0.015787,-0.000749,-0.018834,-0.004556,-0.069675,-0.033459,0.048280,-0.030891,0.031630,-0.035451,-0.000891,-0.033231,0.042955,0.044403,0.023287,-0.032110,0.002059,0.023080,-0.006390,0.023078,-0.063242,0.030450,-0.053935,0.036897,0.022639,0.025717,-0.015675,-0.007146,0.032357,-0.070427,-0.015494,-0.025630,-0.010811,0.031581,0.046463,-0.021839,0.076359,0.018367,-0.011489,-0.035333,-0.025192,-0.071725,0.015429,-0.015998,0.073063,-0.050609,-0.040379,0.075866,-0.002533,0.037082,0.000807,0.023971,-0.009801,-0.042072,-0.002061,0.061982,-0.089841,-0.005135,0.076513,-0.054534,0.077711,0.035992,0.009446,-0.006329,-0.029836,0.024788,-0.001489,0.071444,-0.088170,0.051224,-0.008509,0.007834,-0.005769,-0.062318,0.002402,0.034231,-0.008646,0.071919,-0.041228,-0.046148,0.026530,-0.045555,-0.025260,0.042278,0.008882,0.004152,-0.019096,-0.011486,-0.010568,-0.020577,0.004885,0.010601,-0.026378,0.032913,-0.001852,0.054041,-0.007317,0.021783,-0.071085,-0.084649,-0.046612,0.002935,0.029653,0.039530,-0.071597,-0.019025,-0.075395,-0.005673,-0.011716,-0.004218,-0.034160,0.026148,0.030641,-0.006956,-0.010591,-0.082819,0.087064,-0.016319,0.007764,0.070903,0.000222,-0.038336,
0.003303,-0.025993,-0.072355,-0.036943,-0.000448,0.008988,0.001398,-0.063466,-0.021262,-0.000055,0.001503,0.023810,-0.029184,0.002551,0.056369,-0.007551,85.003144,-0.000265,0.076400,-0.032143,0.001387,-0.016722,0.063946,0.077845,0.055954,-0.000270,-0.011717,-0.006691,0.081707,-0.081781,0.086712,-0.007781,0.000122,0.000105,-0.026006,0.029796,-0.090231,-0.000309,0.087825,-0.015167,0.029333,-0.001140,0.057084,-0.019247,-0.001298,0.032040,0.068634,0.023356,0.022202,0.085195,0.030376,0.007526,0.035955,-0.024043,-0.006131,-0.020139,-0.011338,-0.004631,-0.019151,-0.030995,-0.019718,-0.005413,0.037831,0.044192,0.052222,0.000437,0.048734,-0.000004,-0.096146,0.000955,0.067347,0.019450,-0.032484,0.031392,-0.054345,0.035748,-0.049173,-0.014323,-0.086188,0.001922,0.016165,0.083376,0.020287,-0.009630,-0.028670,-0.001072,-0.026671,0.011342,-0.009071,0.001257,-0.011596,-0.010504,-0.017884,-0.021262,0.000000,-0.000120,-0.000885,0.019715,0.000997,0.056712,-0.010285,0.000188,-0.005694,-0.004541,-0.061191,-0.037654,0.018403,0.000369,-0.002245,0.001122,0.000026,-0.058953,-0.004449,0.000979,-0.095834,0.006083,-0.055227,0.058090,-0.027750,0.085068,-0.001035,-0.003676,-0.068760,0.063156,0.003498,-0.002269,0.029671,0.039540,0.097638,0.042243,-0.038408,-0.002407,-0.002539,-0.043890,0.033350,0.012071,-0.017533,-0.092063,0.066614,0.070568,0.033201,0.008915,0.011678,-0.043788,-0.015249,0.001635,0.024139,0.014021,-0.024368,0.001001,-0.051585,0.000177,0.000096,0.000293,-0.079145,0.004578,0.027893,0.003336,0.001936,-0.040294,0.067693,-0.020420,-0.010849,-0.000362,-0.000205,0.080742,-0.058217,0.003339,0.000448,-0.003799,0.061616,0.000026,0.060415,0.027688,-0.001963,0.040933,0.000502,-0.010671,0.062068,0.009674,-0.012171,0.001963,0.009705,0.004455,0.093709,-0.000082,0.001434,0.093257,-0.014680,-0.001932,0.014979,0.030184,0.000759,0.007366,0.033718,-0.043481,
-0.003597,0.063761,0.001122,-0.017774,0.026241,-0.068936,0.029789,0.043423,-0.019713,-0.002303,0.030146,-0.000351,-0.010482,0.002988,-0.057903,-0.067815,-0.000265,1394.514628,-0.014776,0.093254,0.000000,-0.050209,0.073437,0.084058,-0.038428,-0.000008,0.007558,-0.001916,-0.001091,-0.014705,0.013462,-0.000030,-0.003929,-0.000074,-0.023856,0.000030,-0.049856,-0.035577,-0.055121,0.028519,0.000662,-0.000171,0.012955,0.002915,-0.006016,-0.017935,-0.002589,-0.054887,0.013958,-0.000833,-0.006235,0.057371,-0.026089,0.000898,-0.097305,0.001420,0.000077,-0.000059,-0.043974,0.007200,-0.001631,0.098006,-0.052208,-0.007113,-0.000499,0.013481,0.009972,0.004690,-0.098053,-0.031002,-0.006194,-0.028417,0.022050,-0.000680,-0.002500,0.013933,-0.018894,-0.001055,-0.093840,0.002916,0.001201,0.001932,0.000951,-0.002006,0.000282,-0.010066,-0.000000,-0.018735,0.009965,-0.000280,-0.025527,-0.067427,-0.008756,0.007917,-0.090269,0.013386,0.000667,-0.000408,0.039492,-0.065729,0.001566,-0.001717,-0.000986,0.023518,0.000090,0.001734,-0.002080,-0.045684,-0.070802,0.005952,-0.002786,-0.043490,0.022559,0.000814,0.040639,0.004217,-0.081251,-0.039641,0.001686,0.004053,-0.006749,0.028013,-0.064771,0.055535,0.001791,0.000111,-0.008425,0.017536,0.020734,-0.002135,0.002724,0.008825,0.035536,-0.007482,0.030475,-0.000041,-0.054278,0.000912,-0.003878,0.026576,-0.000241,-0.000284,0.069614,-0.011944,-0.068605,-0.037624,-0.033985,0.002418,0.018915,0.058800,-0.004230,0.060414,-0.004756,-0.058663,0.000445,-0.071551,-0.000327,0.001638,0.021741,-0.048931,-0.057646,-0.000841,-0.005245,0.000533,0.011569,0.000000,-0.072095,0.001694,-0.017473,0.048229,0.003643,0.027204,-0.000221,0.017568,-0.001341,0.011511,0.000063,-0.005789,0.073582,0.032101,-0.001138,0.000093,-0.074028,-0.033261,0.000314,-0.004511,-0.056968,-0.039606,0.005721,0.000618,0.051494,0.019779,-0.061220,0.001428,0.026333,-0.035023,
0.003307,0.004403,0.078546,0.044326,0.073458,0.009034,0.000310,0.014815,0.024331,0.001555,0.023456,-0.056932,-0.022061,0.086857,0.015303,-0.000123,0.076400,-0.014776,8.720457,0.005754,0.041775,0.034887,0.079976,-0.011708,-0.077382,0.066942,0.031817,0.050316,0.059965,-0.001592,0.012189,-0.039884,0.008039,-0.001158,0.002099,0.059963,-0.074988,-0.007329,-0.000618,-0.018302,-0.016370,0.046255,0.083904,-0.056356,0.024628,-0.015857,-0.024871,-0.058356,-0.081185,0.002078,-0.099806,0.089248,0.010308,-0.026677,-0.076872,-0.053204,-0.019913,-0.018746,-0.014312,-0.017226,-0.000690,0.000334,0.017946,-0.039253,-0.017986,0.046912,-0.091634,-0.003344,-0.035705,-0.011081,0.059141,0.007435,0.005668,-0.003282,0.063930,-0.009379,-0.069974,-0.051282,-0.007413,-0.030877,0.029847,-0.012526,-0.023060,-0.059706,0.000512,-0.056833,0.056742,0.010057,-0.068409,-0.091629,0.084318,-0.050524,0.007309,-0.045432,-0.009989,0.014919,-0.072944,0.095165,0.063533,-0.028162,-0.098479,-0.016159,-0.051909,0.002741,0.063679,0.048425,-0.007128,-0.027160,0.005210,-0.004363,-0.049792,0.043508,-0.080746,0.000661,-0.011374,0.045450,0.000306,0.000685,-0.067713,0.013033,0.069344,-0.001618,-0.068161,-0.091467,0.051044,0.008773,0.049633,0.000127,0.022384,0.059054,0.012465,-0.002205,-0.017367,-0.064157,0.009315,0.049137,0.088024,-0.094693,-0.083521,0.006624,0.048018,-0.000830,0.057646,0.015652,-0.033959,-0.021788,0.034205,0.013461,0.086261,0.021361,-0.094063,0.011786,0.081522,-0.088583,-0.073322,0.010382,-0.021154,0.027161,0.004548,-0.047596,0.002542,-0.026120,0.000362,0.018344,-0.046227,-0.047305,0.051115,-0.018148,0.078544,-0.084954,-0.023065,0.040486,0.000113,0.021771,0.049683,0.052165,-0.003391,-0.058548,-0.076965,-0.078559,0.017301,-0.016249,0.028616,0.025059,0.038463,0.036523,-0.008193,0.019705,0.004293,0.018107,-0.002371,0.054179,0.048639,0.000187,0.037140,-0.016964,
0.024406,-0.003698,0.058083,-0.019714,0.018936,-0.030103,-0.005068,-0.056953,0.014691,-0.008284,-0.016485,-0.014875,0.083683,-0.017977,0.082192,-0.011049,-0.032143,0.093254,0.005754,6.936337,0.003477,0.050217,0.022710,0.002192,-0.068172,0.012168,0.003104,-0.038697,-0.001447,-0.079616,-0.033605,-0.003089,-0.009626,-0.018057,-0.000377,-0.083144,0.010775,0.010896,0.027028,-0.024489,-0.027965,0.016095,0.048078,0.064064,-0.000982,0.007291,-0.084425,-0.002879,0.004415,-0.002824,0.031385,-0.007544,0.010659,-0.006566,-0.000064,-0.006515,-0.002932,0.064781,-0.034436,0.001385,0.020577,0.002883,-0.001056,0.057051,-0.079973,-0.010205,0.007006,0.012943,-0.097486,0.017041,-0.007831,-0.019458,0.006766,0.006699,0.060472,-0.051313,-0.019830,-0.000913,-0.016608,-0.030465,-0.000000,-0.001504,0.018894,0.000477,-0.060310,0.042004,0.086553,0.092437,-0.026552,-0.000239,0.029064,0.011655,0.024447,0.028669,0.025710,0.004051,0.020291,0.093731,-0.008023,-0.072359,-0.025031,-0.054505,-0.095575,-0.050878,0.002274,0.006452,0.028894,0.030877,0.018074,0.008116,0.065680,0.008163,-0.006636,-0.007223,0.061524,0.053662,0.038373,0.004424,-0.086660,0.066737,0.001075,-0.070242,0.041729,0.063898,-0.092676,-0.055539,-0.037173,-0.059560,-0.002495,0.082783,0.009359,0.044322,0.000763,0.040559,0.018125,-0.067727,-0.066997,0.046752,-0.008176,-0.001170,0.052658,0.043851,-0.075292,-0.059026,0.014742,0.007606,0.007635,-0.049345,-0.013878,-0.000280,-0.017585,-0.005637,0.058758,-0.021180,-0.084319,-0.014509,-0.012381,-0.051526,0.003595,-0.091852,-0.008583,-0.017768,-0.064336,-0.020277,-0.010960,0.004633,-0.031826,0.016525,0.012884,0.004989,0.028620,0.024165,-0.000141,0.097178,0.070790,0.072893,0.052592,-0.065011,-0.012670,-0.006376,-0.003969,-0.016018,-0.002009,0.003239,-0.039582,-0.000124,0.004060,-0.002050,-0.068479,-0.010321,-0.028856,-0.003642,-0.019635,-0.010334,0.008139,0.001577,
-0.035556,-0.006324,0.023572,0.023678,-0.054691,0.000672,-0.001457,0.002703,-0.000811,0.042175,0.007318,-0.000399,-0.013201,0.039053,0.006013,-0.051803,0.001387,0.000000,0.041775,0.003477,634.372208,-0.049652,0.058938,0.000009,-0.070864,0.000306,-0.000832,0.001118,-0.002154,-0.003210,-0.013048,0.001016,-0.001151,-0.098532,-0.006736,-0.078422,-0.001299,0.000038,0.044491,-0.015857,-0.073729,0.000001,-0.008243,0.028160,-0.008865,0.025622,0.015409,0.073314,0.036036,-0.000005,0.031940,-0.033122,0.002942,0.001281,-0.030369,-0.004788,-0.002251,-0.000253,-0.076225,0.004091,0.002416,-0.054870,-0.020602,-0.018968,-0.003340,-0.024715,-0.023208,-0.018484,0.089418,0.007298,-0.007597,0.073557,0.008245,-0.049969,-0.000576,-0.018901,-0.000508,-0.020867,-0.003652,-0.015339,0.003299,0.000867,-0.067939,-0.000072,-0.005693,-0.000062,-0.000502,0.036385,0.018762,0.000030,-0.016355,0.071902,0.070777,-0.033730,-0.055235,0.048810,-0.012710,0.012303,0.030154,-0.041351,0.050585,-0.000397,0.054174,-0.001851,0.012284,-0.016022,0.073651,0.013779,0.000041,-0.000046,-0.067726,-0.000397,-0.000103,0.001349,0.006010,0.007363,0.003664,-0.003391,-0.086959,0.017549,0.032157,-0.059795,-0.042827,0.092731,0.040836,-0.000347,0.026362,0.000991,0.004126,-0.000230,-0.089098,-0.005439,-0.018024,-0.007037,0.028610,0.089280,0.001491,0.063486,0.016625,0.062969,-0.000385,0.000005,0.037933,0.075600,-0.000234,-0.002719,0.097064,0.059446,0.044038,-0.011861,0.008859,0.000906,0.023525,0.034175,0.020309,0.004095,0.000227,-0.003545,0.027016,-0.004439,0.020290,0.000166,-0.008152,-0.013755,-0.005205,-0.001175,-0.039325,0.038071,-0.000043,0.078085,-0.006750,0.019298,-0.004890,-0.084215,0.047389,-0.009362,-0.010152,-0.014733,0.028074,-0.033299,-0.005506,-0.000654,-0.000250,0.027246,-0.000974,-0.058131,0.056970,-0.000036,-0.064552,-0.043478,-0.060572,0.009244,0.000005,0.000189,-0.052564,0.003739,
