59.654036,-0.003736,0.000280,0.000025,-0.000491,0.000377,0.070320,0.006542,0.015980,-0.046466,-0.000276,-0.000673,0.067119,0.008328,0.001918,-0.029180,-0.095825,0.083067,0.026520,0.026495,0.036927,-0.075168,-0.000059,-0.041938,0.015369,-0.030277,0.004876,0.000226,-0.053224,-0.000285,-0.056163,-0.010348,0.004901,0.000017,-0.065737,-0.008258,-0.000565,0.005057,-0.062037,0.058385,0.070178,-0.005632,-0.000908,-0.012294,0.012004,0.088386,0.005595,-0.000956,-0.002025,-0.033650,-0.027432,-0.006903,-0.001564,-0.035799,0.017086,0.003459,-0.097722,0.091501,0.094483,0.092170,0.000164,-0.000075,0.043639,0.037645,-0.022529,0.018652,0.057449,0.042563,-0.070181,0.017514,0.005789,0.001069,0.000716,0.098312,0.052317,0.017372,0.082370,0.077839,-0.002413,-0.025281,-0.003340,-0.003732,0.007273,0.025334,-0.016977,0.007172,-0.008537,-0.074724,0.017864,0.050422,0.018560,-0.022733,0.009532,0.017499,-0.095247,-0.000307,0.078542,-0.018552,-0.000718,-0.006587,-0.002945,0.025451,-0.017297,-0.084067,0.022300,-0.038985,-0.042344,0.060543,0.013089,-0.042256,-0.022275,-0.071865,0.003463,-0.038676,-0.001272,-0.034382,-0.000495,-0.000030,-0.051863,-0.000273,0.053962,0.004848,-0.017007,0.034634,-0.001478,-0.081981,0.044912,0.059271,-0.001794,0.073078,0.063197,-0.058228,-0.018736,-0.012227,-0.050034,-0.015645,-0.035560,0.007930,-0.008133,-0.001141,-0.004230,-0.001920,0.000098,-0.004736,-0.065881,0.036939,-0.000011,-0.085866,-0.003712,-0.015194,0.004502,-0.024262,-0.013954,0.035470,-0.029763,-0.023367,-0.000448,0.041601,0.085819,0.013137,0.082127,-0.015058,0.011029,-0.039573,0.020178,-0.010143,-0.025444,-0.097056,-0.008514,0.016989,0.003039,0.004875,-0.055208,-0.000358,0.000167,-0.003605,0.000904,0.000088,-0.020270,0.047794,0.002338,0.062301,-0.016340,0.020068,0.004859,0.069547,-0.019700,0.020090,-0.025275,0.001616,-0.049055,-0.051984,-0.000729,0.041358,-0.088771,-0.011976,
-0.003736,23.278374,0.006172,-0.041368,0.043117,-0.071449,-0.036309,-0.068144,0.008493,0.043157,0.079568,-0.041741,0.006937,0.024975,-0.015346,-0.002549,-0.001944,-0.086803,-0.000820,0.028389,0.017915,-0.093787,0.058577,-0.019626,0.094704,-0.094452,0.052968,-0.077908,-0.005468,0.029077,0.062340,0.000583,-0.067411,-0.009095,0.029946,0.028170,0.011041,0.046430,-0.009605,0.000021,-0.000733,0.049860,-0.070519,0.059930,-0.095901,-0.003089,-0.054928,0.025724,0.010523,-0.021933,-0.046673,-0.056587,0.088557,-0.045735,0.000002,0.025665,0.058772,-0.002991,0.023119,-0.018887,-0.038785,0.000054,0.031045,-0.038160,0.001764,0.062723,-0.025774,0.027646,0.070520,-0.057330,-0.001254,0.030028,0.000082,-0.046807,-0.039288,0.069123,-0.066546,-0.013082,-0.003704,0.026001,-0.014081,-0.031840,-0.051886,0.002463,0.066319,0.000229,-0.037706,-0.058124,-0.037838,-0.017210,0.088345,0.045559,-0.084911,-0.008611,-0.042959,0.080903,0.076495,-0.010378,-0.067493,0.045917,-0.049054,-0.090604,-0.002211,-0.033187,-0.001019,0.050440,0.066133,-0.023532,-0.001100,-0.001085,-0.034658,0.040694,-0.028087,0.011094,-0.036501,0.011599,-0.002212,-0.016304,-0.056495,-0.094382,0.071005,0.024286,0.039487,-0.073347,-0.002632,-0.015012,0.014469,0.008470,-0.085154,0.001627,-0.010835,0.024590,0.052300,0.030794,0.027277,-0.013070,-0.071414,0.091126,-0.025847,0.075559,0.069948,-0.023009,-0.042843,-0.024242,-0.007252,0.048128,0.030717,-0.038736,0.026521,0.022255,0.016846,0.025021,0.094820,0.014668,0.019888,0.009100,-0.063042,-0.080417,0.013508,-0.075423,-0.009143,-0.091884,0.067530,0.004139,0.067642,0.020010,0.059740,0.064527,-0.001039,0.008163,-0.023097,-0.023324,-0.010485,-0.027798,-0.038860,-0.089207,0.072529,-0.017571,-0.000768,0.080756,-0.041651,0.004594,0.021695,0.063853,-0.042253,-0.034228,-0.019725,-0.004361,-0.022633,-0.023280,-0.003074,0.000438,0.019432,0.065091,-0.055511,0.001043,
0.000280,0.006172,0.109351,-0.027670,-0.028938,-0.006388,0.049040,0.043960,0.079097,-0.003309,-0.089835,-0.014125,0.043457,0.005514,0.049209,0.002093,-0.013386,0.063424,0.012456,-0.012244,0.046413,0.008471,0.055776,0.008429,0.030976,-0.003573,-0.032835,-0.048137,0.020857,0.026443,-0.003148,-0.003292,-0.044185,0.055503,-0.073976,0.094487,0.000589,-0.050552,-0.030650,0.025710,-0.086545,0.020921,0.068161,0.038664,-0.014671,-0.093985,0.012260,0.008239,0.021954,-0.005509,0.026358,-0.009947,0.049783,0.029121,0.030236,0.014030,0.001519,-0.013179,0.042553,0.008394,0.028364,0.018894,0.001407,-0.006292,-0.043378,-0.023868,0.026547,0.065271,0.003286,-0.019109,0.046347,0.085068,0.054043,-0.060951,-0.011520,-0.011342,-0.032600,-0.022912,0.058875,-0.020886,0.095198,0.041099,0.042772,-0.009129,0.083647,0.034243,0.015863,-0.006986,0.008674,-0.002200,0.028568,-0.005819,0.050428,-0.001061,0.007333,-0.013024,-0.048187,0.079271,-0.005853,0.004799,-0.072638,-0.013966,0.040258,0.017303,0.000541,0.022246,0.004731,-0.072086,-0.025672,0.081583,-0.015789,-0.007082,-0.001376,-0.010054,0.034714,-0.045806,0.026633,0.071767,-0.079732,0.044491,-0.003864,0.018290,-0.010950,0.020760,0.019989,0.012799,-0.025531,-0.034260,0.011237,-0.017800,0.039042,0.022369,0.013610,0.085871,-0.022343,-0.012805,-0.030756,0.013850,0.019301,-0.047943,0.033598,-0.013472,-0.051356,-0.001127,-0.012983,0.003251,0.013912,-0.028624,-0.050881,-0.002336,-0.012045,-0.006577,-0.002764,0.040382,0.025136,0.005553,0.005737,-0.007012,-0.006710,0.010495,-0.016203,0.006712,-0.014369,0.005073,0.004527,-0.009589,0.026762,0.010461,0.047621,-0.007571,-0.003028,0.012483,-0.056717,0.011733,-0.006783,-0.000002,-0.011206,-0.009886,-0.031330,-0.013535,-0.028040,0.048563,0.002296,0.038720,0.000616,0.032220,0.003620,-0.009645,-0.002799,-0.003455,-0.020656,0.096179,-0.007202,-0.003036,-0.007828,0.043842,
0.000025,-0.041368,-0.027670,0.083490,-0.009714,0.000000,-0.041165,0.093088,0.016919,0.007877,-0.071127,0.036910,0.000028,0.039639,0.011108,0.003847,0.000120,-0.000407,0.044785,-0.034612,-0.011359,0.007559,-0.046686,0.013614,0.018555,-0.016596,0.029482,-0.008035,-0.005344,-0.034969,0.009245,-0.034094,0.022393,0.057147,-0.008018,-0.014596,0.030027,0.022380,0.016301,-0.055857,-0.065593,-0.073169,-0.012461,-0.022993,0.005970,0.044391,0.000602,-0.070202,-0.022455,0.017074,0.043256,0.081144,-0.043273,-0.031167,0.004152,0.007287,-0.036492,0.058003,-0.000454,0.017370,0.057545,-0.038920,0.001650,0.010584,-0.000272,0.082851,-0.006550,-0.011331,-0.045199,0.022319,0.064857,0.002831,-0.051614,-0.014865,0.004302,0.007012,-0.052167,0.019971,-0.076791,0.007958,0.022809,0.040565,-0.007886,0.000557,0.004146,0.003825,0.016991,0.018624,0.015097,0.020126,0.000873,-0.018640,-0.060877,-0.014051,-0.012418,0.032654,0.000633,0.018985,-0.001200,-0.029103,-0.039466,-0.000160,-0.008185,-0.023976,0.002834,-0.003102,0.019859,-0.000370,-0.001402,-0.009913,0.022250,0.016118,0.002915,-0.071850,0.036874,-0.018428,-0.026380,-0.000517,-0.004048,0.006445,-0.007875,-0.056345,0.012583,0.037419,-0.069157,-0.022273,0.023398,-0.005255,-0.020939,0.004059,-0.048590,0.020518,0.008853,-0.027147,0.020032,-0.018049,0.046273,0.066904,-0.088751,-0.061155,-0.019819,0.033099,0.007724,0.077120,-0.035216,-0.005959,-0.015924,-0.034792,0.005278,-0.019422,-0.011017,-0.045875,-0.034768,0.011779,-0.025130,0.026890,0.003392,0.018371,0.007620,0.000111,0.081380,0.004740,0.006205,-0.061467,-0.012103,0.003494,-0.030952,0.018134,-0.046765,-0.019108,-0.000907,0.066058,-0.021801,-0.024548,0.039998,-0.087747,0.005373,0.024972,-0.094861,-0.000070,0.035371,0.004624,0.037461,-0.041961,0.033967,-0.041205,0.023573,-0.024955,-0.018143,-0.010351,0.019692,-0.042877,0.041211,-0.022052,0.047116,0.010502,
-0.000491,0.043117,-0.028938,-0.009714,324.125289,-0.018375,0.062879,-0.043141,0.000315,0.008206,0.011517,-0.052229,0.011723,0.008180,-0.055883,-0.049466,0.003565,-0.090641,0.022266,-0.024533,0.000827,0.000583,-0.000287,-0.094971,0.000090,-0.005857,0.038961,0.016941,-0.076040,-0.000037,0.002698,0.009197,-0.022746,-0.001566,0.003540,0.029290,-0.009602,0.027493,-0.013731,-0.006491,-0.000109,-0.005431,0.000003,0.063576,-0.022022,-0.001264,-0.000040,0.064850,0.001014,-0.000728,0.079816,-0.002826,0.034615,0.002952,-0.081845,-0.088286,-0.000125,0.000976,-0.000126,0.034668,-0.014876,-0.033890,0.095216,0.014871,0.000744,-0.007543,0.024554,-0.000010,-0.001619,0.001370,-0.000091,0.000331,-0.008727,-0.001201,0.015150,0.000934,0.005166,-0.003583,0.097803,0.021890,0.089877,-0.014772,-0.046890,-0.027859,0.011290,0.027654,0.003308,0.002244,-0.047641,-0.052582,0.016523,0.014424,0.017570,-0.000164,0.002553,0.043939,-0.018581,-0.003437,-0.078149,-0.009139,-0.009367,-0.018257,0.025014,-0.094247,0.001127,-0.038232,-0.019812,-0.018794,0.003739,-0.072497,0.047742,-0.024854,0.018052,-0.024830,0.060207,-0.086070,0.020941,-0.004974,0.064255,-0.029024,-0.000089,0.055183,0.005714,-0.056101,0.017787,-0.009487,0.098104,-0.007292,-0.000193,-0.003492,-0.017695,-0.015571,-0.019921,-0.007722,0.054507,0.072865,-0.098843,0.046421,-0.027905,0.078090,-0.000961,0.008201,0.001552,0.034689,-0.000941,0.050697,0.001027,-0.040603,-0.000216,-0.054873,-0.023518,-0.069355,-0.002626,0.002694,0.047859,-0.022374,0.008524,0.018537,0.021790,-0.017288,0.046161,-0.027548,0.035600,0.007040,-0.003852,0.011053,-0.010368,-0.001471,0.007532,-0.056231,0.002961,-0.000366,-0.000009,-0.008502,0.000105,0.001742,-0.013122,-0.012639,0.074968,-0.069868,-0.016952,-0.000283,-0.079286,-0.071785,-0.008217,-0.043947,-0.030448,0.020187,0.003612,-0.000563,-0.094795,0.010106,-0.037662,-0.000100,-0.054658,0.000117,
0.000377,-0.071449,-0.006388,0.000000,-0.018375,281.323227,0.045936,0.037230,-0.000603,0.013199,-0.093719,0.077942,0.000158,-0.000832,-0.025571,-0.000763,0.042830,0.006380,-0.000216,-0.031059,0.018253,0.081453,0.087521,0.012269,0.024330,-0.001156,-0.060148,0.058397,-0.019297,0.017304,-0.030211,-0.008820,-0.068027,-0.015902,0.084981,-0.002012,-0.004852,0.000263,-0.074871,0.069186,0.064733,0.005136,-0.008467,0.016669,0.080393,0.099257,-0.002317,-0.004316,-0.074998,-0.024730,-0.020163,0.007300,0.007166,-0.023057,-0.022472,-0.089557,-0.021835,-0.000311,0.025426,-0.021350,0.006597,-0.005593,-0.000026,-0.015851,-0.000295,0.097734,-0.038223,-0.034799,0.008047,0.062577,0.030009,0.028958,-0.000006,-0.006559,0.012514,-0.060286,-0.037051,-0.093698,-0.031212,-0.001453,0.016016,0.042169,0.057847,0.019601,0.018596,-0.053439,-0.009491,0.014932,0.022633,-0.001792,-0.002748,0.010676,0.001449,-0.005215,0.080057,0.043191,-0.000326,0.060033,0.050776,0.024068,-0.039766,-0.010038,-0.010027,0.006531,0.001126,0.012728,-0.064265,-0.030117,0.003008,-0.035935,0.000875,-0.001339,0.010417,-0.006074,0.018547,0.051460,0.007687,0.010452,0.041678,0.019208,-0.055476,-0.045757,-0.000450,-0.000003,-0.002723,-0.026544,0.002891,-0.080700,-0.049065,-0.016163,0.064844,0.004228,-0.030885,-0.006317,0.019186,0.078118,0.057107,0.031306,0.002765,0.082485,0.019462,-0.017334,0.004970,0.050461,0.000459,0.007663,-0.000951,-0.000561,0.000451,0.023280,0.001505,-0.063774,0.007250,0.000552,0.024481,-0.076897,-0.054596,-0.019607,0.053695,0.032932,0.001820,0.006621,0.016509,0.023568,-0.028522,-0.000293,0.029612,-0.000067,-0.027194,-0.000178,-0.053681,-0.031998,0.007243,0.010090,0.054013,-0.000031,-0.008587,-0.034274,-0.073920,-0.002426,0.001327,0.093346,-0.080309,-0.086138,-0.000298,0.076394,0.041733,0.042622,-0.016356,0.021739,0.066549,-0.035122,0.002622,0.043203,0.023437,0.053025,
0.070320,-0.036309,0.049040,-0.041165,0.062879,0.045936,0.241698,0.011742,-0.056008,-0.023404,-0.006897,0.029950,0.033654,-0.009758,0.000316,-0.033282,0.018720,0.027907,0.001196,-0.034718,-0.030658,-0.053466,0.023998,-0.009439,-0.071597,0.033225,-0.004594,-0.070493,-0.000123,-0.004854,0.078298,-0.017239,0.063419,-0.008772,0.001762,-0.044733,-0.032914,-0.086047,-0.042371,0.092849,0.079712,-0.063014,-0.044219,-0.019400,-0.029589,-0.050134,-0.053266,0.008901,0.065451,-0.045859,-0.082170,-0.000000,-0.003374,-0.000686,0.077186,0.020873,-0.005411,-0.061201,-0.024938,-0.045213,-0.009749,-0.003848,0.009978,-0.064082,-0.054087,-0.094411,-0.062845,-0.018423,0.009071,-0.033034,-0.018905,-0.000678,0.007111,-0.018731,0.052438,0.025096,-0.021156,-0.000687,-0.047658,-0.000097,-0.086961,-0.017944,0.027729,-0.009049,-0.009934,0.041087,-0.028255,0.046918,-0.002863,0.001255,-0.021771,0.052295,-0.066724,0.072440,0.098237,-0.060846,-0.081764,-0.004351,0.032235,-0.001862,-0.077340,-0.048010,0.070154,0.012950,-0.005596,-0.024407,0.033595,0.082930,-0.095632,0.033602,0.007890,0.007225,0.033123,0.001200,0.008452,0.016899,-0.042089,0.098451,0.004869,0.043775,0.044855,0.026201,-0.066709,0.009767,-0.017141,0.027972,0.034966,-0.021219,0.001342,-0.057567,0.092287,0.036918,0.049659,0.088594,-0.055624,-0.024046,-0.062126,-0.074661,-0.030862,0.092458,-0.074780,0.041781,-0.000326,0.000222,-0.044123,0.081363,-0.008692,-0.044011,-0.057910,0.033892,0.028127,-0.061383,-0.042600,0.025161,-0.027526,0.063151,0.055812,-0.005005,-0.008331,0.045106,0.032283,0.001740,-0.003908,0.080043,0.040666,0.063830,0.052904,0.010184,0.017943,-0.000926,-0.015894,0.071229,0.043737,-0.013037,0.002087,0.080853,-0.025186,0.008783,-0.028782,-0.051356,-0.057264,0.078085,-0.052304,-0.090418,-0.038958,-0.028655,-0.024531,0.018082,0.001362,-0.057804,0.031862,0.052892,-0.004303,-0.024059,-0.038749,0.001688,
0.006542,-0.068144,0.043960,0.093088,-0.043141,0.037230,0.011742,4.652534,-0.039820,-0.026387,0.004116,0.049601,0.060483,-0.014042,-0.002787,-0.034195,-0.001087,-0.009756,-0.002644,0.010046,0.075424,-0.052986,-0.017001,0.001550,-0.045922,0.063109,0.012630,0.013065,-0.093188,-0.051503,-0.023484,-0.060875,-0.028069,-0.023554,-0.009235,-0.053838,0.005994,0.025988,-0.008395,0.071108,0.099088,0.071322,0.045733,-0.040325,-0.067964,0.043675,-0.050348,0.055428,0.000395,0.011219,-0.091588,0.027631,0.073397,0.006488,0.082142,0.033529,-0.067660,0.023786,-0.021280,-0.038093,-0.000123,-0.003058,-0.013329,-0.019952,0.006743,-0.024096,0.072658,-0.061223,-0.024973,0.040444,-0.001243,-0.001807,-0.002759,0.093160,0.009025,0.019826,0.027727,0.022851,0.004021,-0.005124,0.068783,-0.007401,-0.001240,-0.025799,0.029742,-0.014116,-0.001256,-0.045828,0.014812,-0.002012,0.082927,-0.031974,-0.024887,-0.059902,-0.082043,0.029300,-0.000114,0.093659,0.021511,0.001980,0.099512,-0.022287,0.038132,0.012809,0.015338,-0.099266,0.023629,-0.032705,0.057131,0.014462,0.039860,-0.016862,-0.010320,0.070743,0.072662,0.029870,0.064435,0.006038,-0.044435,-0.001102,0.000669,-0.004666,0.013755,-0.016692,-0.000900,-0.077297,0.082914,0.064992,-0.090315,0.013784,-0.017087,-0.038500,0.091200,-0.022390,-0.051623,0.076198,0.005623,-0.051039,-0.007340,0.001122,-0.095885,0.004730,-0.000005,0.090846,0.022031,-0.010058,0.013149,0.021173,0.009003,-0.000098,0.017274,0.086950,-0.001415,0.039089,0.013073,0.076135,-0.015466,0.000531,-0.026575,0.085748,-0.028053,-0.021692,0.012221,0.016249,-0.023923,0.063247,-0.004451,0.004109,0.017605,-0.012393,0.043512,0.046683,0.083820,-0.000515,-0.000002,0.015117,-0.010822,0.012788,0.055114,-0.008408,-0.097108,0.059377,0.038647,-0.023600,-0.040085,-0.023794,0.021460,-0.006881,-0.033414,0.064940,-0.037529,0.033012,0.099938,0.000000,-0.010199,-0.007751,
0.015980,0.008493,0.079097,0.016919,0.000315,-0.000603,-0.056008,-0.039820,6456.489478,-0.088343,-0.016041,0.042191,0.000027,-0.004645,0.007383,-0.000021,-0.066973,-0.028372,0.007606,0.046337,-0.000007,0.004928,-0.023044,0.002177,-0.000048,-0.065599,0.041424,0.051240,-0.084288,0.000769,-0.027707,0.047123,-0.023877,-0.019503,-0.041556,-0.005047,0.007955,-0.001353,0.039624,-0.031263,0.000149,0.074442,-0.021313,0.000000,-0.027060,-0.001283,-0.002349,0.000613,-0.032940,-0.012279,0.008741,-0.003486,0.005769,-0.000067,0.010146,0.061482,-0.000084,-0.000001,-0.000096,-0.006689,-0.006439,-0.001870,0.000341,0.043260,-0.038542,-0.007509,-0.000369,0.022993,0.010001,0.080805,-0.028701,-0.009312,-0.005402,0.000564,0.076122,-0.025152,-0.003860,-0.021890,0.027733,-0.091013,-0.003503,0.042912,0.019641,-0.032239,0.028145,-0.000174,0.000525,0.001490,-0.010504,0.000468,0.023843,-0.063548,0.000222,-0.038565,0.000087,0.001610,0.001589,-0.015293,-0.000529,-0.041610,-0.094400,0.071717,0.070243,-0.083567,-0.022410,-0.007193,-0.007252,-0.001379,-0.000008,0.063844,-0.046432,-0.054819,-0.006528,-0.002878,-0.000069,0.020714,0.000591,-0.012156,0.016558,0.002247,-0.013139,0.009572,0.015575,-0.033408,-0.000290,-0.001023,0.015853,-0.057461,0.001891,0.043731,-0.033265,0.053826,0.033953,0.032429,-0.055570,0.000099,-0.060622,0.068761,0.010779,-0.069776,-0.002476,0.001169,-0.006398,-0.001178,-0.017305,-0.000459,0.061023,-0.038943,0.096047,-0.070743,0.074407,-0.005747,-0.007494,0.065738,-0.037131,0.001892,-0.099063,-0.002647,-0.000482,-0.004175,-0.002859,-0.009726,0.011185,0.076680,0.000034,0.000033,0.004469,-0.054805,-0.001049,0.012930,0.024116,0.006419,0.019562,-0.061110,-0.034583,0.097251,0.010864,0.016321,-0.025513,0.007572,-0.000003,0.061886,0.000689,0.047164,0.090647,-0.043459,0.020607,-0.000663,0.009202,0.002323,0.006894,-0.051876,0.006198,-0.001538,0.076767,0.037599,
-0.046466,0.043157,-0.003309,0.007877,0.008206,0.013199,-0.023404,-0.026387,-0.088343,884.397940,0.096735,0.010527,0.000008,0.042590,0.009633,0.000001,-0.000004,-0.011214,0.004015,0.000155,-0.008677,0.001297,0.005966,-0.009076,-0.004714,0.000291,-0.074426,-0.039071,-0.000976,0.042830,0.034755,-0.075379,0.038523,-0.000002,-0.012168,-0.010142,-0.027372,-0.000717,0.078185,0.081653,0.000084,0.024822,0.006079,-0.069645,0.002610,-0.007606,0.001084,-0.000421,0.001582,-0.004093,0.001746,0.000417,-0.005933,-0.001443,-0.060376,0.011197,0.000005,-0.000035,-0.002454,0.064821,-0.000046,-0.019559,-0.000631,0.007364,-0.014606,0.026099,-0.004743,0.067770,0.000179,0.098502,0.000015,-0.017763,-0.001254,0.057285,0.000432,0.060175,-0.000027,-0.055475,-0.045297,0.033948,-0.034485,0.078628,0.022842,0.029383,-0.077431,-0.001883,0.000862,0.000118,-0.006530,-0.031281,0.043780,0.042388,-0.002181,0.024929,-0.004569,-0.028355,0.000896,-0.088930,-0.004431,0.037426,-0.020054,-0.006031,-0.002398,0.011063,-0.004789,0.070624,-0.030438,-0.074282,-0.003234,-0.016482,-0.015652,0.016686,-0.013195,0.026787,-0.003046,-0.029321,0.061671,0.036394,-0.026934,0.071002,-0.043954,-0.002788,-0.079152,0.067223,0.003256,0.046829,0.052735,-0.056874,-0.034473,0.028874,0.028167,0.092348,-0.010018,-0.095889,-0.075774,0.053486,-0.014169,-0.022715,-0.002010,-0.004543,0.013470,0.017774,0.000068,0.005051,-0.002284,0.000140,-0.001706,0.044339,0.064219,0.021277,-0.062892,-0.004105,0.034356,0.027103,-0.048435,-0.021036,0.016912,0.043432,0.012521,-0.033285,0.006846,-0.032585,-0.005104,0.005859,-0.001006,0.001072,-0.012319,0.001717,-0.010589,0.000104,-0.003181,0.023399,0.007973,0.001204,0.027413,-0.000761,-0.000209,0.000020,0.026043,-0.042977,-0.000102,0.022380,-0.017934,-0.002037,-0.068159,0.026569,-0.078497,-0.007867,0.036116,0.032077,0.058504,-0.003400,0.025794,-0.000021,-0.000128,0.000316,
-0.000276,0.079568,-0.089835,-0.071127,0.011517,-0.093719,-0.006897,0.004116,-0.016041,0.096735,89.992224,0.000145,-0.067411,-0.002530,-0.070061,0.035359,0.024206,-0.037534,-0.006578,-0.036239,-0.064667,0.072860,-0.006207,-0.013571,-0.037067,0.006657,-0.062323,-0.065928,0.085464,0.000494,0.007494,0.071806,-0.025447,0.000185,0.014248,0.030232,0.010280,0.004968,0.004765,0.003002,0.002114,0.096662,0.000908,0.046799,-0.014413,0.046728,-0.043099,0.060340,0.000274,0.099739,0.001762,-0.052393,0.003073,-0.017557,0.003362,0.067251,0.030743,-0.000361,0.006573,-0.003347,0.000005,0.048087,-0.000164,-0.054972,-0.018436,-0.008623,-0.089434,-0.098702,0.022700,-0.002915,0.019097,-0.091701,-0.042405,-0.098362,0.000811,0.086404,-0.013316,-0.089528,0.094633,0.081559,-0.076600,-0.064194,-0.003015,-0.003221,0.049033,0.085245,0.060737,-0.001907,0.000634,0.097659,0.032513,-0.000352,-0.012254,0.006568,-0.032055,-0.038841,-0.022667,0.086226,-0.009316,-0.056848,-0.009327,-0.003063,-0.037653,-0.007034,-0.000675,0.085589,0.034302,0.092762,0.000408,-0.031773,-0.012910,0.090629,0.087552,-0.007431,-0.066494,-0.028346,-0.021273,0.013376,-0.098582,0.025844,-0.000899,0.090262,0.076066,-0.081106,-0.012291,0.039856,0.042938,0.031778,0.093260,-0.043206,-0.006864,0.092752,0.057085,0.013351,-0.067966,0.061775,-0.001387,0.025222,0.007328,-0.001935,0.003349,-0.002402,-0.082072,-0.070925,-0.006613,-0.018155,-0.081523,0.061574,-0.089621,-0.000449,0.011236,-0.031287,0.064579,0.084312,0.049155,0.083476,-0.031019,-0.022312,-0.026339,-0.045858,0.030964,0.032426,0.039312,-0.000175,0.082062,-0.057714,-0.043768,0.000768,0.054621,-0.002862,-0.000207,0.097481,0.031019,0.031053,-0.000122,0.022920,-0.024139,-0.015268,0.018034,0.043352,0.000570,0.046117,0.000182,0.023516,-0.039948,-0.041621,-0.019933,0.022866,-0.001616,-0.027900,0.031349,0.023093,-0.043704,-0.019173,-0.013151,0.059411,
-0.000673,-0.041741,-0.014125,0.036910,-0.052229,0.077942,0.029950,0.049601,0.042191,0.010527,0.000145,131.227168,-0.058219,-0.001918,-0.022432,-0.052261,0.009577,-0.040871,-0.042227,-0.002842,-0.035781,0.012764,-0.071221,-0.044927,-0.006654,-0.098726,-0.026331,-0.005486,0.011419,0.001880,0.033556,0.000683,-0.060975,0.013853,-0.010800,-0.012091,-0.007635,-0.083801,0.087416,0.021564,0.000006,0.068020,0.002788,-0.058929,0.028899,-0.044393,0.058275,0.007258,-0.005995,0.052290,0.000181,0.096504,-0.035065,0.000344,-0.000363,-0.005479,-0.000176,-0.002648,-0.000055,-0.002351,0.001927,0.000029,-0.001695,-0.096279,0.000417,0.002623,-0.018624,0.030904,0.000206,0.047764,0.005773,-0.000434,-0.030560,0.050126,-0.049209,-0.036249,0.015716,0.000322,-0.097750,-0.057610,0.042767,0.014347,-0.025576,-0.003360,-0.000217,-0.044532,0.000980,0.088119,-0.084620,-0.014752,-0.016942,-0.011419,0.022890,0.014117,-0.000444,-0.063708,0.001494,0.013964,-0.051069,0.009285,0.046378,-0.099386,-0.048213,-0.053093,-0.002052,-0.048722,-0.013166,-0.066656,-0.099609,0.070959,-0.012209,-0.019631,0.003017,0.009815,-0.075043,-0.036558,0.080489,0.000122,-0.067655,-0.010576,0.012934,-0.058430,0.000302,0.003354,0.000013,0.001274,0.003923,0.014559,-0.050225,-0.055186,0.052149,0.078571,0.013651,0.032115,0.028108,-0.043302,-0.093888,-0.041565,0.003437,-0.000536,0.012731,0.003856,0.008364,0.015701,-0.004542,0.023737,-0.031730,-0.004527,-0.090133,-0.030912,-0.080818,0.020395,-0.001138,-0.008582,0.008889,0.066318,-0.033370,-0.039790,-0.019011,-0.018505,0.035497,-0.009347,-0.089332,0.046280,-0.015697,-0.004354,0.053414,0.000314,0.002672,0.007686,0.005024,0.005030,0.001644,0.007522,-0.039142,-0.075448,-0.002299,0.005865,0.019906,0.001090,0.000007,0.021551,0.005569,-0.051810,0.030021,-0.076611,0.088395,-0.002051,-0.009688,0.014496,0.010415,0.011355,0.000409,-0.000048,0.075787,-0.000117,
0.067119,0.006937,0.043457,0.000028,0.011723,0.000158,0.033654,0.060483,0.000027,0.000008,-0.067411,-0.058219,2621.991369,-0.004514,0.035116,-0.000227,-0.016361,0.000161,-0.012344,-0.001546,-0.000006,-0.000063,-0.033856,0.059080,0.000266,-0.055372,0.023325,-0.023280,0.009547,-0.016728,-0.040381,0.012783,-0.009884,-0.000446,0.000820,-0.005579,0.003372,-0.075610,-0.009433,-0.072249,0.012012,0.080739,0.016596,0.046346,-0.000473,-0.049118,-0.012875,0.025612,-0.003010,-0.091792,-0.026994,0.020938,-0.021399,-0.028809,0.043613,-0.076455,-0.003250,-0.000108,0.026703,0.034851,-0.002248,0.001024,0.046775,0.011921,0.072083,-0.026514,0.038641,0.017820,0.000897,0.095322,-0.004477,0.002472,0.005044,-0.016844,-0.003962,0.011216,-0.000026,-0.001993,-0.011297,-0.068804,-0.018619,-0.014866,0.001696,-0.025838,0.000202,-0.000006,0.014346,0.000818,-0.003529,0.041360,0.003070,-0.016522,0.001329,-0.004238,-0.010172,-0.068161,-0.002343,-0.022724,-0.084715,0.039990,-0.035332,0.087982,-0.007014,-0.002245,0.000256,0.023324,0.085313,-0.062209,-0.000135,-0.033493,-0.032637,0.032528,-0.000050,0.006154,0.060520,-0.000770,-0.061181,0.016187,0.015002,-0.094900,0.000180,-0.055456,0.067544,-0.081783,0.005658,-0.041868,0.023640,0.021782,-0.001765,-0.005718,-0.047695,0.018679,0.000692,0.019958,0.068318,-0.000598,-0.014136,-0.074513,0.037792,0.036287,0.000011,-0.002166,-0.002134,-0.015580,0.000119,0.009114,-0.002252,0.030930,0.000121,0.076896,0.070334,-0.063276,-0.027156,-0.035640,-0.005133,-0.002640,-0.090280,-0.099675,-0.052168,-0.040042,0.000858,-0.031952,0.000973,0.054431,-0.000016,-0.000844,0.034795,0.000168,0.008397,-0.002190,0.028726,-0.000000,0.001030,-0.025838,0.014676,-0.014123,0.000002,0.009223,0.084068,0.028994,0.000078,0.068005,0.099361,0.064242,-0.065034,0.005257,-0.074596,0.032850,-0.012593,0.002205,-0.003404,0.031235,-0.001797,0.007508,-0.002711,-0.046721,
0.008328,0.024975,0.005514,0.039639,0.008180,-0.000832,-0.009758,-0.014042,-0.004645,0.042590,-0.002530,-0.001918,-0.004514,38.332514,0.001401,-0.000220,-0.017710,0.050056,-0.042147,-0.004453,-0.024284,-0.069593,-0.022939,-0.010947,0.000132,-0.003125,0.004696,0.036446,0.097681,0.075905,-0.001304,0.064312,0.065490,-0.052184,0.017268,-0.021824,0.013263,0.008873,-0.067741,0.048129,-0.000849,-0.001020,0.002797,0.040107,0.015897,-0.003255,0.007142,0.003849,-0.079584,0.000447,-0.043697,0.062502,0.009159,0.031681,0.007106,-0.073399,0.039480,-0.006563,-0.068252,-0.029857,0.000395,-0.049264,-0.000065,0.081976,-0.077855,0.005298,-0.051086,-0.078803,-0.011344,-0.032976,-0.062625,-0.006534,0.000013,0.007857,0.026415,-0.034735,-0.050960,-0.002568,-0.032538,0.029874,0.006518,-0.082854,0.024876,-0.032678,0.000070,-0.000599,0.000073,-0.077748,0.036279,-0.000585,0.046406,0.035213,-0.025738,-0.032963,-0.000074,0.010916,0.049670,-0.026201,-0.069120,0.032213,0.012893,0.062510,-0.053945,-0.073266,-0.020802,0.002838,0.097418,-0.028034,-0.000724,0.034815,0.002664,0.052608,0.000573,0.036339,0.000526,-0.010586,0.013328,-0.001714,-0.032268,-0.027019,0.000315,0.021579,0.008656,0.016095,-0.000802,0.001558,0.009346,-0.050051,0.008080,0.028540,0.008449,-0.013774,0.010844,0.046606,-0.018971,0.030464,-0.042074,-0.014128,-0.000942,-0.008835,-0.069916,-0.051608,-0.014559,-0.023344,-0.050805,0.070056,-0.032072,0.055663,0.061607,-0.062267,0.038951,-0.049054,0.038977,-0.070416,0.045044,-0.018258,0.077467,-0.051595,0.000458,-0.042256,-0.067618,0.037086,0.060652,0.000022,-0.092374,0.075379,-0.052847,0.034447,-0.006348,0.090037,-0.068001,0.004284,0.004471,0.010464,-0.012641,-0.031377,-0.050181,-0.014641,-0.021337,-0.011266,-0.001631,-0.079741,0.031757,0.053245,0.004057,0.062269,-0.001232,-0.019240,-0.004131,-0.029617,-0.006271,0.000310,-0.020759,0.062379,0.061980,-0.001198,
0.001918,-0.015346,0.049209,0.011108,-0.055883,-0.025571,0.000316,-0.002787,0.007383,0.009633,-0.070061,-0.022432,0.035116,0.001401,7.412013,0.012691,-0.043604,0.016106,0.084266,0.016087,-0.013569,0.035875,0.044306,-0.060676,-0.029942,0.000448,0.097135,-0.053460,0.031618,0.009734,0.024306,-0.026461,0.034555,0.058834,0.058170,-0.000075,0.003179,-0.029405,-0.043695,-0.021100,0.002953,0.016957,0.063969,-0.030815,-0.027475,-0.016398,-0.022460,0.016304,-0.027448,0.036503,0.001329,0.024128,0.096660,0.026952,-0.082797,-0.071795,-0.002891,0.015365,0.007802,-0.031883,0.051986,-0.001554,0.066143,-0.049838,0.031282,-0.005666,-0.002004,-0.008820,-0.004468,-0.007416,0.019424,-0.060369,-0.008968,0.015856,0.024958,0.092507,-0.044365,0.029893,-0.018391,0.021749,0.006511,-0.003637,-0.049777,-0.000896,0.049479,0.010747,-0.028173,-0.011331,0.001695,0.016351,0.007121,0.001034,-0.015663,-0.039186,-0.004662,-0.008241,0.028810,0.012250,0.060261,0.013094,-0.088089,0.005217,0.047046,0.033494,0.041407,0.029482,0.007010,0.023735,-0.010455,-0.067678,-0.007546,0.027632,0.067990,0.022476,0.048195,-0.044078,0.042453,-0.019503,0.002470,0.014017,0.015530,0.055922,-0.076640,0.018359,-0.005334,0.049830,0.077577,0.042132,-0.028963,-0.082604,0.016334,0.010680,0.040387,0.009964,-0.015775,-0.017668,-0.037628,0.063466,0.016590,0.001924,0.015040,-0.001800,-0.087242,0.060151,-0.065537,0.008456,0.011114,0.022775,-0.071443,0.006657,0.096367,-0.054803,-0.000314,0.010478,-0.016285,-0.016630,0.002196,-0.028471,0.016904,0.070706,0.025436,-0.000000,-0.041198,0.029543,0.049169,-0.008538,0.005491,-0.014964,0.023455,0.049654,-0.041700,0.004073,-0.037772,0.081446,-0.003001,0.005039,0.007132,0.035012,0.083195,-0.016205,-0.025460,-0.080479,-0.005482,0.010625,-0.019418,-0.033703,-0.045606,-0.013504,-0.055135,0.048222,-0.024932,0.081162,0.023622,-0.047029,0.036086,-0.068951,
-0.029180,-0.002549,0.002093,0.003847,-0.049466,-0.000763,-0.033282,-0.034195,-0.000021,0.000001,0.035359,-0.052261,-0.000227,-0.000220,0.012691,101.514068,0.000611,-0.031585,0.033632,0.000662,0.007667,0.000159,0.062689,-0.002637,-0.003176,-0.000200,-0.072950,0.053586,-0.026566,-0.000110,0.001973,-0.054334,0.040346,-0.049377,0.014541,-0.002136,0.000122,0.000814,-0.081904,-0.037203,0.033323,0.080445,0.055658,0.057984,0.003853,0.009146,-0.021031,-0.015909,0.015916,-0.042111,0.000762,-0.045094,0.000605,0.026289,0.003144,0.065176,-0.067758,0.049745,0.000162,-0.029235,-0.002676,-0.005907,0.001615,0.039572,-0.000757,0.028765,-0.016360,0.007322,-0.000276,0.028299,0.002981,-0.001433,0.002239,0.000961,0.002605,0.014253,0.029193,0.073289,0.022785,0.031196,0.084202,0.008880,-0.060597,0.060917,-0.004195,0.056110,-0.041946,0.000600,-0.001564,-0.081018,0.048675,0.056749,0.083653,-0.050858,-0.006639,0.046735,-0.000295,0.003519,0.001522,-0.017511,-0.060641,0.021581,0.013016,0.053958,0.032481,-0.089079,-0.099110,0.047626,0.026355,0.016760,-0.044501,-0.075545,0.000279,0.000015,0.006711,-0.027117,0.010308,0.022263,-0.033370,0.040698,0.039409,0.006362,-0.058692,0.033328,-0.037042,0.099234,0.026435,-0.007651,-0.033023,-0.015687,-0.056187,0.061599,0.040931,-0.055320,-0.014057,-0.022260,-0.031789,0.078284,-0.002990,-0.004089,0.057656,-0.097045,0.000311,0.010037,-0.031705,-0.001127,0.006879,0.062215,0.000445,0.000770,0.003175,0.002374,0.070426,0.017922,-0.040109,-0.002965,-0.018555,0.046464,0.027810,0.037057,-0.000138,-0.023456,-0.045829,-0.033654,-0.000968,-0.000317,-0.000636,0.000034,-0.003322,-0.080352,-0.002297,0.032133,0.008273,0.000446,0.002038,0.002015,0.033614,0.039361,0.017188,0.000867,0.023353,0.008304,0.041084,-0.002776,0.000148,0.014519,-0.028110,-0.048447,-0.000360,-0.000364,-0.062420,-0.001357,0.009502,-0.005007,-0.057186,0.022389,
-0.095825,-0.001944,-0.013386,0.000120,0.003565,0.042830,0.018720,-0.001087,-0.066973,-0.000004,0.024206,0.009577,-0.016361,-0.017710,-0.043604,0.000611,192.581148,-0.005447,-0.004359,-0.028185,-0.004076,-0.010162,-0.032848,0.081941,-0.005618,0.019942,0.070888,-0.024620,0.082901,-0.001858,-0.011171,-0.034812,0.028687,0.000585,0.019033,0.021797,0.004408,-0.001835,0.046451,0.090320,-0.002387,0.000787,-0.014483,0.003573,-0.000133,0.051580,-0.002633,-0.004304,-0.000137,-0.000936,0.051407,0.000530,0.039814,0.001126,0.076619,0.042495,0.006020,0.001508,-0.078774,0.000021,-0.000712,0.000291,-0.000913,0.075185,-0.006418,-0.009300,-0.060377,0.010407,0.024600,-0.026871,-0.001683,0.051704,-0.000305,-0.000728,0.001269,0.016741,-0.018061,-0.002603,-0.017276,0.065268,-0.024366,-0.028549,-0.005442,-0.016015,-0.001061,-0.008737,0.000022,0.042356,0.001451,0.002139,0.034585,0.009474,0.013672,-0.000107,-0.000781,-0.022203,0.000005,-0.000293,-0.000166,0.002722,0.078358,0.000661,0.014209,0.011135,-0.011116,0.063450,-0.023850,-0.063544,0.087925,0.008447,-0.013092,0.028152,-0.001596,0.001742,0.031218,0.079457,0.000681,-0.000413,-0.038744,0.015152,0.004013,-0.075684,-0.030672,-0.018805,-0.010794,-0.091475,0.038231,-0.030522,-0.053551,0.004871,-0.031922,0.012219,-0.002326,-0.060648,-0.042120,0.038315,0.005498,0.086015,-0.017782,0.000000,0.094209,-0.001299,-0.000218,-0.071696,-0.000725,0.014176,0.000903,0.016724,0.002430,0.043864,-0.003720,-0.099049,-0.034191,0.006033,-0.042883,0.011979,0.011128,0.005390,-0.016480,-0.010543,-0.001114,0.031686,-0.012291,0.046193,-0.001180,0.002456,0.017755,0.009567,0.000093,0.005119,0.000805,-0.000419,0.002362,-0.029333,-0.006942,-0.002746,-0.086314,-0.000434,-0.034533,0.034313,0.000980,-0.000535,0.010951,-0.060892,-0.001700,-0.038499,-0.003763,0.005984,0.009337,0.060076,0.060808,-0.015236,-0.000259,-0.032815,-0.000047,-0.054323,
0.083067,-0.086803,0.063424,-0.000407,-0.090641,0.006380,0.027907,-0.009756,-0.028372,-0.011214,-0.037534,-0.040871,0.000161,0.050056,0.016106,-0.031585,-0.005447,4.096767,-0.099627,0.002541,-0.095674,0.075700,0.068749,0.085777,0.000075,-0.001949,0.054202,-0.008214,0.043450,0.041450,0.038964,0.048952,-0.019449,0.071677,-0.071257,-0.021162,0.040836,0.036964,0.027187,0.040491,0.074014,0.035083,-0.022425,0.047624,0.091244,-0.041130,-0.078964,-0.010654,-0.003864,0.059075,0.001828,0.075175,0.045930,0.003433,0.053170,-0.067955,0.005850,0.078620,0.012652,0.021939,0.021131,-0.033050,-0.014830,0.037199,-0.050499,-0.003892,-0.049317,-0.043890,-0.087967,-0.021582,-0.005723,0.038594,0.064191,0.036687,-0.049624,0.007833,-0.043680,-0.001937,-0.046616,0.070390,-0.065132,0.083547,-0.031894,0.022808,0.041939,0.015414,-0.021271,0.050570,-0.022490,0.028633,-0.018379,0.020338,0.098187,0.068846,-0.016498,0.012356,-0.016169,0.026718,0.003131,-0.000424,0.036642,-0.070735,0.005133,0.003740,0.033940,0.009147,0.059628,0.080843,-0.022855,-0.030248,-0.049137,0.056888,-0.077859,0.035789,0.088233,-0.049313,0.017899,-0.033808,0.063702,-0.026255,-0.004652,0.080789,0.001810,0.052758,0.008051,0.051840,0.001218,0.046574,-0.008996,0.055285,-0.033650,0.025351,0.007205,-0.046429,-0.001344,-0.022095,-0.004879,0.000325,-0.027385,-0.072912,0.059887,0.078665,0.008634,0.023383,-0.007260,-0.033303,0.032796,0.052402,-0.002634,0.013488,0.022817,0.000199,0.039062,0.015068,-0.056254,0.045906,-0.011653,-0.081355,0.027462,0.039959,0.033768,-0.075807,0.060307,0.033753,-0.015101,-0.044731,-0.016389,-0.027085,0.044373,0.074657,0.003976,0.077240,-0.000035,-0.035610,-0.055123,-0.013586,-0.001488,-0.085948,0.010608,0.052071,0.017478,0.025756,0.063988,0.055814,0.076651,-0.026458,0.025491,-0.016119,0.032660,-0.031956,-0.002338,-0.065137,-0.042794,-0.014921,0.018541,0.000030,
0.026520,-0.000820,0.012456,0.044785,0.022266,-0.000216,0.001196,-0.002644,0.007606,0.004015,-0.006578,-0.042227,-0.012344,-0.042147,0.084266,0.033632,-0.004359,-0.099627,30.707816,-0.027236,-0.000224,-0.032860,0.018704,0.006663,-0.018110,0.080017,0.024321,0.000281,-0.073143,0.000433,0.064522,0.012810,0.056811,-0.001352,0.002523,0.033469,0.004487,0.021675,-0.009153,0.020392,-0.011749,0.002835,0.021537,0.022995,0.001205,0.005032,-0.006932,0.007258,0.001700,-0.000576,-0.000281,-0.014719,0.001593,0.004732,0.003397,0.053296,0.000618,0.010814,-0.000194,0.000294,-0.037198,-0.004928,-0.028091,0.001065,0.013238,0.093759,0.060329,0.097144,-0.022020,-0.030674,0.065032,0.002458,-0.005173,-0.062181,0.005370,-0.026669,0.014292,-0.054505,-0.022011,0.000539,0.025481,-0.059206,-0.004845,-0.045280,-0.009134,0.080236,-0.000038,0.010039,0.013998,-0.033619,0.012463,0.048069,-0.008602,0.051217,-0.077814,0.002468,-0.004288,0.004373,-0.081424,-0.054419,0.002261,0.010994,-0.031559,0.024285,-0.000863,-0.010541,0.070724,0.012464,-0.016545,0.056065,0.007473,0.001642,0.000573,0.004577,0.054811,-0.011651,0.004153,-0.012669,-0.035989,0.015955,0.003380,0.017076,0.005904,-0.011427,0.013046,0.029102,-0.039784,0.013840,-0.036681,-0.004633,0.020579,-0.067593,-0.011827,0.008321,0.082340,0.076671,-0.085718,-0.004770,0.007005,0.006685,-0.006716,0.014137,-0.073426,-0.045826,0.004435,0.006177,0.067709,-0.015736,-0.039787,0.001339,0.005099,-0.027941,-0.018841,0.000608,-0.046320,-0.001357,-0.042546,-0.009782,0.046777,-0.012308,0.002137,0.033154,-0.021143,0.078727,0.050819,0.074450,-0.032965,-0.012790,-0.046191,0.001613,0.015090,-0.028844,-0.024872,0.043054,0.070638,0.034938,0.003566,-0.006687,0.078941,0.003097,-0.015613,-0.006471,-0.029456,0.009820,0.078785,-0.075076,-0.017567,-0.019131,-0.069210,-0.030815,-0.008690,0.004116,0.002132,-0.042231,-0.002037,0.000469,
0.026495,0.028389,-0.012244,-0.034612,-0.024533,-0.031059,-0.034718,0.010046,0.046337,0.000155,-0.036239,-0.002842,-0.001546,-0.004453,0.016087,0.000662,-0.028185,0.002541,-0.027236,0.153885,0.059972,0.000888,0.070661,-0.030913,0.010256,0.004911,-0.028276,-0.022349,-0.071646,0.018643,-0.004115,-0.096832,-0.015283,-0.011547,-0.009993,-0.022824,-0.000517,-0.025186,-0.013070,0.059969,0.001394,-0.010237,0.000411,-0.002344,-0.014132,0.025268,0.044991,0.086531,0.048119,0.083730,0.057829,0.056727,0.067786,-0.012521,0.000625,-0.014362,-0.000859,0.008849,0.002013,-0.030263,-0.042453,-0.024731,-0.064660,-0.000927,-0.012067,0.048664,0.028104,0.019258,-0.042000,0.054721,0.001727,-0.064444,-0.003774,-0.001384,-0.031903,-0.000372,-0.059421,-0.005631,0.049957,0.010383,-0.006432,-0.069888,0.010034,0.018592,-0.009338,-0.005424,0.022902,0.063062,-0.016889,0.010546,-0.040044,0.002991,0.000259,0.059279,-0.061647,0.003501,0.018705,0.000936,-0.081600,-0.024369,-0.035006,-0.029990,0.072892,-0.003792,0.046101,-0.021151,-0.039110,0.035548,0.049183,-0.073949,-0.076237,0.021878,0.030621,0.002026,-0.005847,-0.039449,-0.020913,-0.013253,0.070053,0.000000,-0.016595,0.047381,-0.000070,-0.069264,-0.013917,0.033747,-0.000568,0.051008,0.027439,0.009392,0.004135,-0.017189,0.090175,-0.054588,0.005585,-0.000518,-0.000176,0.041970,0.037894,-0.071004,-0.025557,0.007709,0.011244,-0.026783,0.062054,-0.004955,-0.006981,0.031607,0.067267,-0.093582,0.002303,0.016762,-0.002500,-0.036701,0.001578,-0.068187,0.002787,0.005317,-0.012044,0.008769,-0.076545,0.049153,0.012803,0.039869,-0.023488,0.024064,0.022757,-0.004681,0.065281,-0.004334,-0.094073,-0.077142,-0.058467,0.038333,0.053649,0.003766,-0.018100,-0.085302,0.075062,0.005324,-0.068780,0.055296,0.027520,-0.072177,0.034612,0.079297,-0.010806,0.003761,-0.028466,0.058254,-0.035635,-0.007035,0.062396,-0.050612,-0.086600,0.066906,
0.036927,0.017915,0.046413,-0.011359,0.000827,0.018253,-0.030658,0.075424,-0.000007,-0.008677,-0.064667,-0.035781,-0.000006,-0.024284,-0.013569,0.007667,-0.004076,-0.095674,-0.000224,0.059972,5385.716984,0.012776,-0.098776,0.025073,-0.089854,-0.000318,-0.025813,0.093644,-0.003519,0.043451,0.018446,-0.018827,-0.084468,0.001342,-0.075968,0.071478,0.000617,0.012780,0.038081,-0.015129,-0.026519,-0.016030,-0.003847,0.048286,0.005043,-0.001416,0.002059,-0.044367,-0.000003,-0.001004,-0.023569,-0.010213,0.004414,0.073239,-0.004594,0.016967,-0.009252,-0.000000,0.017077,0.005129,-0.004860,-0.000143,0.004035,0.003819,0.008288,0.079397,-0.051432,0.034082,0.002060,0.008581,-0.003667,-0.091359,0.000009,-0.033094,-0.001774,-0.069069,-0.000445,-0.026068,0.018884,-0.004756,0.086425,-0.032678,-0.053455,0.024188,0.000065,0.013227,-0.000057,-0.000393,0.000148,0.000003,-0.001043,0.005424,-0.001460,0.008301,-0.063989,0.016965,-0.008414,-0.000399,-0.040747,0.029777,0.000484,-0.004411,0.001003,0.021513,0.001245,-0.041372,0.032936,-0.011964,0.000003,-0.059311,-0.007430,-0.015296,0.012244,0.000337,-0.023219,0.045880,-0.001335,-0.006295,-0.019039,-0.012688,0.016330,-0.015917,-0.023703,0.014516,-0.000149,-0.007036,-0.025733,0.081110,0.000270,0.080293,0.031725,0.017500,0.015368,-0.020115,-0.035996,-0.051692,-0.018186,0.000008,0.046513,-0.096251,0.008674,-0.000226,0.083116,-0.057927,0.001565,0.002390,0.060154,0.039296,0.002585,-0.072617,-0.025868,0.060323,0.002938,0.096915,-0.035513,0.028951,-0.054308,0.078728,-0.000940,0.058195,-0.087642,0.032441,0.001856,0.030515,0.000011,0.034030,0.026254,0.000023,-0.000015,0.090309,-0.000285,-0.003262,0.000199,-0.000969,-0.000408,0.007076,0.048445,0.000299,-0.061994,0.031274,-0.016408,-0.063172,0.000783,-0.000378,0.048115,0.018202,-0.072767,0.051975,0.009984,0.010769,-0.034957,-0.095044,0.050356,0.001614,-0.000199,0.052665,
