95.465793,0.000197,0.001905,-0.070060,0.004143,0.011630,-0.006669,-0.008004,0.012815,0.008871,0.039291,-0.096695,0.048940,-0.000201,0.036289,-0.069504,-0.001951,0.021068,0.002147,0.038514,0.065143,0.001014,0.011520,-0.008586,0.068387,-0.002707,0.065649,-0.095504,0.035801,0.084709,-0.077359,-0.024859,0.047289,0.055034,0.071038,-0.063048,0.000105,-0.052816,-0.000628,0.005066,-0.082122,0.012557,0.018491,0.028278,0.074199,-0.022734,0.036281,-0.010893,0.016018,-0.006081,0.049344,-0.062695,0.024656,0.078920,0.003015,0.027565,0.000610,-0.004975,-0.000974,0.000330,-0.023697,0.002944,-0.000165,-0.094636,0.002678,-0.007300,-0.049780,0.024260,-0.025113,0.007227,-0.098554,0.079045,0.061879,0.002882,-0.051964,0.033764,-0.007794,0.007338,0.044466,0.006956,-0.001764,0.000296,-0.002533,-0.045255,-0.002964,-0.063500,-0.005200,0.069167,-0.022347,-0.006413,-0.000295,-0.058811,0.018391,0.003119,-0.027578,0.000716,0.059558,-0.005084,0.000192,0.004513,-0.000232,-0.001277,0.070549,0.003943,0.001216,0.036808,-0.085276,-0.061439,0.040940,-0.028525,0.093040,-0.047522,0.001651,-0.003380,-0.087811,-0.020609,0.005537,-0.021128,0.044097,0.004691,-0.003533,-0.016444,-0.003546,-0.030032,-0.001662,0.006746,0.000000,0.002029,0.002188,-0.070486,-0.002930,0.000181,0.004910,-0.012197,-0.000082,-0.002375,0.000382,0.003752,0.000181,-0.006780,-0.090724,-0.002913,-0.016177,0.004968,0.006869,-0.013834,-0.024605,-0.036773,0.022983,-0.037801,-0.077813,0.001147,-0.028138,-0.007035,0.042384,-0.067034,-0.097041,0.001753,0.050524,-0.079408,0.029938,-0.000405,0.071243,0.002288,-0.017147,0.019383,0.010907,0.003768,-0.055767,0.000390,0.044891,-0.001377,-0.000040,-0.003473,-0.023562,-0.099909,0.080251,-0.001602,0.011632,-0.008591,-0.000584,0.001279,0.033552,-0.000167,-0.024173,-0.004244,-0.029381,-0.034346,0.019354,-0.021789,0.002205,-0.016733,0.036603,-0.099062,-0.015992,0.002796,
0.000197,2743.831729,0.014811,0.039854,-0.000205,-0.062714,-0.065764,0.096220,-0.000362,-0.000141,0.091841,0.008894,-0.004604,0.000215,0.041123,0.000693,0.001184,-0.000012,-0.056982,-0.005408,-0.002349,-0.001221,0.062888,-0.041564,-0.078075,-0.012021,-0.091570,0.044384,0.000254,0.000015,-0.056860,0.018199,0.002088,-0.048384,0.048058,0.080219,0.012822,-0.064514,-0.013368,-0.087890,-0.011051,-0.011374,0.050075,-0.081850,-0.001787,-0.074240,0.049575,0.025802,-0.084581,-0.000304,0.024996,0.006048,-0.004605,0.011684,0.063821,0.063150,0.013582,-0.037377,0.020578,0.000549,0.000110,0.000368,-0.018984,-0.014244,0.014531,-0.062136,-0.025940,-0.009298,-0.014362,-0.061673,0.033324,-0.007296,-0.034556,0.003349,-0.011995,0.041105,-0.000632,0.009220,-0.087704,0.064376,-0.004306,0.007745,0.009956,0.097855,0.010265,0.000014,0.010554,-0.062766,-0.004035,-0.000366,0.040135,0.094816,0.016350,0.000039,-0.000946,0.004688,0.000071,0.000403,-0.032758,-0.056803,-0.035209,-0.040243,0.025304,-0.023496,-0.011021,-0.000719,-0.002610,0.000000,0.007172,0.051290,0.016308,0.003684,0.011404,-0.001427,-0.088195,-0.012223,-0.090944,-0.000170,0.013756,0.015237,0.018152,-0.009552,0.057590,-0.017542,0.026141,0.009612,-0.086276,-0.041324,0.005769,0.000133,0.017415,-0.003425,-0.000442,0.062449,0.018212,0.015671,0.084557,-0.000201,-0.027007,0.007185,-0.088537,-0.000360,-0.026013,-0.018553,-0.080468,-0.015778,-0.013364,0.033012,-0.054662,0.009852,0.019417,-0.059369,-0.037079,0.048057,0.058556,0.014267,0.011661,0.003078,0.010572,0.031804,-0.020124,-0.008201,0.019461,0.038631,0.066225,-0.000007,0.012631,-0.019442,0.000521,0.000123,0.008132,0.017148,0.002473,-0.025109,-0.009302,0.001026,-0.072326,0.000712,-0.029400,-0.057201,0.000848,-0.001642,0.056320,-0.009949,-0.015878,0.000178,0.000187,-0.002230,-0.054921,0.000284,0.003599,0.099306,0.000192,0.000005,0.027329,-0.062282,
0.001905,0.014811,0.133330,-0.019936,0.015767,0.057255,-0.002227,-0.001404,0.007510,0.000108,0.084170,-0.004606,-0.015430,-0.080880,-0.032734,0.055647,0.003497,0.072079,-0.059493,-0.026158,-0.094170,0.066023,0.051960,-0.057121,0.003522,0.052479,-0.052825,-0.059931,-0.078825,0.068352,0.000166,-0.003980,0.007932,0.086835,0.044011,-0.016906,-0.090576,-0.057697,-0.056466,0.013544,0.012660,0.068911,0.012820,-0.006748,-0.035089,-0.074153,-0.030011,0.024739,0.004973,0.075548,0.000003,0.085187,0.061557,-0.004491,0.060577,-0.001891,0.001456,0.004286,0.025556,-0.061345,-0.020970,-0.048778,0.040620,-0.017905,-0.000106,-0.070523,0.015478,0.005338,-0.050956,0.090099,-0.012437,0.003179,-0.042105,0.025453,-0.076410,-0.015565,-0.052407,-0.086233,0.034098,0.014981,0.005627,0.019776,0.005308,0.035380,-0.031870,0.033714,-0.034100,-0.016812,-0.003074,0.034720,0.038667,0.025850,0.004301,-0.046261,0.037487,0.002462,0.026381,-0.016930,-0.018045,-0.036806,0.014591,-0.029532,-0.020281,-0.044971,-0.001781,0.054515,-0.023126,0.024739,-0.000519,0.012345,-0.001078,-0.012850,-0.002793,0.028044,0.021516,-0.013840,0.013731,0.011450,-0.035080,0.067403,-0.016182,0.094538,0.034067,-0.023763,0.053332,0.083727,0.084521,-0.011975,-0.015378,-0.036198,-0.037752,-0.060140,-0.010014,0.040037,0.014841,0.081226,-0.054032,0.061127,0.060915,-0.024192,0.066106,0.033870,0.015463,0.061326,0.010357,-0.025478,0.012659,0.039224,0.018430,0.037732,0.032991,-0.016860,-0.002913,0.010147,0.005634,-0.005464,0.031827,-0.003941,-0.010996,0.055245,-0.016613,-0.004315,-0.002372,0.086072,0.029872,-0.046667,0.053399,-0.093296,-0.087468,0.035521,0.037080,0.000592,0.073721,0.013397,-0.012377,-0.014881,0.099446,-0.086168,0.012098,0.038381,0.066842,0.094999,0.095053,0.000658,0.032756,-0.023316,0.005710,-0.068929,-0.030835,0.051457,0.000036,-0.044454,-0.080064,0.000300,-0.000776,-0.042872,
-0.070060,0.039854,-0.019936,0.127774,-0.074469,0.036442,0.025527,0.007868,0.024780,-0.020686,-0.001186,-0.019698,-0.002517,-0.042675,0.001877,-0.005549,0.026831,-0.030405,0.059413,0.026443,-0.056756,0.017027,0.007070,-0.008521,-0.052051,-0.025896,-0.024417,-0.081154,-0.000429,0.026995,-0.015265,-0.032803,0.038953,0.026673,-0.021638,-0.029482,-0.019403,0.043933,-0.006803,0.032707,-0.019137,0.020120,-0.001432,0.031338,-0.003373,-0.042245,0.017839,0.010901,0.026364,0.034237,0.019716,-0.001423,-0.009448,-0.009847,0.037946,-0.069789,0.040614,-0.017717,0.068868,-0.022947,0.007760,-0.024712,-0.036056,0.036597,0.037909,-0.005828,0.026894,-0.014169,0.018220,0.023450,-0.015476,-0.088076,-0.022915,-0.052457,0.038497,0.018904,-0.057848,-0.040571,0.035467,-0.036953,0.003451,0.001186,0.077995,-0.056994,0.077722,-0.008847,-0.038861,0.029019,0.059634,0.008519,-0.060214,-0.000319,0.026321,-0.055169,-0.032394,-0.000885,-0.018836,-0.021251,0.022351,-0.081122,-0.031651,0.041983,-0.057002,0.008953,0.000313,0.022309,0.003638,-0.007453,0.065340,-0.034620,0.008072,-0.057755,-0.003438,0.012898,0.040108,0.034649,-0.001734,0.028811,-0.041884,-0.021901,-0.001859,-0.063458,0.013868,-0.007835,-0.072650,-0.092607,-0.025575,0.055375,0.043523,-0.050545,-0.033347,0.031453,-0.010166,-0.004168,-0.020402,0.094847,0.086277,-0.000466,0.026174,0.022794,0.021797,-0.013220,0.064351,-0.097132,-0.005339,-0.002256,-0.045795,-0.008919,0.069360,0.023968,-0.052075,0.000026,-0.007733,-0.013442,0.006045,0.012288,0.018024,-0.065946,0.028382,-0.010771,-0.079810,0.034973,-0.020180,0.043735,0.008502,-0.056362,-0.087873,0.044156,-0.041148,-0.016155,-0.001290,0.031890,0.004681,-0.040366,0.024330,-0.002796,-0.018291,-0.045766,-0.011933,0.074842,-0.017306,-0.053366,0.002420,0.030276,0.040392,0.082699,0.048901,-0.003268,-0.032439,0.047915,-0.033638,0.068493,-0.008500,0.073062,0.022805,0.018596,
0.004143,-0.000205,0.015767,-0.074469,623.499797,-0.045678,0.086747,0.018377,0.068868,0.016664,-0.003587,-0.000074,-0.000314,0.043571,-0.022570,-0.033673,0.000394,-0.001720,0.011907,0.003180,0.000791,0.047916,-0.032475,-0.074432,-0.018882,0.000033,0.060964,0.011335,-0.002887,0.000224,-0.018737,0.093632,0.057262,0.005249,0.045503,-0.010879,-0.038455,0.053526,-0.009960,-0.054078,0.031994,0.011197,-0.000432,0.023221,-0.000013,-0.013171,-0.050315,-0.062578,-0.006140,-0.000042,-0.043757,-0.066860,0.005271,-0.001763,0.089843,0.057571,0.000090,-0.000072,0.001470,-0.002559,-0.000281,-0.004350,-0.010387,0.022674,-0.004120,-0.003830,0.078276,-0.047870,0.000013,-0.000557,0.017263,0.079233,-0.056160,0.002120,0.018575,-0.049860,0.000124,-0.023268,-0.009083,0.042650,0.008891,0.000230,-0.024774,0.043263,0.033437,0.000644,-0.023902,-0.060305,-0.025717,-0.000107,-0.026988,-0.036593,0.003669,0.040742,-0.004920,-0.031555,0.023206,0.000047,-0.058814,-0.003833,-0.002085,-0.027523,0.013291,0.033569,-0.070011,-0.000187,-0.005812,-0.029681,-0.000251,-0.000059,-0.048257,0.007305,0.020602,0.004079,0.002089,-0.039174,-0.006229,0.032718,0.018153,-0.021282,0.023667,-0.000368,-0.003951,0.060870,-0.058689,0.011149,0.076833,0.009229,-0.042071,0.010805,0.070928,-0.050804,0.004123,-0.012587,0.032997,-0.025761,0.034467,0.000019,0.007448,-0.000579,-0.011051,0.004631,-0.009247,0.005460,-0.005617,0.014542,-0.087534,-0.052083,-0.031217,0.007062,0.007123,0.086124,-0.024904,-0.000005,-0.002653,-0.005601,-0.005542,-0.075258,-0.089913,0.004003,-0.002832,-0.000548,-0.000003,0.046104,0.058193,-0.000143,0.088524,0.008139,-0.000226,-0.063440,-0.066708,0.000377,-0.013745,-0.012468,0.021627,-0.005997,0.011422,0.000434,-0.016103,-0.015952,0.009207,0.063480,-0.002621,-0.018944,0.000514,-0.018685,-0.025478,0.030160,0.000504,0.001183,-0.060090,0.021804,0.005186,0.006486,-0.084224,0.010767,
0.011630,-0.062714,0.057255,0.036442,-0.045678,212.810806,0.001373,0.000434,-0.004756,0.001787,-0.094997,0.000016,0.002289,0.002077,0.097738,0.008069,-0.057991,0.071024,0.001974,0.005232,0.001026,0.000358,0.018777,0.016454,-0.004531,-0.000200,0.075155,-0.000026,-0.002725,-0.010289,-0.022727,0.006610,-0.008937,-0.003193,-0.066899,0.083281,0.055678,0.047205,0.037659,-0.003633,-0.003731,-0.021489,-0.000206,0.044226,-0.000328,0.072605,-0.089284,-0.014208,0.069721,-0.003073,-0.038547,-0.013675,-0.011448,-0.058475,0.012826,-0.016553,0.001752,0.003286,0.005106,-0.000056,0.067985,0.001377,0.008575,-0.063287,0.085602,-0.048085,-0.095173,-0.001300,0.001040,-0.011940,0.090521,-0.002308,-0.047534,-0.000018,0.006064,-0.056741,-0.035974,-0.061247,0.017232,0.010768,0.007062,-0.000056,-0.000035,-0.017508,0.074786,-0.000799,0.038369,-0.002860,-0.058790,-0.023660,-0.000155,0.083894,-0.039861,0.076459,0.017725,0.026694,-0.003084,-0.009190,-0.013828,-0.027673,0.000143,0.001351,0.077081,0.049106,0.027863,0.008690,0.086274,-0.037858,0.000362,-0.009073,-0.047732,0.083851,-0.048192,-0.059745,-0.082656,0.017078,-0.000023,0.000350,0.026034,-0.073482,0.024730,0.010162,0.019622,0.001077,0.014870,0.048878,0.034909,0.088064,-0.000890,-0.006500,-0.023822,-0.030280,-0.001248,-0.000012,-0.069952,-0.000015,0.013783,0.000505,0.027653,0.036582,0.003343,-0.017545,0.003003,-0.086076,-0.065785,0.062823,0.094387,0.092762,-0.024029,-0.001711,-0.072574,-0.004257,0.010152,0.091616,-0.049475,-0.008690,-0.017283,-0.061137,0.027900,-0.016913,-0.000862,-0.046006,-0.065335,0.001157,0.053741,0.006173,-0.084737,-0.062153,-0.002807,-0.095402,0.023693,0.007562,-0.077651,0.000106,-0.064514,0.000768,-0.061700,-0.014738,0.046699,0.005859,-0.000000,0.014963,-0.018908,-0.001220,-0.059011,-0.004811,-0.041141,-0.043158,-0.046886,-0.010931,0.034783,0.022054,-0.001481,0.000271,-0.060066,-0.043220,
-0.006669,-0.065764,-0.002227,0.025527,0.086747,0.001373,0.180081,-0.058409,-0.003737,0.003607,-0.006563,0.024214,-0.039436,0.037900,-0.085068,-0.034292,0.097961,-0.041738,0.005904,0.002963,0.089616,-0.003648,0.003845,-0.011038,0.004019,0.023880,-0.012470,0.014589,0.034609,0.006719,0.009288,0.002603,0.030662,-0.053878,0.092836,-0.063604,-0.000871,0.001341,0.006101,0.002211,-0.008981,-0.000777,0.011485,0.037898,0.069864,-0.053913,-0.041709,0.041779,-0.068105,-0.078393,-0.049859,0.046689,0.002018,0.010447,-0.066209,-0.024688,-0.068047,-0.009313,-0.037260,0.000171,-0.009909,0.055887,0.002028,0.012315,0.008271,-0.035272,0.005600,0.080513,-0.079657,0.020805,-0.001356,0.060286,0.081949,0.062286,-0.031762,-0.040000,-0.020776,0.012157,0.091164,-0.034925,-0.041891,0.043669,-0.035203,0.005007,0.042210,0.009937,0.013754,0.015432,-0.003814,0.023535,0.024620,-0.032624,-0.005552,-0.048692,-0.001041,-0.008231,0.005918,-0.048862,0.091154,-0.046698,0.054376,-0.000859,-0.001033,0.003155,0.043073,0.046373,0.064561,-0.082436,-0.002479,-0.001207,0.041048,0.021371,0.066525,-0.073228,-0.020631,-0.033800,0.039907,0.074954,0.008865,-0.040363,-0.026989,0.091322,0.020244,-0.040231,-0.074666,0.005209,0.043559,-0.004385,0.020687,0.071506,0.037784,0.000244,-0.012033,0.022674,-0.019890,0.014256,0.019602,-0.077945,0.043785,-0.043628,-0.000935,0.007036,-0.000912,0.033992,-0.022536,0.016777,0.043369,0.001142,0.028204,-0.001801,-0.036982,-0.054755,-0.070922,0.055339,0.014449,-0.017537,-0.038610,-0.036658,-0.053447,-0.037842,-0.056284,0.018885,-0.015850,-0.029793,0.026294,0.026817,-0.012707,-0.025079,0.079321,0.074318,-0.023123,0.051607,-0.038291,-0.014358,0.004831,0.018594,0.049246,-0.063804,-0.052344,-0.016910,-0.089930,0.002561,0.000359,0.006473,0.062033,0.006137,-0.090283,-0.044839,0.044006,-0.021183,0.076153,-0.000466,-0.011054,-0.024447,0.046818,-0.029770,
-0.008004,0.096220,-0.001404,0.007868,0.018377,0.000434,-0.058409,124.086878,-0.071548,-0.000570,0.066825,0.010772,-0.087631,-0.008834,0.031507,0.035349,-0.053497,-0.004072,-0.008765,0.083498,-0.023522,0.033690,0.015931,0.054886,0.000103,0.072057,-0.018223,0.027622,0.000400,0.023190,0.011985,-0.029189,0.056858,-0.006536,0.054103,-0.043611,-0.027198,0.074506,-0.000079,-0.043913,-0.003529,0.012975,0.001310,0.002137,-0.032054,0.030136,0.017500,0.006746,-0.082006,0.000051,0.028366,0.033169,-0.064118,0.000313,-0.003720,0.006724,-0.000069,-0.030247,-0.090538,0.041466,-0.059866,-0.029527,-0.024106,0.038833,-0.034101,0.096174,-0.011332,0.015723,0.000055,0.027527,-0.042845,-0.019221,-0.037827,0.000552,0.021616,0.074059,-0.028384,0.032270,0.008151,0.065419,0.021240,0.054705,0.063706,0.017670,0.073681,-0.085050,-0.003680,0.030650,-0.005442,0.000020,0.066879,-0.001653,-0.036591,0.027533,0.000190,0.079216,0.000400,-0.000045,-0.048991,0.000149,-0.064082,-0.075012,-0.034045,-0.057041,0.019049,-0.002965,0.002956,-0.009563,0.006323,-0.009959,-0.021101,-0.067948,0.000499,-0.000145,-0.000754,0.000367,0.071192,-0.023055,0.043756,-0.007755,-0.000312,0.048693,-0.038724,0.074980,-0.020602,0.087989,-0.007155,0.019397,0.089900,0.053219,-0.006257,0.056681,-0.000282,0.001425,-0.062776,0.008989,-0.061836,-0.014066,-0.000208,-0.020507,-0.041358,0.060773,-0.022486,-0.082324,-0.020224,-0.034211,0.047944,0.001794,-0.085911,-0.000000,0.036099,-0.006024,-0.061082,-0.016071,0.039810,-0.033654,-0.087255,0.002540,-0.017395,0.035172,-0.001687,0.004363,0.046499,0.019898,0.034048,0.000102,0.061183,0.067780,0.010053,-0.070214,-0.016219,0.038115,0.006176,0.000919,-0.048123,-0.044175,-0.089108,0.000073,0.000429,-0.005383,-0.014200,-0.000921,0.049827,-0.037735,-0.002634,-0.000687,0.002790,0.024723,-0.024358,-0.000521,0.000608,0.035564,0.000395,-0.000255,0.049547,-0.004388,
0.012815,-0.000362,0.007510,0.024780,0.068868,-0.004756,-0.003737,-0.071548,811.712947,-0.003189,-0.002385,-0.003257,0.006630,-0.099625,-0.005096,0.011014,0.000186,0.000077,0.011316,-0.034510,-0.000659,0.058423,0.023010,0.034768,-0.064347,0.049193,-0.000803,-0.038580,-0.004674,-0.002214,-0.002321,-0.005557,-0.035540,-0.005097,0.034294,0.063909,-0.000038,0.002309,0.035937,-0.006027,0.000959,-0.003484,-0.018580,0.003510,-0.091477,0.006291,-0.003668,-0.021180,0.005245,0.000174,-0.064932,-0.010654,0.008495,0.000033,0.061159,-0.076697,0.006774,-0.018817,0.007933,0.001492,0.050990,-0.002805,-0.000212,0.003235,0.047258,0.034560,-0.002975,-0.069446,0.000045,-0.031081,-0.065770,0.000002,0.029043,0.037590,0.018611,0.036932,0.011675,0.014802,-0.012227,-0.033815,0.002863,-0.007860,0.001441,-0.008122,-0.054908,0.006230,0.002312,-0.092228,-0.001369,-0.001469,0.061550,0.017580,-0.008050,0.000076,0.002487,-0.091430,-0.002553,0.009950,-0.045180,-0.058042,0.007524,0.032257,0.043466,-0.003669,-0.006947,-0.001953,-0.023817,-0.066189,-0.003173,-0.000049,-0.039032,-0.039513,0.012501,-0.018729,-0.000044,-0.002835,0.051969,-0.048657,0.020350,-0.053721,-0.055920,-0.019792,0.037910,0.041489,-0.039176,0.075805,0.019704,-0.031781,-0.000645,0.000029,0.002689,0.063405,0.008512,0.000992,-0.049115,-0.000586,0.019709,-0.000796,0.011705,-0.026155,-0.003684,0.003274,0.036976,-0.040427,0.046068,0.001686,0.002933,0.005175,0.004336,-0.029088,0.034910,-0.009099,0.006837,-0.092537,0.008259,-0.058687,-0.001542,0.012834,-0.001510,0.041057,-0.000084,0.003397,-0.097214,-0.007752,0.002502,0.006606,0.009127,0.053575,0.002239,0.063539,0.060596,-0.096191,-0.004929,-0.097995,-0.013489,-0.035048,0.018097,-0.000140,-0.001323,-0.005265,-0.048182,0.024762,0.002440,-0.057577,0.000370,-0.000010,-0.038591,-0.001305,0.077764,-0.028957,-0.043480,0.029768,0.001075,-0.000011,-0.002390,0.097774,
0.008871,-0.000141,0.000108,-0.020686,0.016664,0.001787,0.003607,-0.000570,-0.003189,974.887300,-0.000670,-0.008122,0.005035,-0.010264,0.097577,-0.011347,0.018302,0.031384,-0.005493,0.032544,0.036436,-0.033281,0.079019,-0.016772,0.052052,0.000177,-0.001188,-0.036637,-0.095091,0.000518,0.048235,-0.008865,0.007970,0.008262,0.000071,-0.018216,0.003818,0.003848,-0.054436,0.037352,0.017211,-0.001153,0.014900,-0.075090,0.005194,-0.000152,-0.004520,0.000000,-0.002922,0.061843,-0.001431,0.017173,-0.014016,0.014655,-0.000531,-0.053212,-0.002166,-0.024388,0.081796,-0.000101,-0.011539,0.009817,0.038072,-0.008339,-0.033019,0.000279,-0.005202,0.015888,0.023762,-0.072346,-0.069916,-0.004724,-0.026405,-0.000037,-0.045276,0.011730,0.015274,-0.087406,-0.001218,-0.046338,0.013528,0.000037,0.000981,-0.003268,0.005163,-0.030942,-0.095290,-0.034236,-0.000063,0.000680,0.000637,-0.043422,0.004166,0.022609,-0.001701,-0.085641,-0.013739,-0.005960,0.039342,-0.016070,0.000010,0.015472,0.000151,-0.004255,-0.000617,0.000727,0.004545,-0.024814,-0.080781,0.000012,-0.089664,-0.001988,0.032900,-0.000852,0.091574,-0.023666,-0.069711,-0.019848,-0.046359,-0.029557,-0.041961,-0.000022,0.063790,0.013852,0.019142,0.034543,-0.053381,-0.094670,0.007241,-0.086784,0.012560,0.092426,-0.000017,0.037255,0.049800,0.000085,0.006462,0.083395,-0.015615,0.005893,0.001077,-0.007297,-0.058397,-0.017203,0.027893,0.000031,-0.039371,0.013496,0.009215,0.099625,-0.026875,-0.019476,0.006436,0.086799,0.032131,0.010923,-0.078058,-0.014948,0.064178,0.003873,0.014784,-0.009917,0.044973,0.035066,-0.010820,-0.019076,0.059846,-0.031931,0.000001,-0.000047,0.031226,0.006938,0.017555,0.033957,-0.045884,-0.075114,0.006074,0.000158,0.065819,0.010920,0.006833,-0.001683,0.008655,0.011152,-0.000388,-0.000445,0.048119,0.099762,0.005630,0.028492,-0.015223,0.044093,-0.000811,-0.000029,-0.029885,-0.000053,
0.039291,0.091841,0.084170,-0.001186,-0.003587,-0.094997,-0.006563,0.066825,-0.002385,-0.000670,26.461109,0.004858,0.067130,-0.092859,-0.000000,-0.040612,-0.000562,0.028039,0.077914,-0.062367,0.045124,0.017843,-0.050775,-0.001724,0.097515,-0.080994,0.009293,-0.008461,-0.026028,0.054560,-0.000006,-0.026161,0.074481,-0.002377,0.005792,-0.059417,-0.005717,-0.080815,-0.033632,0.006506,-0.003788,0.055238,0.037721,0.009987,-0.001673,0.054253,-0.003487,-0.005850,0.012374,-0.002229,-0.036246,-0.009216,0.018823,0.061155,0.006554,0.070303,-0.027427,-0.000715,0.025783,0.030208,-0.002868,-0.001007,0.032857,0.074460,-0.006642,0.076834,-0.099139,-0.021534,-0.012730,0.094693,0.010848,-0.083844,-0.049659,0.007405,-0.001452,-0.001041,0.002568,0.046976,-0.024377,0.047334,-0.000043,0.001803,0.074530,-0.000476,0.005051,0.000709,-0.034760,0.043907,-0.040755,0.002180,0.090988,0.002257,0.009537,0.022919,-0.025368,-0.024507,-0.082571,-0.089532,-0.000389,-0.018299,0.020402,0.030276,-0.088616,0.005991,0.000016,0.037697,-0.011935,0.045555,0.070066,0.027064,0.051242,-0.001180,0.011188,0.003013,0.076191,-0.013405,0.064821,0.001564,0.088212,-0.021446,-0.000999,0.005174,0.089327,-0.043399,-0.005769,-0.044966,0.026608,-0.067399,0.000464,0.002678,-0.000551,0.006817,0.040887,0.002946,-0.019547,0.001883,-0.003357,0.034194,-0.026324,0.080156,0.009466,0.075066,0.041551,0.000905,0.017429,-0.080480,0.000217,0.016710,-0.017105,0.006147,0.016323,0.015121,0.004145,-0.010377,0.022515,0.079918,-0.086054,0.032700,-0.007806,0.003149,0.010000,0.069591,0.022687,-0.025815,0.055081,0.000841,0.081394,0.017326,0.063912,0.001904,0.063117,-0.015204,0.000110,0.005959,0.003480,-0.033720,0.062516,-0.001806,-0.000968,-0.003723,-0.055006,0.041555,0.024906,-0.003221,0.008544,0.054252,-0.000364,0.021843,0.011388,-0.001647,0.037390,-0.017133,-0.038401,0.094528,0.039547,0.039180,
-0.096695,0.008894,-0.004606,-0.019698,-0.000074,0.000016,0.024214,0.010772,-0.003257,-0.008122,0.004858,347.854813,-0.000012,-0.094657,-0.057733,-0.063636,0.005275,-0.001820,-0.021771,-0.037806,-0.015346,-0.031269,0.004813,-0.001115,0.000041,-0.001447,-0.054696,0.054398,-0.038326,-0.001399,0.038118,0.001634,-0.033825,0.039348,0.021057,-0.089488,-0.027386,-0.000017,-0.053524,-0.010061,0.000129,-0.001323,-0.008994,0.010193,0.000119,-0.000107,-0.037797,-0.074760,0.088824,0.013957,-0.005345,0.076817,0.060372,-0.010047,0.003576,-0.053503,-0.003323,0.008804,0.022726,-0.030596,-0.047453,-0.039276,0.071353,0.006064,-0.044607,-0.046086,0.000416,0.060004,-0.000194,-0.010926,0.030622,0.004325,0.001360,0.007875,-0.003109,-0.019293,-0.007966,-0.009044,0.026623,-0.002678,-0.019777,0.002781,0.002948,-0.001428,0.001296,0.003358,0.012652,0.049825,0.003147,-0.001730,-0.051103,0.025345,-0.055812,-0.024312,-0.045458,-0.083196,0.005446,-0.000073,-0.043555,-0.051050,0.021986,-0.002931,0.033370,-0.003567,0.032285,0.009453,0.007027,0.070835,0.000557,-0.000488,0.088120,-0.088940,0.061941,0.029738,0.000851,-0.028091,0.031708,-0.010617,-0.021272,0.001959,-0.088632,0.000698,0.007152,-0.002299,0.074509,0.099639,0.045563,0.004784,-0.004932,0.050059,-0.041539,-0.017954,0.013504,-0.000020,0.019804,0.018063,0.028948,-0.002894,0.064418,0.000052,0.003242,0.000051,-0.018154,0.011110,0.000556,-0.002098,-0.007913,0.000345,-0.022924,-0.007867,-0.098138,0.022209,0.075753,-0.027673,-0.018181,-0.025600,-0.051673,-0.023833,0.080192,-0.048656,0.000784,0.000170,0.078613,0.005405,-0.060278,-0.002302,0.076107,-0.015150,-0.003731,0.013662,0.000000,0.000065,0.004912,0.063721,0.021811,-0.004972,-0.000237,0.003559,0.080248,0.030099,0.028450,-0.065340,0.093737,-0.020111,-0.020562,0.067529,-0.009181,0.067653,-0.043303,-0.001029,-0.050808,-0.031014,-0.023684,0.013026,0.000465,-0.007225,
0.048940,-0.004604,-0.015430,-0.002517,-0.000314,0.002289,-0.039436,-0.087631,0.006630,0.005035,0.067130,-0.000012,6376.077542,-0.004513,0.000258,0.020068,-0.023094,-0.013055,-0.016804,0.000093,-0.076182,0.040281,0.008293,-0.028107,0.000310,0.011968,0.049402,-0.069990,0.045207,-0.090227,0.044099,-0.014297,0.000440,-0.000149,-0.057145,0.035310,0.006916,-0.053443,-0.048714,0.074858,-0.069905,-0.000917,-0.098136,-0.028804,0.000824,0.006096,-0.031094,0.026153,-0.015526,0.002206,0.000015,0.000569,-0.030524,0.000015,0.017910,-0.070782,-0.097530,-0.001732,-0.002335,0.090514,0.004238,0.000746,0.017304,0.033976,0.015397,-0.074589,-0.002645,-0.037700,-0.000077,-0.032117,0.037902,0.006127,-0.018510,-0.071160,-0.024845,-0.004256,-0.004320,-0.050093,0.000047,-0.033312,-0.000222,-0.000020,-0.048721,0.015790,0.008371,0.005083,0.003002,-0.051698,-0.060546,0.064785,-0.000906,-0.098242,-0.030828,0.044904,0.002141,-0.000000,0.036369,-0.003956,-0.005166,-0.064840,0.000309,0.052294,0.027763,0.040044,-0.088396,0.082651,-0.002491,-0.089764,0.034982,0.005343,-0.001024,0.026625,0.009738,0.030975,0.083309,0.047137,0.006122,-0.000003,-0.038672,-0.060188,0.001472,0.000020,0.059966,0.018345,0.021154,-0.066539,0.012275,0.033119,0.006058,-0.029786,-0.052725,0.000701,-0.049493,0.000033,0.094972,0.002715,-0.000102,-0.000019,-0.051795,-0.009213,-0.058373,-0.000027,0.005846,-0.002405,-0.005441,-0.080784,0.095321,-0.000865,0.029007,0.053507,-0.012620,-0.029312,-0.000728,0.065434,0.020641,-0.064451,-0.034664,-0.023799,-0.019918,-0.013044,-0.007473,-0.055004,0.000435,0.002390,-0.022911,-0.064676,-0.030675,0.044405,-0.001645,-0.000001,0.021538,-0.001190,0.000164,-0.095056,-0.083863,-0.000876,0.068849,-0.030599,-0.007873,-0.015778,0.070049,-0.000026,0.001939,0.002372,-0.026746,-0.000002,0.045818,0.001871,-0.036618,0.001351,0.003250,0.007328,0.004685,0.036457,0.001872,0.048320,
-0.000201,0.000215,-0.080880,-0.042675,0.043571,0.002077,0.037900,-0.008834,-0.099625,-0.010264,-0.092859,-0.094657,-0.004513,29.542389,-0.056613,-0.072915,-0.033672,-0.087863,0.013947,-0.000202,-0.027128,-0.021230,-0.059290,0.017633,0.075730,0.011053,0.050890,0.061484,0.003861,-0.093926,0.093368,0.088687,0.031845,0.070625,0.013346,-0.018579,0.082935,-0.014125,-0.057999,-0.004980,-0.004687,-0.032349,0.087938,0.004366,0.001463,0.037445,-0.031961,-0.077760,-0.095533,-0.004623,-0.064314,-0.026405,-0.002140,-0.041244,-0.088679,0.027633,0.094089,-0.004043,0.028387,0.001058,-0.009292,-0.000807,-0.000492,-0.090435,0.092273,0.050446,-0.010248,0.011371,0.002641,-0.015114,0.099052,0.009462,-0.030297,0.054622,-0.084085,-0.036770,0.002822,-0.058086,0.003326,0.085919,-0.090678,-0.092835,0.001642,-0.027818,0.014235,-0.058774,-0.042436,-0.000000,-0.008120,-0.007024,-0.055023,0.063388,-0.018154,-0.003317,-0.036843,0.058344,-0.001113,-0.022368,0.030641,0.054672,-0.004330,0.040652,-0.037627,0.039457,0.051328,-0.000036,0.009518,-0.008688,0.000383,0.073937,-0.038645,-0.057143,0.039515,0.009368,-0.063310,0.000858,-0.005885,0.004343,-0.002994,-0.000458,0.096912,-0.006454,0.018785,0.009635,-0.007696,-0.056056,0.033683,-0.020206,-0.078964,0.045154,-0.045904,0.001508,0.026110,0.052350,-0.044963,0.060092,0.000942,0.027919,0.007273,-0.081976,-0.074264,0.035237,0.094090,-0.067861,-0.017801,-0.030313,0.006734,-0.062707,-0.034265,0.003540,0.016840,-0.020869,0.036903,0.037668,0.081705,0.036270,0.038977,-0.044924,0.005981,-0.040553,-0.014284,0.002945,-0.068095,-0.051941,-0.009436,0.006879,-0.029524,0.001254,0.000565,0.092748,-0.036630,0.002422,0.039896,-0.001286,-0.091071,0.001533,-0.069892,0.003360,0.034110,0.075334,0.000314,0.016249,0.071166,-0.020677,0.062006,0.058139,0.003645,-0.003511,0.007962,-0.069793,-0.001072,0.049406,0.068579,0.027733,-0.009764,-0.001982,
0.036289,0.041123,-0.032734,0.001877,-0.022570,0.097738,-0.085068,0.031507,-0.005096,0.097577,-0.000000,-0.057733,0.000258,-0.056613,0.297665,0.096092,0.087422,-0.036810,0.040025,0.081494,0.001342,-0.013912,0.008096,-0.053219,0.000090,0.021887,-0.014032,0.069736,0.022207,-0.000196,0.001428,0.017551,0.060948,0.085905,-0.002730,0.024407,-0.005897,0.045879,-0.019076,-0.001322,0.000675,-0.028196,-0.025100,0.003181,0.028941,0.043865,0.001369,0.018221,0.027700,0.009361,0.006769,-0.019615,0.057655,0.023139,-0.001268,-0.037693,0.069177,0.053940,-0.023897,-0.016755,-0.075762,0.071693,0.006169,0.009263,0.084015,-0.001523,0.028568,0.016551,0.022571,-0.028819,-0.033308,-0.030872,0.041433,0.044474,-0.049420,-0.000047,0.015706,0.058175,0.082503,0.049313,-0.000888,0.031556,0.052823,0.036409,-0.074993,0.045995,-0.015936,-0.015723,0.094629,-0.076168,-0.038727,-0.047544,0.070715,0.002485,0.064140,0.000999,-0.012165,0.084191,-0.004717,-0.015717,-0.012553,-0.017928,-0.088868,0.027931,0.037442,0.029699,-0.097683,0.079224,0.023687,-0.000038,-0.067659,0.027911,0.048056,-0.048603,0.056871,0.061788,0.045789,0.004168,-0.053209,-0.028982,0.061812,-0.024442,-0.006537,0.020732,-0.079417,-0.003561,0.009768,0.055919,0.035479,0.040080,-0.012190,-0.013938,-0.031514,0.003044,0.039084,0.006180,0.022069,0.016565,-0.000151,0.082591,0.007633,-0.005123,-0.017314,0.000468,0.004869,-0.000612,-0.077679,0.005745,-0.072506,-0.008225,0.038978,0.045770,0.043028,-0.026777,-0.024171,0.042111,0.006031,-0.012430,0.005982,0.012934,-0.007608,-0.012267,0.017856,-0.039834,-0.031890,0.004478,-0.050681,0.009773,0.080704,0.009859,-0.066290,-0.082435,0.015692,0.067898,-0.030115,-0.061730,0.062613,-0.017976,0.085713,-0.015297,-0.016269,-0.097914,0.097464,0.039159,0.047657,0.099231,0.069686,-0.001264,-0.012854,0.098153,-0.028730,0.048441,-0.002359,0.049026,0.022600,0.033255,
-0.069504,0.000693,0.055647,-0.005549,-0.033673,0.008069,-0.034292,0.035349,0.011014,-0.011347,-0.040612,-0.063636,0.020068,-0.072915,0.096092,0.410548,-0.011332,-0.037881,-0.006794,-0.020471,0.006710,-0.027047,-0.026954,-0.011485,-0.060826,-0.020790,0.021582,0.037268,0.019203,-0.076303,-0.006791,0.014129,0.004423,-0.009531,0.085617,-0.029041,-0.024742,-0.063746,-0.004731,0.017379,0.016162,0.064287,-0.021848,-0.033736,0.055378,0.049266,0.055918,0.093638,0.016804,0.023163,-0.057597,0.007928,-0.000115,-0.012019,-0.050594,0.058689,0.055606,0.019336,0.080688,0.053304,0.070083,-0.051918,0.018242,0.026324,-0.026423,-0.011680,-0.005199,0.046038,0.012390,-0.096363,-0.017512,-0.039689,0.002826,0.071407,0.096872,-0.032784,0.091810,-0.051443,0.012855,0.066637,0.026399,0.071085,0.038238,0.069426,-0.003108,0.000180,0.022427,0.032607,0.082890,0.000880,-0.018643,0.015704,0.042821,0.014391,0.041893,0.037250,0.001998,-0.021364,0.023964,-0.002900,0.007436,0.006196,-0.039692,0.005452,-0.032883,0.049045,-0.008663,0.006309,0.053997,0.012088,0.043423,0.069329,0.009808,-0.002478,-0.069009,0.025155,0.057665,0.008541,0.033771,-0.022011,-0.010802,0.076814,0.000250,-0.020793,0.046255,0.003691,-0.006802,0.052156,-0.039327,0.043747,0.015066,0.030678,0.036903,-0.016536,0.020400,-0.054101,0.045198,0.031083,-0.036206,-0.008340,0.090276,-0.082330,0.055080,0.011887,-0.016756,0.000189,-0.086150,-0.019077,-0.001430,-0.057243,-0.007947,-0.021899,-0.008581,-0.011245,-0.043523,0.090187,-0.011289,0.000052,-0.041146,0.060367,0.012663,0.018104,0.038657,0.007841,-0.003120,0.064875,0.003035,0.014318,-0.050986,-0.039425,-0.055151,0.021528,0.034431,-0.001629,0.046983,-0.013263,0.026427,0.027219,0.063582,0.015769,0.049921,-0.073034,-0.021642,0.049416,-0.024022,-0.063928,0.062106,0.012576,-0.021766,-0.065130,0.002687,0.033377,-0.065778,-0.005307,0.008597,-0.021005,
-0.001951,0.001184,0.003497,0.026831,0.000394,-0.057991,0.097961,-0.053497,0.000186,0.018302,-0.000562,0.005275,-0.023094,-0.033672,0.087422,-0.011332,142.665045,-0.000233,0.015401,0.001655,-0.002314,0.056734,-0.007139,0.015617,-0.048527,-0.031599,0.032406,0.057073,0.002578,0.033742,-0.000915,-0.003432,-0.001115,0.018447,-0.060373,0.058907,0.062239,0.098911,-0.006089,0.000403,-0.000487,0.000984,-0.020053,0.022528,0.000792,0.000096,0.029209,-0.064830,-0.004651,0.014287,-0.047911,0.091272,0.011153,-0.004235,0.000845,0.045347,-0.000306,-0.000029,-0.012347,0.095822,0.020595,-0.010447,-0.008617,0.048690,-0.052983,0.000580,0.008643,0.002550,-0.000350,0.011927,-0.004016,-0.091506,0.032372,-0.008777,0.047067,0.022035,0.001611,-0.028308,-0.010665,-0.001094,0.014795,-0.004663,0.029189,0.036673,0.000187,0.001163,-0.029604,0.090457,0.014687,-0.022356,0.000166,0.002623,0.004754,-0.017940,0.049152,-0.005088,-0.006073,-0.004817,-0.014055,-0.008770,-0.002225,0.057637,-0.014214,-0.017477,0.014468,-0.026969,0.017778,-0.011670,-0.027276,-0.013092,-0.043907,-0.003806,0.000763,-0.004584,-0.043446,-0.054770,-0.016040,-0.094536,-0.086736,-0.069724,-0.001010,0.011701,0.011849,-0.095936,0.001425,-0.004199,0.002554,0.003745,0.012952,0.047519,0.020318,0.014023,-0.020967,0.004682,-0.047754,0.012706,-0.005830,-0.006145,-0.002829,-0.091144,-0.082993,0.006067,-0.036099,0.014722,-0.000309,-0.066970,0.064812,0.034929,-0.001599,0.000714,0.007926,0.002875,-0.053814,-0.030805,0.002941,-0.003296,0.009033,0.010608,0.023544,0.037953,-0.007459,-0.028889,-0.043724,-0.000616,-0.039759,-0.006147,0.027606,0.038603,0.024880,-0.049045,-0.010357,-0.019368,-0.030058,-0.000168,0.004208,-0.001500,0.003030,-0.000065,0.031535,0.013648,-0.070911,-0.000165,0.069442,0.006986,-0.095058,-0.055916,0.044530,0.035024,0.022021,-0.026657,-0.040067,-0.045288,0.007546,-0.002456,0.000279,0.011778,
0.021068,-0.000012,0.072079,-0.030405,-0.001720,0.071024,-0.041738,-0.004072,0.000077,0.031384,0.028039,-0.001820,-0.013055,-0.087863,-0.036810,-0.037881,-0.000233,1807.666391,0.010662,-0.028882,-0.001391,-0.000541,0.000159,0.011884,-0.002963,-0.026965,-0.090960,0.007923,-0.022660,0.065452,-0.021608,0.023167,0.016759,-0.003953,-0.003428,0.032026,-0.054613,-0.004105,0.047690,0.087678,0.022837,-0.055214,-0.088821,-0.029304,0.005168,0.000615,0.020294,-0.042972,0.002619,0.000122,-0.000929,-0.006104,0.038284,-0.013553,-0.013557,0.077200,0.000115,-0.021120,0.079766,0.006700,0.001248,0.008610,-0.014016,-0.001333,-0.046322,-0.002101,0.074117,0.013654,-0.000052,0.002734,-0.000648,0.002296,-0.094268,-0.000360,-0.061452,0.000252,0.002827,0.004276,0.038942,-0.009126,0.001369,0.075994,-0.001659,0.099456,-0.034121,0.001093,0.069350,0.021373,0.080362,-0.084672,0.010850,0.063742,-0.012610,-0.000196,0.059136,-0.017008,-0.032667,0.000036,-0.063447,-0.002785,0.012702,0.002502,-0.002317,-0.008066,0.028981,0.038064,0.000908,-0.082503,-0.012222,-0.003434,-0.039109,-0.002446,-0.034623,-0.000020,-0.069795,0.066118,-0.090808,0.003418,-0.061386,0.021396,-0.080721,0.000597,0.016007,-0.055925,-0.086996,0.017507,0.038099,-0.000461,0.003383,0.014842,0.008605,-0.012261,0.031625,-0.000223,-0.007639,-0.000777,-0.017637,0.000055,0.094035,-0.000387,0.053875,-0.001621,-0.009285,0.003126,0.033137,-0.001028,-0.001473,-0.003145,-0.000339,-0.071349,-0.000149,0.004789,-0.036946,0.000311,0.043114,-0.052082,-0.023473,-0.000467,0.023418,0.018462,-0.008178,0.000289,0.000928,0.024574,0.027383,0.000014,-0.005403,-0.002919,0.000269,-0.000057,-0.078813,-0.001208,-0.004030,-0.011049,-0.018503,-0.000233,-0.041198,0.036415,0.092612,0.021849,0.004477,0.001667,0.008609,0.009321,0.078333,0.028543,-0.094374,0.090462,-0.000344,-0.016333,-0.053437,0.025588,-0.011589,-0.024606,0.035591,0.012284,
0.002147,-0.056982,-0.059493,0.059413,0.011907,0.001974,0.005904,-0.008765,0.011316,-0.005493,0.077914,-0.021771,-0.016804,0.013947,0.040025,-0.006794,0.015401,0.010662,36.514388,0.078207,0.008501,0.078812,-0.019868,-0.062146,-0.014829,-0.060474,-0.068776,-0.022917,-0.074763,0.008977,-0.048910,0.019390,0.002050,-0.000616,-0.088972,0.074995,0.015146,0.027229,-0.003054,-0.062378,-0.067699,0.017141,0.005143,-0.070047,-0.020502,-0.016629,0.092555,0.072036,0.000508,0.090704,0.000109,-0.087803,0.007704,-0.007794,-0.014811,0.041103,0.000149,-0.000674,-0.056108,-0.001051,-0.040062,-0.023906,-0.000441,-0.014966,0.020240,-0.010066,-0.008831,-0.076184,0.018624,-0.026750,-0.014556,0.028766,0.062828,-0.001304,0.041514,-0.025884,0.059115,-0.098879,-0.027325,-0.000137,0.002066,0.002858,-0.035687,0.000195,0.063605,0.012972,-0.062128,-0.004271,0.008336,0.065153,0.018468,-0.042947,-0.040811,0.007098,-0.009253,-0.037887,0.002344,-0.007250,0.003685,0.046105,-0.095054,0.000478,0.071950,0.099541,0.014919,-0.006482,0.011606,-0.008758,0.007030,0.030026,-0.030999,0.046002,0.017535,0.036447,-0.051258,-0.052730,0.054241,-0.010369,-0.084730,0.059939,0.013023,0.078647,-0.018664,-0.000247,-0.052743,-0.008778,-0.056799,0.081237,0.074701,-0.015609,-0.043172,-0.030644,0.016442,0.004968,0.036141,0.060419,-0.003095,0.001309,0.002151,-0.000818,-0.002890,-0.007124,-0.017060,-0.074661,0.000540,-0.016705,0.017536,-0.003438,-0.026140,-0.058487,0.039142,-0.042234,0.079830,-0.024595,-0.075392,0.057249,-0.062019,-0.010423,0.009946,-0.066789,0.000489,0.002446,0.042089,-0.015397,-0.051193,-0.046490,-0.045825,0.022372,-0.040108,-0.015634,-0.033984,0.009235,-0.069592,-0.050385,0.060322,0.017129,-0.008250,-0.020605,0.043329,0.008913,-0.058074,0.079051,-0.009369,0.000039,0.084019,-0.044922,0.003438,-0.061844,0.031927,-0.009521,0.035197,0.029092,0.004646,-0.001831,0.000198,-0.071871,
0.038514,-0.005408,-0.026158,0.026443,0.003180,0.005232,0.002963,0.083498,-0.034510,0.032544,-0.062367,-0.037806,0.000093,-0.000202,0.081494,-0.020471,0.001655,-0.028882,0.078207,27.935701,0.077855,-0.003061,0.071328,-0.080854,-0.015477,-0.011549,-0.008224,0.090945,-0.078348,-0.028999,0.007726,0.008636,0.004946,-0.016728,-0.034292,-0.083271,0.088117,0.089196,-0.031139,0.052937,-0.010181,-0.003071,-0.065848,-0.000914,-0.021002,-0.050247,-0.080388,0.071204,-0.011368,0.053547,0.008295,-0.070559,0.059794,-0.082939,0.024244,0.069380,0.034554,-0.001649,-0.099804,0.081054,0.039777,0.009143,0.003470,-0.054940,-0.030710,-0.000428,-0.003935,-0.001625,0.003277,-0.079973,-0.037847,-0.098416,-0.011045,-0.000993,-0.088012,-0.038734,-0.001424,0.000222,-0.009985,0.054093,-0.011084,-0.005000,0.000341,-0.060531,0.000884,-0.096000,-0.021250,0.027046,0.030962,0.079621,0.035677,-0.073917,0.014188,0.050013,0.023329,-0.019517,0.001627,-0.000715,-0.038827,0.008718,0.000155,-0.001851,-0.019997,-0.026082,-0.092479,0.016349,0.066720,0.090801,-0.033679,0.068488,0.058032,-0.042698,-0.000507,0.076815,0.008794,0.064557,0.055149,-0.020886,0.080107,0.000811,0.005168,-0.000940,-0.060818,0.038501,0.025082,-0.000204,0.089036,-0.015463,0.009392,-0.074898,-0.005533,-0.017042,0.010893,0.002007,-0.059922,-0.061321,-0.017861,-0.000007,-0.000953,-0.072975,-0.007014,0.003820,0.006941,0.077206,-0.004995,0.001689,0.009604,0.065492,-0.008797,-0.030517,0.019314,-0.039842,-0.008013,0.024569,-0.009508,0.053277,-0.025988,-0.080819,-0.007693,-0.010778,0.003284,0.045496,0.092657,-0.063529,0.031157,0.002003,-0.046933,-0.007943,0.002482,-0.039753,-0.058790,-0.032554,0.012531,0.008244,0.007665,0.006817,-0.005122,-0.024707,-0.045757,0.058237,0.004089,0.013130,0.039494,-0.002948,0.062307,-0.091280,-0.020174,0.005193,0.048866,0.032047,-0.071769,0.057856,-0.012539,0.002212,-0.001860,0.000170,
0.065143,-0.002349,-0.094170,-0.056756,0.000791,0.001026,0.089616,-0.023522,-0.000659,0.036436,0.045124,-0.015346,-0.076182,-0.027128,0.001342,0.006710,-0.002314,-0.001391,0.008501,0.077855,90.166248,-0.001252,-0.050791,0.018412,-0.005077,0.002525,0.095046,0.019307,0.021815,0.000055,0.054895,0.026175,0.054114,0.002226,0.006747,0.038287,-0.000131,0.002976,0.041797,-0.004773,0.010150,-0.001303,0.063544,0.047714,-0.010656,-0.051258,-0.025005,0.016029,-0.002571,-0.036123,-0.012480,0.016036,-0.015238,-0.017708,0.089303,0.003667,-0.073270,-0.008102,-0.005237,0.017724,0.000000,0.000021,0.000518,-0.035486,-0.047201,-0.039786,-0.000321,-0.053162,-0.010524,-0.015497,-0.018252,0.074135,0.046335,-0.000309,-0.073312,0.007402,0.015408,-0.012266,-0.024100,-0.015101,-0.081763,-0.047701,-0.010344,-0.077764,0.038655,-0.003239,0.001959,-0.005521,0.094815,0.060164,-0.000598,-0.085846,0.003721,0.092050,0.080112,0.016238,-0.002706,-0.000756,-0.081303,-0.039921,-0.000550,-0.009880,-0.014276,0.094985,-0.002014,0.025559,0.001573,-0.034050,-0.007404,0.021172,0.081899,0.001286,0.092378,-0.002174,-0.052822,0.024535,0.025628,-0.001811,0.012379,0.035245,-0.000034,0.034206,0.027634,0.032041,0.059240,0.004932,-0.078677,0.001501,0.034809,0.001133,0.007264,-0.000956,0.003920,-0.000800,0.041787,0.000727,-0.016764,0.034501,0.063637,0.028169,0.000526,0.001464,0.033480,0.001857,-0.002390,-0.008634,-0.046599,0.013190,-0.061740,0.091094,0.012158,-0.054383,-0.026383,-0.002950,-0.032113,-0.014010,0.048029,0.005325,0.039857,0.084586,-0.012202,0.033844,-0.054392,-0.000810,0.028660,0.001436,-0.022138,-0.008365,-0.010045,0.032043,-0.042089,-0.000356,0.003898,0.003257,-0.065241,-0.000105,0.026460,-0.000135,-0.000250,-0.002768,-0.056359,0.000714,-0.097017,-0.000213,-0.037294,0.002074,-0.006040,0.015022,0.008773,-0.000211,-0.000304,-0.037177,0.026718,-0.001424,-0.070127,-0.083572,
