562.454477,0.022994,0.080364,0.027473,0.000035,-0.000084,0.023473,-0.001640,0.021232,-0.000927,-0.038095,0.000027,-0.002960,0.027515,0.030183,0.000663,-0.068028,0.030178,-0.009297,0.007008,0.043100,-0.012435,-0.061112,-0.002419,-0.001936,0.006294,-0.009388,0.063716,-0.068079,0.079778,0.021603,-0.019992,-0.046056,-0.089848,0.033635,-0.020289,-0.001867,0.001918,0.039306,0.056191,-0.000432,-0.000940,-0.026721,0.010439,0.083563,0.000255,0.028101,-0.000275,0.069172,-0.019211,-0.046070,-0.092189,-0.076564,-0.000512,-0.002621,-0.002289,-0.094113,-0.066492,-0.021346,-0.081979,0.057640,-0.000766,-0.069250,-0.035952,-0.040724,-0.045506,0.028156,0.019729,0.050453,-0.097804,-0.074657,0.016739,0.012701,-0.031725,-0.005038,0.025900,0.032793,-0.004072,0.092647,-0.038799,0.003451,0.026290,-0.061277,0.010104,0.000036,0.000865,0.000432,0.013381,-0.023687,-0.000598,-0.085035,-0.051130,0.082952,-0.002039,0.011929,0.010371,0.004800,-0.047988,0.006198,0.056276,-0.000138,-0.000390,-0.006611,0.000300,0.006037,-0.046606,-0.040257,-0.041300,-0.005596,-0.035930,-0.075625,0.067637,0.046711,0.017953,0.011143,0.031314,-0.098668,0.055591,0.055858,-0.002249,0.058047,0.028366,-0.047394,0.028890,-0.025264,-0.042139,-0.015566,-0.001019,0.023966,0.012900,0.073947,-0.014857,0.000257,-0.015744,-0.018410,0.021908,0.003724,0.098219,0.001610,-0.069328,-0.003341,0.003823,0.007618,0.000000,0.023140,-0.021051,0.059113,0.000000,-0.014767,0.009056,0.033694,-0.000070,0.047434,-0.060343,-0.007997,-0.000073,0.065101,0.007982,-0.000394,0.000000,0.004286,-0.037299,-0.098629,0.000000,-0.001303,-0.026504,-0.002281,-0.022190,0.002381,-0.000189,-0.022002,-0.075524,-0.019893,0.027710,-0.005237,-0.033782,-0.024269,0.002179,-0.005588,-0.004957,-0.002882,-0.012832,0.003853,-0.024145,0.005302,-0.019500,-0.000582,0.056790,0.087479,-0.090229,-0.006657,0.005534,0.000373,0.070501,-0.051579,0.000000,
0.022994,10662.247320,-0.018691,-0.035146,0.004020,0.000360,-0.017058,0.089787,-0.019695,-0.000012,0.000218,-0.086669,-0.000053,-0.001121,-0.004759,0.044625,0.003778,-0.050188,0.060779,-0.005339,0.078232,0.012340,-0.091714,-0.004195,0.009252,0.000009,-0.027009,-0.029090,-0.006582,-0.000362,0.052988,-0.002288,-0.017258,0.003012,-0.003860,0.003253,0.000010,-0.003758,-0.002251,0.003355,-0.001435,-0.000489,0.032622,0.030287,0.002273,-0.011641,-0.042067,0.000075,-0.004441,-0.002933,0.028128,0.012710,0.043254,-0.020594,0.009799,-0.000000,0.012935,-0.003498,-0.034892,0.022292,-0.072963,-0.002254,0.035829,0.001607,-0.094192,0.005286,0.076071,0.037421,-0.017542,-0.023282,-0.015367,0.076741,0.025331,0.024917,-0.005225,-0.011053,0.017101,-0.005604,0.013357,0.003524,-0.006118,0.000431,0.019228,0.002517,-0.009193,-0.001544,0.000246,-0.016553,0.010347,0.008822,-0.000086,-0.041159,0.039157,-0.008415,0.071899,0.041660,0.008542,-0.081313,0.006095,0.090708,-0.069608,-0.016523,-0.074211,-0.038078,-0.081936,0.097558,0.006188,0.002645,-0.002592,0.013405,0.044930,0.004084,0.017656,0.017462,0.019156,-0.021475,0.017044,-0.001711,0.000689,0.000473,0.074116,-0.070975,0.027104,0.000766,0.003420,0.014571,-0.046320,-0.001644,-0.009862,0.009513,-0.050968,0.075011,-0.000061,0.042456,-0.027795,0.040414,-0.010166,0.000369,0.010440,-0.005278,0.010759,0.017759,0.002476,0.000000,0.011458,-0.064910,-0.015976,0.000000,0.039070,0.026847,-0.098428,-0.091996,-0.054029,-0.031924,0.000605,-0.091972,-0.056446,-0.001145,0.018421,0.000000,0.003737,0.002801,0.014537,0.000000,-0.056673,0.006132,-0.091881,0.021095,-0.017044,-0.000474,0.092295,0.041716,-0.001808,0.000099,0.031399,0.071764,0.027500,0.000077,-0.000153,-0.081828,-0.001000,0.024003,-0.009080,0.001034,0.019967,-0.000014,0.001124,-0.045108,-0.000401,0.026211,0.000205,-0.022542,-0.098262,-0.010198,-0.000407,0.000000,
0.080364,-0.018691,3.322330,-0.073461,-0.046476,0.046454,0.029178,0.020543,-0.007120,0.034157,-0.070557,-0.066312,-0.040759,-0.014637,-0.066481,0.012067,-0.098634,0.063276,0.022647,-0.000134,0.002596,-0.079009,-0.039945,-0.003385,-0.003729,0.051891,-0.021050,-0.031582,-0.032739,-0.026746,0.036409,-0.027446,0.057551,0.022934,0.014744,0.047634,-0.025531,0.012577,0.014414,0.037027,-0.002907,-0.088828,-0.073472,0.049898,0.005073,0.037657,0.070736,-0.020922,0.023351,0.015996,0.061298,0.088840,-0.036768,-0.069129,-0.068535,0.098181,0.037308,-0.004023,-0.008896,-0.006555,0.013096,-0.011011,-0.056769,0.008919,-0.006398,0.002226,0.011467,-0.001189,-0.022846,0.080398,0.064009,-0.002183,0.003128,-0.018450,0.074407,-0.070603,0.002820,-0.025523,0.041975,0.041257,0.085584,-0.037752,0.017249,-0.051203,-0.015236,-0.096120,-0.063616,0.069274,0.065362,-0.083920,-0.017182,-0.049742,-0.075009,0.062844,0.032226,0.000518,-0.001564,0.056712,0.063382,0.072768,0.089461,-0.002804,-0.021484,0.084799,-0.080006,0.055611,-0.007660,0.029341,0.003974,0.033518,-0.042232,-0.067885,0.048351,-0.016468,0.082326,-0.011854,0.008194,0.028577,0.039922,-0.003050,-0.001650,-0.008904,0.000631,0.002020,0.083042,0.034255,0.049419,-0.014255,-0.060261,0.024338,-0.016716,0.001129,-0.077634,-0.073221,-0.043851,0.025339,0.078108,-0.076569,0.015059,-0.004369,-0.007388,0.067696,-0.092279,0.000000,0.012562,0.004171,-0.017861,0.000000,0.010431,-0.042020,0.073648,-0.001117,0.000546,0.052178,-0.002739,-0.001117,-0.072664,0.021981,-0.088439,0.000000,0.035051,-0.005151,-0.033744,0.000000,-0.001558,-0.005503,0.007958,0.048417,-0.010893,0.044204,0.032221,0.026117,0.000568,0.026808,-0.022604,-0.015166,0.005332,0.039068,-0.021554,0.018663,-0.000738,-0.024994,0.064333,-0.007614,0.012398,-0.002209,0.002101,-0.082439,-0.013035,-0.017646,-0.062497,-0.078369,-0.014932,-0.048613,-0.007178,0.000000,
0.027473,-0.035146,-0.073461,25.025714,0.087692,0.033655,0.089997,-0.038510,-0.022040,0.031165,-0.020463,-0.002648,0.095943,-0.004647,0.000883,-0.029743,-0.001544,-0.049476,0.014285,-0.034911,0.039433,0.087087,-0.000000,0.028116,0.030957,0.023256,-0.002750,0.042425,-0.045915,0.001575,-0.059491,-0.057058,0.018765,0.073197,-0.016234,0.048641,0.015397,0.007423,0.091606,-0.000642,-0.062903,-0.049218,-0.024279,-0.030821,-0.041764,0.020694,0.054405,0.004840,0.014035,-0.076955,-0.011156,0.062275,-0.017655,-0.026745,0.048955,-0.037618,-0.059446,0.014291,0.048904,-0.071131,-0.059134,0.014652,0.008470,0.072041,0.059800,0.039710,-0.004034,0.064194,0.059381,0.016547,-0.066148,0.004958,-0.073412,0.020643,0.002697,-0.021503,0.007798,0.046672,0.000981,-0.002192,0.048229,-0.000587,-0.042591,0.017255,0.001281,-0.004088,-0.064111,0.005476,0.025980,-0.068325,-0.025124,-0.009945,-0.033734,-0.088503,0.063068,0.034657,-0.010362,-0.048887,0.001748,0.014542,0.000652,-0.044707,0.004421,-0.067788,0.027846,-0.031823,0.057248,-0.027131,0.082678,-0.043953,0.025394,0.047978,-0.008129,0.024038,0.094425,-0.029074,-0.000543,0.007620,0.070107,0.068697,-0.037628,-0.003238,-0.098522,-0.029077,-0.060881,0.097830,-0.053178,0.032976,-0.058977,-0.030300,0.031778,-0.035691,0.007896,-0.061777,0.022125,0.082983,0.014898,-0.008521,-0.042842,-0.044752,0.011171,0.023031,-0.038043,0.000000,-0.017643,-0.002160,-0.038524,0.000000,-0.055617,0.033727,0.049473,0.030926,-0.015818,0.034559,-0.000740,0.030917,0.071307,-0.001180,0.058671,0.000000,-0.027612,0.033481,-0.043519,0.000000,0.039092,0.031419,0.003128,0.059037,-0.068267,-0.077782,0.034550,-0.041048,-0.008038,0.001241,-0.057095,0.088042,-0.040099,-0.013339,-0.007095,0.022742,-0.017045,0.022490,0.020259,0.037131,-0.000153,0.042726,-0.068931,0.020512,0.078642,0.007025,0.021346,0.045531,0.053226,-0.020283,-0.003828,0.000000,
0.000035,0.004020,-0.046476,0.087692,583.797766,-0.000075,-0.000326,0.012285,-0.045516,-0.000150,-0.013586,0.000395,0.015673,-0.085817,0.053561,0.000713,0.058640,-0.000212,-0.014017,-0.055888,-0.072946,0.046116,-0.037188,0.003373,0.003738,0.003101,-0.013597,-0.030618,0.022040,-0.000033,0.079341,-0.061355,-0.032542,-0.034980,0.051099,-0.075802,-0.040981,0.014222,-0.059130,-0.028951,-0.015765,-0.001677,-0.097111,0.023212,0.063631,-0.014891,-0.000948,0.005196,-0.069797,-0.065463,-0.049024,-0.014437,0.048028,-0.093373,-0.021951,-0.087351,0.028664,-0.001283,0.010929,0.003820,0.000310,0.081338,0.043413,0.025439,-0.050051,0.027849,-0.003095,-0.010799,-0.020489,-0.029873,-0.060719,-0.035961,-0.000837,0.003502,0.001999,-0.006048,0.012008,-0.059852,-0.012904,0.003991,0.062086,0.005684,-0.015239,0.000073,-0.002885,0.008406,-0.008007,-0.004196,0.018930,0.009741,-0.078794,-0.019571,0.007282,-0.000842,0.030421,-0.086935,-0.031245,-0.089027,0.028738,0.014430,-0.039489,0.001273,-0.009807,-0.002001,-0.089138,-0.046989,-0.088161,-0.069442,0.076682,-0.010120,-0.055526,0.045295,0.010062,0.000106,-0.052499,0.042291,0.006487,-0.001226,-0.062346,-0.015709,-0.032501,0.095463,-0.002295,0.001591,0.020201,-0.028148,-0.054330,-0.001206,0.002283,-0.005658,-0.023724,-0.016511,0.000082,0.002056,-0.080844,-0.040242,-0.069241,0.001908,-0.003062,-0.035760,-0.000707,-0.015341,-0.000853,0.000000,-0.004247,0.041150,-0.014816,0.000000,-0.007029,0.078174,-0.031983,0.000353,0.013558,-0.051192,-0.043032,0.000368,0.074700,0.000059,-0.000789,0.000000,-0.007848,-0.014797,0.005125,0.000000,0.000075,-0.000126,0.053318,-0.044156,-0.001528,-0.001416,-0.006251,-0.016495,-0.059358,-0.026759,0.001602,-0.011957,0.099106,-0.009168,-0.000063,0.000541,0.001302,0.002041,0.000565,-0.081333,-0.023386,-0.075214,-0.000006,-0.058686,0.041377,0.021606,0.021387,0.003879,0.015061,0.051711,-0.049032,0.000000,
-0.000084,0.000360,0.046454,0.033655,-0.000075,910.546287,-0.050347,-0.025522,0.075281,0.000059,0.036927,-0.010198,-0.002090,0.000160,-0.062485,0.025951,-0.053695,-0.067199,0.070862,-0.045016,0.053161,0.005542,-0.070854,0.002635,-0.055371,-0.071513,0.015173,-0.004888,-0.003025,-0.084469,-0.001724,0.001240,0.075357,-0.014558,-0.002194,0.061462,0.000006,0.007983,-0.031084,0.005378,0.045330,-0.027319,0.016617,-0.001308,0.044717,-0.004950,-0.031587,-0.051704,-0.047883,-0.024769,-0.030068,0.077138,0.010725,-0.006868,0.075916,0.057640,-0.072555,0.000464,-0.008353,0.007679,-0.008582,-0.001141,-0.059100,0.025681,0.008989,0.041654,0.021524,0.008648,-0.096982,-0.000139,0.010007,0.056230,-0.057619,-0.018177,0.019496,0.058944,-0.017589,-0.000012,-0.000312,-0.001971,-0.002052,-0.004752,0.002812,-0.014658,0.000556,0.003406,0.000227,0.050760,-0.001856,-0.001960,-0.077940,-0.069494,0.003976,-0.065466,-0.060510,-0.011708,-0.002143,0.043699,0.069886,0.018330,0.000143,0.001900,-0.050352,0.024809,0.000438,0.002344,-0.002886,0.001663,-0.037715,-0.000023,-0.026278,0.018935,0.021007,0.000023,0.092623,-0.025303,-0.004838,0.093493,-0.007795,-0.001896,-0.011298,0.062253,-0.044345,-0.000076,-0.011420,-0.004539,0.010976,-0.005047,-0.014821,-0.007341,-0.027721,0.000662,0.007010,0.011954,0.069920,-0.043040,-0.013960,0.008469,0.009557,-0.032563,-0.010307,0.003620,0.011038,0.000000,-0.003679,0.060939,0.083500,0.000000,-0.040421,-0.055905,-0.021389,0.000488,0.013137,-0.031779,0.085618,0.000502,0.048905,0.000323,0.026928,0.000000,-0.006460,-0.002557,-0.083827,0.000000,0.000074,0.000391,0.007289,-0.013653,-0.001748,-0.000081,-0.003545,-0.000000,-0.005397,0.072701,-0.013961,-0.013250,0.063730,-0.000091,-0.096141,-0.057032,0.000668,0.000053,-0.039631,-0.003248,-0.023731,0.002170,0.001649,0.000400,-0.058120,-0.021400,0.002471,-0.003081,0.000953,-0.023727,-0.019396,0.000000,
0.023473,-0.017058,0.029178,0.089997,-0.000326,-0.050347,6.302221,0.074452,-0.025421,0.068963,0.021037,0.090601,-0.003213,0.067965,0.033534,0.007477,-0.038448,0.006068,0.020293,-0.014870,0.023653,0.042667,-0.067192,-0.041699,-0.003059,-0.004280,0.037774,-0.067557,-0.077763,-0.066005,-0.055950,0.042273,-0.070628,0.000582,-0.034366,-0.097301,-0.047398,-0.022983,0.038088,0.063538,-0.029028,-0.049004,0.078451,-0.025308,0.086798,0.000000,-0.046269,-0.067621,-0.043113,0.083345,-0.073620,0.019462,0.040143,0.051090,0.015670,0.006532,-0.040216,-0.037978,0.009362,0.098894,-0.025652,0.009274,0.024588,-0.074373,-0.004262,0.060671,0.027482,-0.057928,0.080280,0.074483,0.000787,-0.000563,0.043156,-0.000734,0.008025,0.021151,0.016663,-0.070041,0.001336,-0.041503,-0.054366,-0.005837,0.054801,0.014567,-0.049038,-0.039059,0.013048,0.020377,0.057390,-0.025274,-0.062382,-0.005535,0.036421,0.036328,-0.015124,-0.052527,0.005009,-0.001845,-0.004736,0.031960,-0.005108,0.028869,0.045581,0.009201,0.060844,0.041471,-0.091056,-0.029780,0.029919,-0.013420,-0.013414,-0.028057,-0.002437,0.019735,-0.048642,0.044848,0.002700,0.096172,0.054103,-0.048403,0.043547,-0.014965,0.067789,-0.008938,-0.013475,-0.000067,-0.025767,0.039496,-0.024914,-0.067909,-0.005247,-0.061804,-0.000521,0.000015,0.046664,-0.018044,0.088603,-0.034134,0.007076,0.003807,-0.028319,0.022358,0.015474,0.000000,-0.012692,0.011942,0.012350,0.000000,0.092048,0.063696,0.007434,0.055274,0.053642,-0.046481,-0.002148,0.055261,0.082498,0.011588,-0.091954,0.000000,-0.080698,0.019546,-0.029002,0.000000,0.020238,-0.015692,0.008650,-0.072907,0.004436,-0.051352,0.018669,0.002487,0.023112,-0.037531,0.092267,-0.001580,-0.068583,0.030411,-0.011717,-0.026104,0.010867,0.017888,0.041657,0.011357,0.005182,-0.023036,0.000803,0.048000,-0.007996,-0.087120,0.041050,-0.045325,-0.000958,0.045013,-0.003267,0.000000,
-0.001640,0.089787,0.020543,-0.038510,0.012285,-0.025522,0.074452,181.742778,0.004490,0.000903,0.008909,-0.093828,0.019320,0.009944,-0.008753,-0.000020,0.000033,0.017825,-0.068306,-0.034383,0.029225,-0.000197,0.012791,-0.000088,0.076719,-0.017350,0.034375,0.003113,0.011370,0.000302,0.012304,0.006491,0.013997,0.032728,-0.026766,-0.028372,0.037696,0.000806,0.016133,-0.026285,0.028347,-0.015479,-0.065074,-0.001622,0.049066,0.023240,0.000642,0.002116,0.045808,-0.002538,0.082650,-0.007109,-0.099849,-0.000038,0.012003,-0.029921,-0.040828,-0.005111,0.051243,0.003600,-0.044393,0.081334,-0.041882,-0.005080,0.005062,-0.051374,-0.003804,0.027129,0.023626,-0.030061,0.000130,-0.002120,-0.031726,0.015552,-0.004514,0.015760,0.024721,0.000174,0.043234,-0.028883,-0.015737,0.016340,-0.062930,0.000385,0.000231,0.002194,-0.003973,0.028821,-0.064212,0.016588,0.001407,-0.004003,0.026471,-0.090553,0.028132,0.033454,-0.055315,0.014466,0.034763,0.007002,-0.043790,0.084781,0.060662,-0.017507,0.025825,-0.044710,-0.028444,-0.043944,-0.000750,0.000241,0.080930,0.001396,-0.067185,-0.017165,0.053158,0.017531,-0.001103,-0.069999,0.005525,-0.002161,0.018772,0.016573,-0.000483,0.090920,-0.020326,-0.032529,-0.002374,0.019267,-0.014241,-0.000317,-0.023735,-0.048147,0.007154,0.000518,0.009219,-0.045748,-0.000349,-0.002007,-0.003417,-0.063683,-0.015821,0.001562,-0.004859,0.000000,0.004389,-0.004317,0.007695,0.000000,0.014427,0.033242,0.053908,-0.000665,0.039809,0.013828,-0.042080,-0.000658,-0.013738,0.000113,-0.002562,0.000000,0.000158,-0.047805,-0.006643,0.000000,0.021748,-0.038032,-0.000290,0.023154,-0.024461,-0.011628,-0.050646,0.042348,0.001762,-0.075307,-0.080698,-0.090118,-0.000700,-0.094644,0.002473,-0.002260,0.034767,0.000809,-0.000547,0.096979,-0.000152,0.000009,0.025033,0.022087,0.002071,0.040006,-0.042340,0.007111,0.000021,-0.000897,-0.015442,0.000000,
0.021232,-0.019695,-0.007120,-0.022040,-0.045516,0.075281,-0.025421,0.004490,87.227655,0.018680,0.001035,0.006241,-0.000021,0.048764,-0.016511,-0.001065,-0.018212,0.002156,-0.015356,-0.012730,0.000622,0.017064,-0.004103,-0.041805,-0.059988,0.000000,0.010058,-0.058062,-0.036752,0.007977,-0.065999,0.002933,-0.000358,0.020937,0.006994,0.066166,0.034643,0.000030,-0.030775,-0.000053,0.041400,0.001493,0.039408,-0.012436,0.018802,-0.043354,0.053113,0.096054,0.014131,0.005388,-0.051760,-0.003689,-0.001266,-0.022678,-0.005708,-0.052969,-0.054729,-0.000012,0.017010,0.086567,-0.005856,0.043933,0.033440,-0.001097,-0.083956,-0.053657,0.038545,-0.021202,-0.048994,0.000237,-0.011695,0.001839,-0.014601,-0.044525,-0.018216,-0.016291,0.001964,0.003496,0.032971,-0.002292,-0.017295,-0.014039,-0.083564,-0.016146,-0.035639,0.004481,-0.007084,-0.053847,-0.004083,0.000182,0.003599,-0.068603,-0.046611,-0.059847,0.079537,-0.096358,0.078404,-0.032081,0.070676,-0.021762,-0.009644,0.008093,0.000000,0.000827,0.000440,-0.001266,-0.091527,-0.015516,-0.000180,-0.030596,0.003571,0.025964,0.042995,0.005935,-0.016859,0.070368,-0.011708,-0.004787,-0.038982,0.004069,0.026420,0.028372,-0.007918,-0.000533,-0.056955,-0.002417,-0.003582,0.007574,0.012281,0.010800,-0.053510,0.001547,0.044481,-0.000239,0.022579,-0.040733,0.061836,-0.001605,0.011829,0.057590,-0.001732,0.017691,0.002735,0.000000,-0.000014,0.005599,0.005395,0.000000,-0.003348,0.027331,-0.005898,-0.012655,-0.030729,0.039363,-0.034944,-0.012652,-0.009793,0.001523,-0.000104,0.000000,-0.039225,0.092522,0.066537,0.000000,-0.008569,-0.000223,0.091240,-0.001780,0.035964,0.000330,-0.016916,0.001559,-0.068534,0.000097,-0.020629,-0.067195,0.005762,-0.013846,-0.013200,-0.012238,0.001188,-0.009946,0.001496,0.038679,0.002021,-0.032404,-0.012942,-0.043649,-0.031052,0.006991,0.019120,-0.041800,0.001867,0.001258,-0.009845,0.000000,
-0.000927,-0.000012,0.034157,0.031165,-0.000150,0.000059,0.068963,0.000903,0.018680,2750.461413,0.002721,-0.024294,-0.060465,0.026847,0.014674,-0.001156,-0.000482,-0.050108,-0.010113,-0.003371,0.045216,0.009032,0.000014,-0.034940,0.009379,-0.000011,-0.008322,0.077104,-0.012145,0.010477,-0.018546,0.001307,0.035183,-0.029727,-0.004885,-0.061433,0.009760,-0.062187,-0.045130,0.015998,-0.021179,0.046826,0.004638,-0.014452,-0.021922,-0.008008,-0.072542,0.052693,-0.008368,-0.000785,0.031755,0.085731,-0.008812,-0.000548,-0.007166,0.048613,0.026315,-0.033804,0.027300,0.008529,0.052180,0.000025,-0.025414,0.012338,0.040947,-0.019508,-0.060657,-0.027259,0.014489,-0.000601,-0.032716,-0.055498,0.000355,0.017469,0.098835,0.022344,-0.014853,-0.003416,0.069546,0.025889,-0.000292,0.000095,-0.067534,-0.017277,0.000187,-0.079030,-0.022562,0.025531,0.021384,-0.094816,-0.000631,-0.058649,-0.063134,0.013477,-0.014845,-0.001164,-0.001612,0.010019,-0.037960,-0.029142,0.098092,-0.000021,0.028432,-0.095834,0.064568,-0.010247,0.015008,0.073798,-0.000900,-0.000336,0.050219,-0.008289,-0.068951,-0.013965,-0.075172,-0.015468,-0.046476,-0.014688,0.006034,0.004857,0.057446,0.040610,0.039678,-0.000810,-0.025496,-0.036206,0.026194,0.001316,-0.055393,-0.003089,0.006285,-0.040695,0.062456,0.021213,-0.024845,-0.030140,-0.006001,-0.000256,-0.022703,-0.061111,0.003726,-0.009302,0.036351,0.000000,-0.012331,0.036256,0.033244,0.000000,-0.001820,-0.024149,-0.000180,0.000209,-0.020219,-0.075598,-0.003432,0.000204,-0.051360,0.090035,0.011075,0.000000,0.012927,0.005819,0.021767,0.000000,0.000020,-0.000022,0.052200,0.007289,0.000501,0.006528,-0.035258,-0.002781,0.075665,0.018064,-0.000957,0.060046,0.001447,-0.022761,0.005725,0.001282,-0.000109,0.001158,0.015761,0.002760,0.034240,0.002401,-0.065300,-0.002256,-0.008571,0.015451,0.066734,-0.006779,0.000950,0.000355,0.050572,0.000000,
-0.038095,0.000218,-0.070557,-0.020463,-0.013586,0.036927,0.021037,0.008909,0.001035,0.002721,18.198602,0.017382,0.011262,-0.008887,-0.076026,0.024385,0.000312,0.002164,0.021843,-0.060889,0.034163,0.000116,-0.033183,0.019650,-0.035901,0.037493,-0.010021,-0.023391,0.005067,-0.012727,-0.009795,-0.000642,-0.040296,-0.028107,-0.024804,-0.082927,0.088445,0.027899,0.076634,0.063989,-0.069987,-0.000389,-0.016767,0.022718,0.001600,-0.004353,0.078794,0.001182,0.002451,0.002018,0.036767,0.033404,-0.006415,-0.008437,0.037268,-0.014160,0.069020,-0.006539,0.042228,-0.089525,-0.009089,-0.051571,0.044654,0.076470,0.071144,-0.031359,-0.051341,-0.000000,0.009473,0.041452,-0.017020,0.093364,-0.052583,0.045754,0.021697,-0.009309,-0.000097,0.056246,0.014808,-0.020363,-0.000510,-0.047431,0.057234,-0.019932,0.051871,0.028243,0.051330,0.010094,0.085739,0.039650,-0.004059,0.015598,0.003148,-0.068585,-0.096637,-0.003309,0.020467,0.059735,-0.003462,-0.000664,-0.050359,0.044544,-0.002802,0.054721,0.045996,0.033546,0.012665,0.002016,-0.063413,-0.003751,0.022401,0.008610,-0.023268,-0.043228,-0.004115,0.021023,0.004938,-0.035620,0.022718,0.002688,0.020457,-0.017593,-0.015292,-0.076733,0.056811,0.015729,0.095830,0.036523,0.024762,0.033544,-0.001466,-0.096423,0.002757,0.003643,0.072008,0.002505,-0.001853,0.003556,0.058055,-0.068084,0.001116,0.044242,0.047264,0.000000,0.008970,-0.007919,0.026386,0.000000,0.021048,0.022452,-0.029293,0.009832,0.085807,-0.042095,0.063220,0.009829,0.037775,-0.006635,0.000880,0.000000,0.055468,-0.002518,-0.080832,0.000000,0.000793,0.032725,0.099512,0.017914,-0.026816,0.000778,0.045029,-0.069785,0.004399,-0.053913,-0.002369,-0.058564,0.080135,-0.009243,0.005451,-0.000242,0.018688,0.004899,0.041678,-0.037879,0.000559,0.038892,-0.002594,-0.036159,0.031308,0.074724,-0.004020,-0.036618,-0.071013,-0.099564,-0.007050,0.000000,
0.000027,-0.086669,-0.066312,-0.002648,0.000395,-0.010198,0.090601,-0.093828,0.006241,-0.024294,0.017382,168.637146,-0.000676,-0.094024,-0.042265,0.016479,0.002428,0.048530,0.023290,0.005916,0.016973,0.003132,-0.011053,-0.052860,-0.052639,0.012849,-0.002213,-0.060992,0.037771,-0.000054,0.028946,-0.034983,0.085783,-0.000758,-0.018044,-0.064386,0.001632,-0.033878,0.043607,-0.057660,-0.010702,0.007853,0.017411,-0.001976,-0.049824,-0.067733,-0.018111,-0.002439,-0.018404,0.000047,-0.021048,-0.051563,-0.001089,-0.080563,0.006124,0.077013,0.017782,-0.000864,-0.035671,0.010976,0.010381,-0.000200,-0.033839,0.009718,0.029495,0.013824,-0.034110,-0.029659,0.016642,-0.000218,-0.005471,0.038171,-0.053815,0.023137,0.060026,-0.001423,0.018138,-0.003388,0.008157,0.008284,-0.074239,-0.005549,0.079375,0.001656,-0.009304,-0.080721,-0.051386,-0.098046,-0.015245,-0.000051,0.001545,0.094611,0.025479,0.000029,0.023926,-0.032622,-0.004799,0.001956,0.015708,0.012408,-0.052944,-0.006927,-0.024175,0.025615,-0.028607,-0.030950,0.011443,-0.002833,-0.000635,0.001871,0.012492,0.026426,-0.033505,0.000132,0.033216,-0.026268,-0.007181,0.003579,-0.034678,0.000091,0.000416,0.052781,0.047326,-0.062196,0.013394,-0.020583,-0.076614,-0.069550,-0.000255,0.004344,-0.099590,-0.042433,0.076705,0.070498,0.006739,-0.064173,0.025914,-0.000650,0.028958,0.018195,0.002728,-0.075014,-0.000245,0.000000,0.006195,-0.001497,0.000455,0.000000,-0.020836,-0.062053,0.022071,0.000005,-0.003868,-0.000644,0.040423,-0.000000,0.050470,-0.065034,0.000536,0.000000,-0.066036,0.029333,0.012901,0.000000,0.000019,0.000039,0.070308,0.010219,-0.004277,-0.020220,0.060773,0.025328,-0.011648,-0.000981,0.027326,-0.029007,-0.019271,-0.003374,0.041971,-0.016939,0.040546,-0.011697,0.004261,0.080540,0.000042,0.001413,-0.006123,-0.002995,-0.066719,-0.086624,-0.006524,-0.001041,-0.009001,0.042339,0.040411,0.000000,
-0.002960,-0.000053,-0.040759,0.095943,0.015673,-0.002090,-0.003213,0.019320,-0.000021,-0.060465,0.011262,-0.000676,1703.466753,0.000000,0.029966,0.001098,-0.013319,-0.053232,0.005545,0.040682,0.000204,-0.001764,-0.010177,-0.003769,0.066993,-0.000221,-0.002663,-0.043949,0.032601,-0.000003,-0.039530,0.037605,-0.065074,-0.083873,-0.079942,0.066117,0.011110,-0.000101,0.044478,0.058025,-0.044877,0.000389,-0.015947,-0.000420,-0.028694,0.099761,0.028025,0.010408,-0.017763,-0.001296,-0.001851,-0.090890,0.001404,0.031154,-0.016685,0.097183,0.000249,-0.016954,0.002045,-0.079151,0.010359,0.022899,-0.082489,0.048218,0.071154,0.003058,-0.085723,0.015555,-0.021015,0.050571,0.012936,0.091018,0.001910,0.027177,-0.093773,-0.040722,-0.001373,-0.000219,-0.002671,0.001909,0.043221,0.006676,-0.082209,0.081678,-0.035971,0.004441,-0.000281,-0.016749,0.062733,-0.007311,0.049818,0.047111,-0.015893,0.000100,-0.031239,0.044025,0.035080,-0.000176,-0.017576,0.003666,0.004660,0.013666,0.047628,-0.000581,-0.009759,0.000476,0.005801,-0.028996,-0.071093,0.047674,0.035685,-0.000124,0.014634,-0.001838,0.097593,0.001741,-0.008677,0.003966,-0.018714,0.002702,0.015082,0.081265,0.003816,0.000913,-0.013493,-0.098634,0.005626,-0.004092,0.083858,-0.077787,-0.030442,-0.007942,-0.026513,0.008249,-0.041338,-0.001128,0.002490,0.013850,-0.027266,0.000009,0.009004,0.005063,0.005372,0.000000,0.008168,0.001271,-0.002218,0.000000,-0.071840,0.034004,-0.095289,0.000511,0.014692,-0.029805,-0.063033,0.000504,-0.045921,-0.004774,0.003416,0.000000,-0.002741,-0.000012,0.050322,0.000000,-0.000305,0.000045,0.033950,0.006681,0.000463,0.046981,0.061001,0.061900,-0.048854,0.074302,-0.021570,-0.022418,-0.016985,-0.002420,-0.053745,0.008525,-0.000296,0.000641,0.074052,0.024028,-0.000203,-0.014753,-0.000032,-0.052176,-0.002185,-0.039151,0.000260,-0.003113,0.006403,-0.005815,-0.037672,0.000000,
0.027515,-0.001121,-0.014637,-0.004647,-0.085817,0.000160,0.067965,0.009944,0.048764,0.026847,-0.008887,-0.094024,0.000000,10113.825270,0.032684,-0.031056,0.000001,0.006424,-0.004697,0.003114,-0.073609,0.028980,0.038187,0.008670,-0.074380,0.009955,0.026150,0.012095,0.013475,-0.001956,0.015296,-0.027960,0.013511,-0.004807,-0.071413,-0.002054,-0.027517,-0.050900,-0.010015,0.010529,0.000817,0.000144,-0.028851,-0.001864,0.059121,-0.038396,-0.004885,0.058692,0.057726,0.004301,-0.032586,0.090173,0.035846,0.001270,0.010821,0.027338,0.044949,0.000021,-0.060730,0.019667,0.024684,-0.000722,-0.001381,0.029574,-0.052312,-0.014496,-0.092236,-0.005807,0.031625,-0.000170,0.000910,0.072288,0.039803,0.025790,-0.007814,-0.057347,0.002945,0.000452,-0.000009,0.001074,-0.005753,0.038593,0.023105,-0.072068,0.047931,0.000238,-0.005351,0.036672,0.092632,-0.000660,0.001878,-0.007613,0.079200,0.045685,0.005429,0.044884,-0.088865,0.001288,0.003245,0.069510,0.000512,0.042604,-0.001125,-0.006664,0.000345,-0.001087,-0.035341,0.002090,-0.073859,0.002223,0.062145,-0.012689,0.075111,-0.072496,0.003527,-0.024589,-0.025874,0.008795,0.023705,-0.000860,-0.004996,-0.000001,-0.055669,0.000583,0.001562,0.092246,0.006235,-0.002825,-0.006271,-0.023809,0.000515,0.000000,-0.002449,0.013933,-0.067954,-0.010975,0.003606,0.001621,-0.047297,-0.015673,-0.003828,0.039020,-0.003767,0.000000,-0.000281,-0.002432,-0.044064,0.000000,0.066709,-0.034540,-0.036527,-0.000118,-0.000977,-0.020071,-0.002674,-0.000120,-0.060394,0.076738,0.029958,0.000000,0.023818,0.000527,-0.002126,0.000000,0.018315,-0.020371,-0.056597,-0.035259,0.075370,0.047538,0.014071,0.003678,0.070879,0.047547,-0.043314,-0.020306,0.008637,-0.000569,-0.009902,0.005747,0.030284,-0.054354,-0.000717,-0.014539,-0.003099,-0.090170,0.006033,-0.072861,-0.006205,0.015106,0.002541,-0.012138,-0.082628,0.020418,-0.027220,0.000000,
0.030183,-0.004759,-0.066481,0.000883,0.053561,-0.062485,0.033534,-0.008753,-0.016511,0.014674,-0.076026,-0.042265,0.029966,0.032684,25.278101,-0.021481,-0.010499,-0.041396,0.089382,-0.046107,0.059215,0.058634,-0.057964,-0.031993,-0.090009,-0.032901,-0.000930,0.029329,0.004199,-0.003355,-0.010860,0.054767,0.028338,-0.016368,-0.048632,0.005087,-0.021914,-0.023489,0.020404,-0.000727,-0.063267,-0.028567,-0.006486,-0.059404,0.023778,0.027195,-0.035743,-0.003708,0.008487,-0.068168,0.027051,-0.021422,0.049656,0.021669,0.073852,0.082679,0.080737,0.013519,-0.072752,0.037578,-0.018469,-0.048348,-0.036453,0.049838,0.041296,0.043244,0.000182,-0.064149,-0.039243,-0.014258,0.042212,0.009152,-0.047245,0.038806,-0.023717,0.033646,0.025172,0.036645,0.013363,0.007433,0.020877,-0.004935,0.092866,0.018748,-0.008657,-0.007951,0.067942,-0.000000,-0.032173,-0.049453,-0.006845,-0.001512,0.003231,-0.054070,0.041221,-0.030472,-0.008281,-0.083274,0.036542,-0.027192,0.009431,0.060471,-0.002943,-0.001297,-0.034371,0.036610,0.045923,-0.007201,0.068989,-0.015167,-0.001871,0.043790,0.003774,0.017330,0.059528,-0.047199,-0.002581,0.002264,0.096952,-0.063882,0.041035,0.041209,-0.001279,-0.054264,0.048349,-0.031217,0.000485,0.024971,-0.043030,0.030205,-0.028460,0.050426,-0.090747,-0.061735,-0.002053,0.059441,0.000419,-0.014114,0.056659,0.052987,-0.005258,-0.060367,-0.045292,0.000000,0.023415,-0.001056,-0.014785,0.000000,0.014824,-0.008260,-0.041596,-0.070129,-0.033285,-0.075662,0.021305,-0.070111,-0.006468,-0.006594,0.062791,0.000000,-0.023741,-0.072654,0.011896,0.000000,0.023743,0.076486,0.053239,-0.004678,-0.050904,0.055239,-0.014620,0.016999,0.000478,-0.008503,-0.042631,0.002238,0.078455,0.086975,0.039701,-0.007321,-0.000165,-0.031729,-0.042139,0.037956,0.001361,0.027852,0.064427,-0.017427,-0.033041,0.025282,0.023504,-0.065387,-0.000273,0.002303,0.008982,0.000000,
0.000663,0.044625,0.012067,-0.029743,0.000713,0.025951,0.007477,-0.000020,-0.001065,-0.001156,0.024385,0.016479,0.001098,-0.031056,-0.021481,350.955748,0.059814,-0.036599,0.080560,-0.018498,0.038254,-0.055305,-0.001214,-0.083184,0.028557,-0.000494,-0.007497,0.061107,0.046402,0.000067,-0.004477,-0.003789,-0.002187,0.075260,0.008769,-0.060510,-0.001804,0.030208,0.020852,-0.028463,-0.088293,-0.013522,-0.051706,0.095154,-0.047234,-0.036953,0.039208,0.047605,0.033758,-0.000555,0.022803,0.006987,-0.048761,-0.012552,0.008242,0.000544,0.070038,-0.010270,-0.030286,0.001727,0.064482,0.011328,0.025917,0.009961,0.016362,0.001279,0.021207,0.057870,-0.090239,0.003842,0.084328,0.033495,0.017074,0.067193,0.020704,0.068863,-0.060820,0.060785,0.076477,-0.002155,0.001910,-0.019584,-0.017821,-0.011886,-0.006773,-0.011896,0.002143,0.020353,-0.094991,0.013887,-0.068175,0.001811,0.012258,0.000654,-0.048565,0.025428,-0.002934,0.096076,0.006311,-0.009375,0.000576,0.000021,-0.014817,-0.037846,0.075094,0.000801,0.002244,-0.011357,-0.000065,-0.028785,-0.012739,-0.007893,0.018873,-0.002231,0.078364,-0.047717,0.002829,-0.007323,0.000291,-0.018132,0.014156,-0.024051,-0.088090,0.000418,-0.048076,-0.086661,-0.015666,0.090975,-0.008012,-0.002132,-0.031539,0.002134,0.063932,0.005791,-0.013761,-0.000182,-0.003617,-0.022883,-0.001214,-0.011760,0.037147,0.015700,-0.007496,0.000000,0.030050,-0.003222,-0.025335,0.000000,-0.061309,-0.018256,-0.075083,0.097372,-0.042940,-0.008406,0.048764,0.097346,0.023973,-0.006917,0.007161,0.000000,-0.005485,-0.000793,-0.016099,0.000000,-0.004006,-0.025468,0.049094,-0.008843,0.071572,-0.003727,-0.037227,-0.030198,-0.001595,-0.001474,-0.018842,0.016816,-0.033168,0.092947,-0.007134,-0.009638,0.004419,-0.000007,-0.002887,-0.002699,0.042832,0.000361,-0.002329,0.013847,0.075381,-0.062026,-0.001913,0.001765,-0.094143,-0.016687,-0.049552,0.000000,
-0.068028,0.003778,-0.098634,-0.001544,0.058640,-0.053695,-0.038448,0.000033,-0.018212,-0.000482,0.000312,0.002428,-0.013319,0.000001,-0.010499,0.059814,100.698836,-0.026591,0.002121,0.059211,-0.074455,-0.024438,-0.019841,0.035340,0.021531,-0.018672,-0.033330,0.000021,-0.028595,-0.006348,-0.059882,-0.015724,-0.085922,0.079457,0.077796,-0.082529,0.053519,0.006996,0.063209,-0.004081,0.012285,-0.002368,-0.028778,0.008812,-0.086330,0.000266,-0.030014,0.000091,-0.021602,0.056883,-0.002020,0.074936,-0.002673,-0.001474,-0.020508,-0.085988,0.029524,0.001023,0.019529,-0.012398,0.027953,0.009852,-0.039763,-0.060799,0.045272,0.013212,-0.063314,-0.043423,-0.015241,0.005213,-0.007863,0.040692,-0.054751,0.008203,0.041456,0.051359,-0.057938,0.012949,-0.013110,0.005479,0.000820,-0.004380,0.039292,0.049129,-0.078220,-0.051595,-0.085711,-0.072208,-0.035363,-0.000318,0.059060,0.015588,-0.038455,0.004971,-0.014583,-0.089517,0.028365,0.017490,-0.044476,0.048187,-0.002217,0.004564,0.026342,-0.029095,0.096964,0.000111,0.068357,-0.045586,0.048015,-0.000816,-0.088305,-0.024725,-0.000278,-0.011243,-0.013733,0.016462,0.060027,-0.091750,0.019156,-0.043119,-0.002931,-0.080381,-0.036600,0.000566,0.046894,0.047222,-0.001359,0.000787,-0.020194,0.004078,0.027747,0.008499,0.010571,-0.000188,0.001952,0.038720,0.024229,0.013619,0.086706,-0.080897,-0.070279,0.008147,-0.009783,0.000000,-0.033603,-0.013716,-0.013960,0.000000,0.035726,-0.016873,-0.016138,-0.000986,0.073578,-0.007158,0.042633,-0.000941,-0.007090,0.041259,0.003576,0.000000,0.005817,-0.081759,0.066732,0.000000,-0.085293,0.011161,-0.016343,0.006917,-0.001085,-0.001236,0.054518,0.022054,-0.037740,-0.011724,-0.023273,-0.048059,-0.008309,0.002105,-0.031425,-0.051883,0.026127,-0.001871,-0.018958,-0.021230,0.034357,-0.003243,-0.000300,0.036991,0.061570,0.064953,0.001241,-0.001059,-0.003582,0.051701,0.095054,0.000000,
0.030178,-0.050188,0.063276,-0.049476,-0.000212,-0.067199,0.006068,0.017825,0.002156,-0.050108,0.002164,0.048530,-0.053232,0.006424,-0.041396,-0.036599,-0.026591,232.589113,-0.008364,-0.037897,-0.000456,0.001125,0.087230,0.000399,-0.016771,-0.049167,0.033036,-0.016708,0.004870,-0.027204,-0.006250,-0.005810,0.081126,-0.002590,0.008436,-0.049775,0.071436,-0.049438,-0.069818,-0.005271,0.000534,0.004497,-0.023939,0.002050,-0.031430,-0.043196,0.055076,0.049859,0.068542,0.003376,-0.099738,0.008557,0.055422,-0.009090,0.003502,0.005128,-0.082334,-0.000408,-0.048247,0.045255,0.002540,0.026666,-0.013151,-0.034599,0.051353,0.073954,-0.006542,-0.039952,-0.006943,-0.013280,-0.043925,-0.002214,-0.031912,0.000281,0.000000,-0.033876,-0.006600,0.094594,0.010882,-0.042632,-0.000507,-0.038933,-0.003033,-0.000893,0.000026,-0.001909,-0.059494,-0.011259,-0.034330,0.004180,-0.031220,-0.001282,0.046812,0.050604,-0.034338,0.028198,0.019133,-0.005154,-0.064584,-0.003688,-0.047258,0.004446,0.018911,0.031175,0.015220,0.040196,0.010579,-0.044007,0.052744,-0.002808,-0.000009,0.023908,-0.008479,0.000013,-0.021398,0.069285,0.029964,0.000514,-0.008478,0.002140,0.000654,-0.062949,-0.071154,-0.000398,0.023659,-0.017969,0.018825,-0.002664,-0.000042,0.001135,0.011138,0.002528,-0.000092,0.025757,-0.012881,-0.023586,-0.054142,0.005059,-0.002436,0.048587,0.012219,0.056945,0.006521,0.000000,0.003309,-0.085734,0.010329,0.000000,-0.028426,-0.023808,0.005898,0.000623,0.019012,-0.004320,-0.058294,0.000633,-0.056868,-0.065858,-0.006543,0.000000,0.002260,0.004257,-0.010508,0.000000,0.039802,0.008239,-0.047199,0.073446,-0.073950,-0.008415,0.046955,-0.018339,0.091798,0.000650,-0.001415,0.012187,-0.024950,-0.000478,-0.081508,0.000063,0.001034,0.023194,-0.083081,-0.002949,-0.012935,0.047944,-0.095992,0.058632,0.000146,-0.003216,0.092929,-0.002912,0.041100,0.038890,-0.001162,0.000000,
-0.009297,0.060779,0.022647,0.014285,-0.014017,0.070862,0.020293,-0.068306,-0.015356,-0.010113,0.021843,0.023290,0.005545,-0.004697,0.089382,0.080560,0.002121,-0.008364,1.864001,0.061051,-0.062152,0.055978,0.002299,-0.074546,-0.071355,0.020179,0.017184,-0.023981,0.046710,0.072919,0.009060,0.016181,0.046425,-0.055198,-0.004697,-0.007163,0.059413,-0.003256,0.003393,0.068737,-0.070656,0.052571,0.005259,-0.021109,-0.000611,-0.030700,-0.008741,0.008749,0.026141,-0.024892,0.000925,0.061052,-0.062388,-0.046142,0.017362,0.026454,-0.063046,0.080115,-0.003270,-0.028155,0.007006,0.003425,0.067432,0.038364,0.057386,0.017339,0.050693,0.015426,-0.025026,-0.018445,0.033573,0.014607,-0.043605,0.066918,0.035795,-0.042482,0.097936,-0.094668,-0.001751,0.065161,-0.012432,0.006112,-0.054878,0.075151,0.009598,0.020519,-0.001259,-0.014968,-0.035755,0.004567,0.024629,0.017687,0.084486,0.018824,-0.021513,0.072387,-0.051293,0.021146,0.006424,-0.011027,-0.047461,0.015118,0.032834,-0.024391,-0.086942,-0.038376,0.061040,-0.093034,0.082942,-0.015377,0.062584,0.091857,-0.050394,0.006376,-0.071853,-0.082347,-0.083328,-0.004344,0.012087,-0.026908,-0.071976,-0.066092,-0.031149,-0.007852,0.092217,0.008550,-0.037945,0.005427,-0.028008,-0.012436,-0.018554,0.070620,-0.014042,0.008945,0.018452,-0.021356,-0.013560,0.034997,0.070643,-0.068465,0.035595,-0.056194,-0.010836,0.000000,0.040845,-0.070125,-0.029874,0.000000,0.018329,0.019469,0.010112,-0.002388,0.029782,-0.033558,-0.008142,-0.002387,-0.010569,0.054282,0.041963,0.000000,0.001392,0.054320,0.020915,0.000000,-0.004382,0.030688,0.031285,-0.067506,0.041912,-0.082636,0.047316,-0.056936,0.021340,-0.038549,0.073770,0.059269,-0.009558,-0.032796,-0.045048,-0.081481,-0.012402,-0.022478,0.042028,0.002094,0.032700,-0.084431,0.057564,0.011922,0.001716,0.014557,-0.065593,0.007370,-0.026575,-0.002865,-0.077297,0.000000,
0.007008,-0.005339,-0.000134,-0.034911,-0.055888,-0.045016,-0.014870,-0.034383,-0.012730,-0.003371,-0.060889,0.005916,0.040682,0.003114,-0.046107,-0.018498,0.059211,-0.037897,0.061051,10.474668,0.004466,-0.039974,-0.083121,0.091476,0.027313,0.030170,-0.015505,-0.016071,-0.096256,-0.000529,-0.000516,0.000863,0.074199,-0.056859,-0.019152,-0.001581,0.045512,-0.003976,0.078028,0.026599,0.002708,-0.011485,-0.049580,-0.025904,-0.040797,-0.058929,0.049094,-0.019863,0.065154,-0.052607,-0.036518,0.019967,-0.077891,0.081054,0.022640,0.028264,0.006432,0.002279,-0.042987,0.016898,0.001592,0.056473,0.091912,0.076522,0.015659,0.018082,-0.000194,-0.010065,-0.010935,0.003987,-0.005608,0.012452,-0.029634,0.002976,-0.014860,-0.046993,-0.035649,0.094341,0.058015,0.025866,-0.077822,-0.024104,0.022998,0.000353,-0.003498,0.086707,0.068350,0.014470,0.092597,-0.012254,-0.020118,-0.001689,0.049709,0.002218,0.032782,-0.084655,0.008578,-0.031085,0.035701,-0.016085,0.078583,-0.000008,-0.022443,-0.049809,0.002233,0.040528,0.001403,0.035515,-0.021886,-0.011156,0.079223,-0.006508,-0.027861,0.047865,0.065182,-0.050503,0.006043,-0.002389,-0.025182,0.086163,0.075243,0.063128,0.005904,0.023703,0.005207,-0.097158,-0.024912,0.036883,-0.018106,-0.025888,-0.007261,-0.024243,-0.033898,0.010282,0.036019,0.004078,0.014691,0.008718,-0.028947,0.067517,0.003735,0.019946,-0.091090,0.000000,-0.003596,-0.098049,-0.023296,0.000000,-0.053684,0.077189,0.002400,0.043289,0.047837,-0.088783,-0.081419,0.043278,0.067396,0.099476,0.091833,0.000000,-0.025061,-0.050699,-0.037053,0.000000,0.005262,0.024729,-0.039707,-0.032678,0.006056,-0.001162,-0.029111,0.032739,0.014357,0.034280,0.014289,0.038203,-0.014456,-0.066902,0.052759,-0.060784,-0.050715,-0.020820,-0.003113,0.009108,0.001773,0.029062,0.016930,-0.095614,0.083571,0.000000,-0.002666,-0.093351,-0.057447,-0.076442,0.030080,0.000000,
0.043100,0.078232,0.002596,0.039433,-0.072946,0.053161,0.023653,0.029225,0.000622,0.045216,0.034163,0.016973,0.000204,-0.073609,0.059215,0.038254,-0.074455,-0.000456,-0.062152,0.004466,30.443414,-0.000639,-0.077419,-0.010942,-0.047083,0.012860,0.008652,-0.036040,-0.028320,-0.000663,0.048956,-0.011635,-0.007573,-0.020718,0.000075,-0.009235,-0.073822,0.012399,-0.011682,-0.089985,0.006271,0.000000,0.025463,0.031220,0.027813,0.001085,0.036282,-0.010991,0.021091,-0.027836,0.079041,0.012837,-0.035614,-0.015210,-0.000080,0.089722,-0.007293,-0.061955,-0.021173,0.003035,0.019059,0.027873,0.080975,0.030595,-0.036740,-0.057083,-0.053590,-0.046208,-0.000003,0.000337,-0.020946,-0.006107,-0.053051,-0.011752,-0.001848,0.007399,0.072912,0.047724,-0.091367,0.003690,0.017159,0.007927,0.022802,-0.012642,-0.000482,-0.000514,0.005541,-0.004549,0.023010,0.048263,-0.066691,0.003137,0.001955,-0.040411,-0.073010,-0.077474,0.012574,0.064738,-0.038552,-0.022744,-0.012096,-0.009069,0.005504,0.017518,-0.021205,0.013832,-0.025315,-0.050430,0.005321,-0.006623,-0.046467,0.077464,0.020856,-0.090978,0.099086,-0.027828,-0.055769,0.005289,0.055984,-0.087698,0.024907,-0.072800,0.014431,-0.035478,0.012671,-0.049540,0.001871,-0.000001,-0.006268,-0.000612,0.008095,-0.002228,0.001981,0.061201,0.016677,-0.075731,-0.061215,-0.014971,-0.009830,0.002833,-0.000270,0.018922,-0.000710,0.000000,0.002238,-0.002691,-0.023015,0.000000,0.018932,0.040694,0.001690,-0.065407,0.070198,-0.003628,0.034345,-0.065389,-0.016281,-0.013933,0.093125,0.000000,-0.000426,0.030948,-0.021628,0.000000,0.000205,-0.014811,0.028776,-0.018894,-0.075687,-0.006398,-0.043109,-0.059119,-0.013755,-0.006597,0.057862,0.027478,-0.007531,0.007628,-0.095196,0.079043,-0.002268,0.000158,0.030571,-0.057596,0.046165,-0.000037,-0.004532,0.001640,0.095952,0.004585,-0.050756,-0.019658,-0.068508,-0.093959,-0.014163,0.000000,
