13315.049270,-0.000634,0.071549,-0.037278,0.021451,0.000035,-0.079866,-0.034914,-0.071104,-0.038361,0.063256,-0.054202,0.005193,-0.000846,0.038218,-0.084330,-0.000223,0.000007,0.000286,-0.055358,-0.001160,-0.001152,0.001873,-0.000000,0.007102,-0.000000,-0.079389,-0.000642,0.000156,0.092077,-0.020395,0.005658,0.001001,0.031097,0.043276,-0.017867,-0.060677,0.004724,0.003477,0.002206,0.072089,-0.027723,0.010356,-0.068182,-0.009138,-0.005132,-0.055890,-0.039730,0.005760,-0.000056,-0.011387,0.017358,0.000041,0.018657,0.001189,-0.003362,0.004564,0.010453,0.069664,0.043009,-0.003770,0.036663,-0.075010,-0.013407,-0.000026,0.006801,-0.000349,0.062986,0.080579,-0.044781,-0.077263,0.002663,-0.050428,-0.001022,-0.006973,-0.003941,0.000035,0.004922,-0.091768,0.059286,0.000152,0.000014,-0.003102,0.035596,0.076346,-0.011435,-0.005471,0.083234,0.008018,-0.009694,-0.050483,0.004862,0.048095,0.004877,0.017349,0.000606,-0.022780,-0.012741,0.000588,-0.083409,0.001050,0.009795,0.091328,-0.060619,0.019464,0.070514,0.019421,0.020435,-0.082626,0.078661,-0.044825,-0.049663,-0.026693,-0.002997,-0.022581,-0.061274,0.053380,0.076972,0.000000,0.061912,0.020878,-0.039693,-0.054972,0.055074,-0.012813,-0.000125,-0.005633,-0.069584,-0.054074,-0.000040,-0.002299,-0.000049,-0.002109,-0.009206,-0.067241,-0.003418,0.040165,-0.019346,0.013939,-0.083995,0.023315,-0.011148,0.000961,-0.064016,-0.060282,0.034485,-0.042287,0.066318,-0.003151,0.063828,-0.000851,0.001959,-0.004510,0.000125,0.006858,-0.045150,-0.000466,-0.053571,-0.091188,-0.006822,0.092166,0.000035,-0.045082,0.000196,-0.003525,-0.000149,0.029081,-0.001436,0.001427,0.000453,0.001700,-0.003388,-0.000007,0.024381,0.087158,-0.097077,-0.090502,-0.020525,-0.015752,-0.014374,-0.000153,0.000066,-0.007095,-0.003752,0.001844,0.000840,-0.062832,0.046075,-0.000501,-0.000330,-0.018796,-0.079168,0.019403,0.000221,-0.014859,-0.009122,
-0.000634,893.690851,0.044868,0.032281,-0.000033,-0.093891,0.004086,0.077432,0.057245,-0.007990,0.029557,0.020908,0.001526,0.038306,-0.079641,0.050774,0.013950,0.000006,-0.006035,0.000322,-0.079161,0.000113,0.001268,-0.014168,0.000796,-0.000654,-0.001646,0.083783,0.000548,0.000649,-0.000196,0.003528,0.005510,-0.061262,0.052404,-0.020478,-0.064287,-0.065174,-0.014263,0.007169,0.028277,-0.005529,0.019508,-0.010345,-0.029622,0.020426,0.032907,0.000868,-0.000028,0.033598,-0.000650,-0.060777,0.023996,0.000018,-0.052646,-0.005135,-0.001038,-0.000412,-0.017003,-0.001526,-0.036682,-0.051256,0.024716,0.036824,-0.042124,-0.000214,0.051387,0.024539,-0.053295,0.020218,-0.000000,0.003437,0.009499,0.000073,0.000490,-0.040195,0.089181,0.000582,-0.059926,-0.085870,0.000927,0.000585,0.032028,0.083989,-0.002307,-0.010197,-0.000100,0.013551,-0.037586,-0.026857,0.012056,-0.006710,0.046991,-0.012587,0.009977,0.037918,-0.004043,-0.000753,-0.018731,0.035421,-0.000349,0.035973,-0.018161,-0.028496,-0.000192,-0.006742,-0.004150,-0.002010,0.085056,-0.001396,-0.044154,-0.009630,-0.008360,-0.005423,-0.038619,0.016645,0.003906,-0.030672,-0.023424,-0.056094,-0.007215,-0.025805,-0.003993,0.027348,-0.020170,0.000698,0.071386,-0.040081,0.013865,0.003493,-0.004208,0.083561,0.000330,-0.009419,0.025062,0.009493,-0.000603,0.000028,0.065287,-0.025684,0.002358,0.062406,0.033556,-0.048832,-0.018367,-0.023023,0.050696,0.040032,-0.000362,0.027527,0.001895,0.002936,-0.001973,0.000012,-0.003511,-0.080311,0.015108,0.000506,0.013360,-0.000366,0.003030,-0.006512,-0.009933,0.010345,0.000594,0.007151,0.051382,-0.000044,-0.000048,0.029634,-0.005719,-0.058224,0.006100,-0.013177,0.071509,-0.056784,0.007287,-0.000775,0.095289,-0.024735,0.018698,0.000232,0.043091,0.016847,0.000656,0.008998,0.084268,-0.000519,-0.023802,-0.019877,0.014945,0.012013,0.001879,-0.050276,0.003299,0.005593,
0.071549,0.044868,27.272540,0.008223,-0.022050,0.038323,0.019941,-0.056727,-0.068193,-0.002881,0.007496,0.004995,-0.000942,-0.010599,-0.018960,0.055312,-0.041730,0.000881,-0.060892,0.050258,0.018251,0.033277,-0.000000,-0.001904,-0.026917,-0.000668,0.001132,0.008558,-0.048722,-0.017088,0.029674,-0.000330,0.001652,-0.026323,0.011635,0.000380,-0.026252,-0.002909,-0.008406,-0.026223,0.009136,0.024863,0.011980,-0.043178,0.033268,0.078828,0.052827,0.001393,-0.015661,0.000221,0.032970,-0.060383,0.014873,-0.089317,0.007700,-0.028214,-0.015145,-0.008026,-0.037161,-0.033560,-0.023387,-0.047371,0.020363,-0.034831,-0.013725,-0.005460,0.025861,-0.096069,0.040965,-0.011114,-0.055014,-0.076301,0.018371,0.060944,0.000570,0.049416,0.001007,0.035993,-0.017732,-0.008853,-0.003074,0.017218,0.006709,-0.041015,-0.014200,-0.018195,-0.001263,0.091759,-0.038772,-0.019319,-0.000459,0.002345,0.000441,-0.028625,0.068895,-0.046993,0.000149,-0.062554,0.089538,-0.034288,0.000992,0.022585,0.029802,-0.068774,0.009352,0.023043,0.033684,-0.023812,-0.001275,0.089780,0.052849,-0.010068,0.042359,-0.013955,-0.013669,-0.016706,0.016318,0.005144,0.000474,-0.021149,-0.001356,0.062534,-0.044110,0.035523,-0.059287,0.098336,0.026296,0.050732,0.065662,-0.008669,0.024291,-0.072014,-0.003104,-0.006553,-0.001030,0.007594,0.019047,-0.005486,-0.024648,0.007782,0.030691,-0.075039,0.099970,0.060952,0.000075,-0.024850,0.086419,-0.054654,-0.004111,-0.002825,0.017661,0.074052,0.037268,0.006132,-0.030878,0.099627,0.003999,-0.000135,0.079959,0.000437,0.008244,-0.085547,-0.066082,-0.000533,-0.057442,0.020089,-0.035748,-0.003953,0.012898,0.007549,-0.000328,0.020703,0.025531,-0.037808,0.000575,-0.014375,0.023835,0.039662,0.063064,0.004074,0.042978,0.004640,-0.001943,-0.015299,0.015705,0.005033,-0.018007,0.037083,0.072642,0.040382,0.030154,-0.046685,0.016245,0.070199,0.053205,0.056214,
-0.037278,0.032281,0.008223,84.647381,-0.048136,-0.008465,0.025024,0.099016,0.058099,0.002020,-0.025728,-0.029458,0.000156,-0.001396,0.060854,0.010217,0.002339,-0.076082,0.001782,0.003758,-0.009961,0.002840,-0.044834,0.000957,-0.037705,0.003694,0.058534,-0.002084,0.006659,-0.000013,0.007971,-0.009296,-0.000807,0.067361,-0.080625,-0.013378,-0.035017,0.009208,-0.004051,0.059243,-0.014560,0.006125,0.074752,0.023592,0.005596,-0.003548,-0.088161,0.018592,0.003062,0.003167,-0.043296,-0.060042,0.035661,-0.006053,-0.029801,-0.023322,0.087076,0.025876,-0.008962,0.011079,-0.062187,0.024759,-0.071862,0.057648,-0.078465,0.000123,-0.038085,-0.014182,-0.026094,-0.000924,-0.034932,0.004536,-0.051425,0.000126,-0.025607,0.036060,0.067317,-0.000286,0.042063,0.021578,-0.003202,-0.073631,-0.063288,0.094653,-0.002917,0.025102,-0.011618,-0.005680,-0.051270,-0.058032,-0.050579,-0.068346,-0.000847,0.047800,0.091142,-0.063404,0.059838,-0.019744,0.028206,0.003068,0.038772,0.026976,-0.086374,0.048850,0.005154,0.084990,-0.041554,0.060706,-0.001516,-0.047768,-0.078868,-0.051990,-0.032268,-0.010695,-0.041168,-0.062436,0.011755,-0.028910,0.027990,-0.009458,0.011910,0.041733,-0.001431,-0.006770,0.023783,-0.005162,0.023218,0.020201,-0.010584,-0.001583,-0.030299,0.088198,0.008117,-0.059478,-0.045085,-0.084463,-0.007518,0.004632,0.022357,-0.000092,0.000512,-0.002061,-0.051811,0.002303,0.079054,-0.019902,0.095987,0.012562,-0.010648,0.074624,-0.093387,-0.011699,0.000159,0.007154,-0.076474,-0.009279,-0.034597,0.007333,-0.057328,-0.000489,-0.034246,-0.047349,0.035828,0.000214,0.002857,0.002419,-0.016554,0.007244,-0.015617,0.001896,0.065191,0.007370,0.039005,0.093067,0.007672,0.012796,-0.018794,0.000045,-0.011122,-0.055382,0.000086,0.000174,-0.024162,-0.040336,-0.089648,-0.015779,0.001172,-0.041651,0.000001,0.000013,0.066782,-0.040811,0.001999,-0.002319,-0.000443,-0.005376,
0.021451,-0.000033,-0.022050,-0.048136,436.222139,0.053022,-0.040167,-0.044373,-0.053640,0.000408,0.007783,0.004342,0.000869,-0.000753,0.014517,-0.002006,-0.000818,-0.003014,0.012690,0.069697,-0.000712,0.000429,-0.002056,0.090100,-0.029672,-0.000071,-0.055733,0.020096,0.030400,-0.014055,-0.032690,0.017432,0.002790,-0.015095,0.009785,-0.085207,0.086121,0.034171,0.004596,0.043874,0.038203,0.037435,-0.078040,0.087296,-0.000138,-0.024676,0.009923,0.002357,0.054967,-0.010179,-0.027971,-0.066186,0.009511,0.012552,0.000699,-0.022242,-0.000035,0.044012,-0.026242,-0.045965,-0.064313,0.026442,0.002085,0.033476,0.038842,-0.000095,-0.000026,0.008539,0.010117,-0.002679,0.058178,-0.030515,0.014341,0.032488,0.002045,0.033003,0.074544,0.007607,0.000507,-0.060311,-0.010697,-0.000401,0.067564,-0.036538,-0.079612,-0.000093,-0.001269,0.064372,-0.042790,0.016872,-0.011512,0.001913,0.093807,0.020195,0.012576,-0.082241,-0.000990,-0.092436,-0.003294,-0.024284,0.001271,-0.017011,-0.000000,-0.029495,-0.000690,0.029506,-0.028034,0.020203,0.048863,0.002876,-0.016212,-0.044320,0.053176,0.007850,0.045374,-0.006111,-0.000300,-0.049711,0.012216,-0.005950,0.016682,-0.037054,0.024699,0.063953,-0.026523,0.013984,-0.013563,-0.011628,0.017855,-0.011883,-0.003856,0.010831,0.015625,0.003044,0.008738,-0.019878,0.002228,0.052876,0.010569,-0.001960,0.066918,-0.004340,0.052627,-0.001223,-0.000465,-0.059803,-0.094857,0.002116,-0.022246,0.006184,-0.000026,0.072289,-0.076312,-0.000008,0.000555,-0.042306,-0.000846,-0.000955,0.042996,-0.026899,-0.000015,0.000142,-0.016740,-0.083350,0.033991,0.001338,0.009737,0.091385,-0.070327,0.046675,-0.053876,0.000452,0.000227,0.073151,-0.046199,0.009286,-0.019501,-0.000143,0.088356,0.000823,0.003045,-0.001057,-0.018467,-0.033105,0.000089,-0.001585,-0.043522,-0.003619,0.000012,0.053396,-0.015312,0.010215,-0.002388,0.000247,-0.015123,-0.000065,
0.000035,-0.093891,0.038323,-0.008465,0.053022,110.667407,0.004367,0.032189,-0.027536,-0.009776,0.021810,0.001817,0.000330,-0.022437,0.002494,0.002174,-0.002447,-0.055490,0.000046,0.000077,0.027964,0.010490,-0.041644,-0.005909,-0.081261,0.066089,0.025909,-0.023710,0.071110,0.004387,0.055373,0.011597,-0.050851,0.059020,-0.055273,0.022871,0.011327,-0.090582,0.000195,0.026065,0.019821,-0.000556,0.022343,-0.023023,-0.014107,0.065774,-0.097818,0.025279,0.033299,0.033079,0.001636,0.035351,-0.092538,-0.009442,0.003586,-0.006982,-0.051913,-0.021223,0.067075,-0.045851,0.058777,0.027462,-0.085343,-0.048084,-0.009518,0.054508,0.089509,0.032498,-0.030633,-0.067414,-0.010148,-0.004195,-0.000018,0.018020,0.017116,-0.025137,0.000026,-0.067110,0.001060,0.000000,0.004113,0.002482,-0.023432,0.000495,0.001022,0.000150,0.052034,-0.001959,-0.007464,-0.005632,-0.000811,-0.004113,0.048669,0.017201,-0.033543,-0.025972,-0.003231,0.001282,0.005162,-0.065090,0.003384,0.004442,0.001245,0.006864,-0.016164,0.003797,0.005035,0.042481,0.002021,-0.017601,0.029048,0.073660,-0.046228,-0.008558,0.004569,-0.024929,-0.039193,0.042545,0.027978,-0.025340,-0.024063,-0.007331,-0.002337,-0.045389,0.085313,0.001731,0.005701,-0.028785,0.006427,0.043515,-0.062182,-0.042582,0.026741,-0.023286,-0.018282,0.081701,0.029010,-0.016926,-0.001122,0.000194,-0.028998,0.054401,-0.000038,-0.004074,-0.004752,0.031049,0.016562,0.014925,-0.007881,0.083318,-0.044297,0.006250,0.020435,0.025489,0.046434,0.010995,-0.032442,-0.004047,-0.055462,0.004155,-0.001963,-0.068008,-0.009833,0.048790,-0.004355,-0.012233,0.045635,-0.027229,-0.037089,0.041285,-0.028073,0.019529,-0.057086,-0.098711,-0.016494,0.044647,0.052327,0.058905,0.097429,-0.072599,0.009768,-0.004878,0.091167,-0.007702,0.000720,-0.028752,-0.001294,-0.053503,-0.006280,0.053272,-0.014216,0.009349,-0.001145,0.000805,-0.016115,0.004885,
-0.079866,0.004086,0.019941,0.025024,-0.040167,0.004367,5.730507,0.019549,0.017328,-0.074429,0.049433,-0.062381,-0.069730,0.011954,-0.017991,-0.029129,0.012172,-0.072556,0.002496,-0.017784,0.025189,0.051532,0.046899,-0.013237,0.088779,-0.006700,0.016995,-0.017618,-0.049802,-0.090645,-0.023224,-0.055746,0.064973,-0.014109,-0.022426,0.036617,0.022039,-0.000128,0.037799,0.022996,-0.097025,-0.025103,0.002056,0.019452,0.041582,0.013875,0.008283,-0.039292,-0.047127,-0.001388,-0.025108,0.045258,-0.080967,-0.017304,-0.035000,0.023943,-0.017528,0.002069,0.001230,0.041935,0.009814,0.047495,-0.041222,0.015583,0.085793,0.057305,-0.058744,0.022674,-0.004270,-0.036658,0.010391,-0.081630,-0.060120,0.008342,0.040268,-0.004018,0.097987,0.032447,0.029427,0.025396,0.067945,-0.016569,-0.019298,0.016260,0.075023,-0.032717,0.081390,-0.014853,-0.006878,-0.005870,-0.093435,-0.014573,-0.039960,-0.020925,-0.002012,0.020159,-0.077950,0.008099,-0.030184,0.049663,0.018230,-0.079159,0.001038,0.055339,-0.063097,-0.007453,0.057978,-0.004111,-0.011081,0.004271,-0.022142,0.035461,-0.037152,-0.003960,-0.048867,-0.018430,0.017537,0.023101,-0.022078,0.057858,0.038592,-0.044209,-0.022798,0.059841,-0.078835,0.073835,0.078599,0.006731,0.021763,0.067365,-0.012503,-0.004083,0.023574,0.018604,0.038999,0.005842,0.015416,-0.043713,-0.084750,0.004690,0.091428,-0.004810,0.030319,-0.016144,-0.010585,-0.066943,0.025921,-0.095523,-0.012808,0.035374,0.001210,0.058260,-0.011320,-0.058943,0.008074,0.033629,-0.005065,-0.002333,0.045462,-0.050797,0.067889,-0.087440,0.035359,-0.041353,0.019076,0.086118,-0.054007,0.002068,0.029958,-0.019745,-0.033779,0.013362,0.063895,0.054101,-0.059416,0.024559,-0.078004,-0.086193,0.018129,-0.012848,-0.012949,-0.005664,-0.018152,0.049938,0.002431,0.059769,-0.029842,0.046701,-0.042831,0.026096,-0.072125,0.031259,-0.000837,0.051684,0.002592,-0.027318,
-0.034914,0.077432,-0.056727,0.099016,-0.044373,0.032189,0.019549,0.291017,0.039971,0.015971,0.029773,-0.041873,0.061335,0.022897,-0.042442,0.022426,0.038742,0.006989,0.025725,0.048052,-0.012638,-0.069670,0.023220,-0.023126,-0.027139,0.039391,-0.008896,-0.085685,-0.051724,0.036089,-0.071918,0.020083,-0.044329,0.024712,0.061716,-0.042188,-0.026437,-0.038137,0.033829,0.067281,0.034109,-0.039672,-0.094667,-0.014217,-0.017522,-0.033070,0.054277,0.048043,0.018464,0.012737,-0.000320,-0.031338,-0.018483,-0.049547,0.001817,-0.035195,0.002503,0.013473,-0.037662,0.007767,-0.024371,0.088589,-0.035111,0.014915,0.039604,0.042712,-0.096711,-0.076153,0.041289,0.044735,-0.061961,0.018396,-0.066450,-0.090499,0.041573,-0.061876,-0.012007,0.033981,-0.038283,0.008906,0.035423,-0.030218,0.070181,0.027411,0.030201,-0.001663,-0.002356,0.072865,-0.042482,-0.001502,0.013898,0.030781,0.060130,-0.012211,-0.015723,-0.025966,-0.016304,0.044724,-0.033472,0.022319,-0.063448,-0.042611,-0.026301,-0.034763,-0.037701,0.014235,-0.053791,0.047266,-0.050995,-0.002162,-0.008041,0.062835,0.029266,-0.023675,-0.034635,0.043364,0.038460,-0.067531,-0.025806,0.054347,0.086001,0.018279,0.015886,-0.048660,0.018083,0.048294,-0.047640,-0.045004,-0.084027,0.090520,-0.022030,-0.049313,0.008007,0.039810,-0.040890,-0.053146,0.013535,0.055364,-0.020578,-0.000064,0.033147,-0.071328,-0.026825,0.023690,-0.002776,-0.029900,-0.040787,0.047167,0.006939,-0.014098,-0.000075,-0.002231,-0.000494,-0.001344,0.015560,0.083743,0.001686,-0.027507,-0.049061,-0.037439,0.051519,0.048407,-0.055615,0.052505,0.003933,0.090594,0.008655,0.078712,0.011240,-0.080359,0.044622,0.012716,0.074265,-0.060273,-0.064276,0.075832,0.026344,-0.005806,0.026441,0.005007,-0.081701,0.017902,0.017080,0.051093,0.021939,-0.035156,0.048631,0.028698,0.034736,-0.035181,-0.007711,0.007633,-0.029258,-0.025242,-0.001108,0.050221,
-0.071104,0.057245,-0.068193,0.058099,-0.053640,-0.027536,0.017328,0.039971,6.267772,-0.095112,0.003205,-0.002020,-0.087122,-0.023337,0.036897,-0.047984,0.045916,-0.003088,-0.015168,0.012739,-0.041089,0.052862,0.080869,-0.002486,0.045280,-0.033957,-0.076264,0.018082,0.002113,-0.079066,0.025683,-0.054700,-0.042559,-0.045120,0.041934,-0.035837,-0.004616,-0.033335,-0.034309,0.023425,-0.022308,-0.086329,0.078873,0.059162,0.088433,0.029815,-0.086553,-0.025088,-0.053881,-0.029440,-0.037779,0.030303,-0.009809,-0.032478,-0.017804,0.008219,0.067379,-0.052701,0.046168,0.026430,-0.090830,-0.055841,0.046722,-0.053867,0.090600,0.027202,0.023175,-0.092768,-0.030980,-0.053022,-0.007135,-0.025865,-0.033406,0.025277,-0.070100,-0.058164,0.000886,0.024154,-0.011018,-0.039511,0.016941,0.002538,-0.055221,-0.000777,0.027445,0.014124,-0.035293,-0.000000,-0.056047,0.033367,0.065625,0.012704,-0.094575,0.022955,-0.031313,0.011870,0.069813,0.000697,0.014009,-0.047523,0.062298,-0.013900,-0.019851,-0.075924,-0.062635,-0.064582,0.005301,-0.004748,0.026777,-0.002231,-0.026194,0.035901,-0.039043,0.011828,-0.063018,-0.044161,0.042263,-0.011361,-0.046581,0.035045,-0.021891,0.041976,-0.004713,0.067017,-0.001307,-0.044387,-0.021961,0.002331,-0.021164,-0.000611,-0.012072,0.002036,-0.005046,0.076520,0.094161,0.005301,0.031358,0.000224,-0.025123,-0.006119,0.033534,0.005152,0.006630,-0.050423,0.037205,0.007255,-0.007134,-0.043113,-0.030543,-0.031783,-0.018005,0.024902,0.034399,-0.069500,-0.016483,0.035395,-0.014529,0.062844,-0.002656,-0.005635,-0.027733,0.090568,0.023710,-0.072928,0.003199,0.038573,-0.001766,0.000720,-0.063280,0.097895,-0.001622,0.048738,0.081670,0.033916,0.045873,-0.049398,-0.035800,0.045387,0.021785,-0.045050,0.016314,0.014399,0.009114,-0.042848,-0.045622,0.080651,0.063288,0.065188,0.017122,0.015433,0.056680,-0.004988,0.028916,0.043955,-0.080591,0.008295,
-0.038361,-0.007990,-0.002881,0.002020,0.000408,-0.009776,-0.074429,0.015971,-0.095112,8730.517574,0.060662,-0.033263,-0.003920,-0.018389,0.013830,-0.011187,-0.005320,-0.000208,0.001348,-0.013208,-0.000163,0.000096,-0.001295,0.000069,0.030510,-0.021446,0.013060,-0.077524,-0.000077,0.002126,0.087566,0.092035,-0.080771,-0.051214,0.022255,-0.022335,0.067758,0.048825,-0.096306,-0.007651,0.098705,-0.000727,0.008914,-0.003312,-0.000082,0.001638,0.029572,-0.009297,-0.001859,0.001370,0.066883,0.024815,0.000087,-0.016256,-0.005928,-0.000748,-0.052747,0.019203,0.017582,-0.015148,0.059290,-0.012535,0.045585,0.001037,0.011432,0.030700,-0.014415,0.021389,-0.040326,0.000004,-0.074255,0.001605,0.081375,-0.027126,0.013145,-0.039543,0.009336,0.019709,-0.026281,0.001789,0.000863,-0.000003,0.068862,-0.055108,0.064445,-0.023099,-0.003702,-0.027160,-0.000020,0.056741,0.012043,0.021043,-0.004019,0.006602,-0.010604,-0.010237,0.050571,0.002959,0.012546,-0.041079,0.007189,-0.029370,0.024025,-0.075998,-0.000039,-0.001888,0.064429,-0.085568,0.058664,-0.000429,0.000263,0.017753,-0.000260,-0.036055,0.002927,0.024302,-0.002740,0.010263,-0.011638,0.021599,-0.013568,0.042579,-0.093811,0.051504,0.067227,0.000028,-0.009168,0.021105,-0.001729,0.002679,-0.007239,0.003501,-0.012091,0.000385,-0.054837,-0.005035,-0.009655,-0.052293,-0.042033,-0.093321,-0.008651,-0.007880,-0.043518,0.023862,0.059215,-0.022808,-0.002594,-0.056676,-0.000824,0.031643,0.005021,0.070460,-0.000115,0.000004,-0.000170,0.010499,-0.000242,-0.000035,-0.039823,0.068466,0.001354,0.001083,0.006811,-0.008106,-0.002975,0.004709,-0.050624,-0.028549,-0.000003,-0.024604,-0.008924,0.027327,0.003085,-0.009768,-0.004476,-0.007697,-0.072883,0.011182,-0.006423,-0.028429,0.018112,0.001676,-0.014124,-0.012831,-0.000047,0.003500,0.000286,0.067678,0.005864,-0.035522,0.080582,-0.024312,-0.000595,-0.014323,-0.057535,0.032178,
0.063256,0.029557,0.007496,-0.025728,0.007783,0.021810,0.049433,0.029773,0.003205,0.060662,26.852184,-0.004650,-0.001213,-0.021645,0.010841,0.000493,0.000163,0.001295,-0.001726,0.040706,-0.000053,-0.007894,-0.001361,0.000302,-0.053523,-0.027938,0.002468,0.032988,0.018982,-0.095540,-0.005978,0.046581,-0.071868,-0.000287,-0.023220,-0.035564,-0.090791,-0.033326,0.058789,0.047933,-0.013854,0.027064,-0.019699,-0.000000,-0.002077,-0.007619,0.000093,0.003993,0.024814,0.057122,0.007640,0.045996,-0.016873,-0.002056,0.030827,-0.048213,-0.066606,0.011713,-0.000073,-0.003551,0.030924,-0.011362,0.024974,-0.000028,-0.001103,-0.074040,0.012678,-0.003505,-0.052562,-0.047813,-0.043244,-0.061826,-0.078573,0.048763,0.040964,-0.038020,0.048519,0.001356,0.005255,-0.002122,-0.031317,-0.056587,0.052707,0.004529,0.096675,0.042093,-0.046218,0.050651,-0.028551,-0.019572,-0.021309,0.081565,-0.084399,0.066170,0.079383,-0.038267,0.067569,0.033103,-0.091765,0.001430,-0.033470,0.037237,-0.015770,-0.066147,0.018867,0.011239,-0.040551,0.001404,0.035557,0.015019,-0.040759,-0.052883,-0.036760,0.041040,-0.035112,-0.003997,0.022447,-0.008925,0.081206,0.015689,0.001099,0.069175,-0.002460,0.089313,0.071864,-0.013663,0.025163,0.032428,-0.067619,0.083116,-0.003605,0.030930,0.000206,0.094622,-0.073262,0.044684,0.032211,-0.001587,-0.015968,0.009183,-0.003986,0.036934,0.040775,-0.057206,-0.009777,0.080672,-0.010483,-0.000838,0.032210,-0.095502,-0.049231,0.002323,0.081672,-0.000292,-0.030217,-0.024570,-0.009702,0.079168,-0.000113,0.000158,0.079920,0.036299,0.024867,0.002143,0.088855,0.057593,-0.089026,-0.045377,0.000044,0.016782,-0.000557,-0.006576,-0.035073,-0.071529,-0.080554,0.006941,-0.002950,0.077229,-0.017501,0.034408,-0.012924,0.025486,-0.085493,-0.036484,0.000799,-0.029570,-0.086557,0.007476,0.045863,0.024762,0.046205,0.069548,-0.017883,-0.037680,-0.034129,-0.001226,
-0.054202,0.020908,0.004995,-0.029458,0.004342,0.001817,-0.062381,-0.041873,-0.002020,-0.033263,-0.004650,17.107133,-0.060583,-0.029299,-0.085206,-0.064091,0.014698,-0.081680,0.004675,0.001031,-0.003569,-0.019902,-0.002523,0.003376,-0.000345,-0.002707,0.017454,-0.056755,0.004128,0.004140,-0.061993,-0.034629,-0.006636,0.007728,0.009748,0.004669,0.001271,-0.003175,-0.005189,0.019908,-0.088937,-0.016984,0.002974,0.018541,0.001122,-0.054172,0.055366,0.004824,-0.011712,-0.092036,0.003802,-0.013065,-0.000938,-0.007323,0.012174,0.005160,0.083410,-0.000582,-0.046830,-0.079180,0.042106,0.004802,0.065771,0.098977,0.052146,-0.013884,0.000000,-0.031906,0.012848,0.096868,0.063408,-0.001511,-0.000788,-0.096595,-0.037827,0.028794,-0.000250,0.002012,-0.003087,-0.025634,0.007781,0.081247,0.011409,0.049775,0.006959,0.012965,-0.056775,-0.020359,-0.053397,0.010619,-0.037934,0.054073,-0.004228,-0.001696,-0.027389,0.022050,0.023570,-0.003409,0.009076,0.000487,-0.016153,0.065550,0.011538,0.047948,-0.000295,0.079832,0.002273,-0.007972,0.071854,-0.009784,0.000771,0.029961,0.000259,-0.034957,-0.076643,-0.055493,-0.058021,0.040131,0.035285,-0.019036,-0.000356,0.006766,0.023124,-0.006044,-0.017883,0.023118,0.040513,-0.061901,-0.056420,0.065443,-0.033135,-0.075454,0.001464,-0.011245,0.007070,0.041736,0.089800,0.003312,-0.023446,-0.049719,0.054779,0.006594,0.043511,-0.074328,-0.000402,0.009646,-0.006504,0.027917,-0.015057,-0.020772,-0.003629,-0.075186,-0.043131,-0.038244,-0.020360,-0.048637,-0.063210,-0.004854,-0.079372,-0.078574,-0.094987,-0.074417,0.006972,0.022277,-0.000004,0.015258,0.077665,-0.000550,-0.013165,0.082999,-0.003340,-0.009055,0.013599,-0.010589,0.085988,0.070353,0.002848,0.013989,-0.088338,-0.006600,0.001401,-0.040349,0.000970,0.016057,0.000848,-0.008835,0.000114,-0.026481,-0.044393,-0.007852,0.035224,0.020724,0.037155,0.015505,0.024477,0.036404,
0.005193,0.001526,-0.000942,0.000156,0.000869,0.000330,-0.069730,0.061335,-0.087122,-0.003920,-0.001213,-0.060583,104.563386,-0.026500,-0.077085,0.005119,0.001298,0.016124,-0.097487,0.005344,-0.009596,-0.005829,-0.041552,0.001629,0.002763,-0.000400,0.026441,0.004413,0.048347,0.000433,0.004505,0.085764,0.080767,-0.028977,0.067775,-0.009020,-0.012688,0.011410,0.069459,0.020005,0.003487,0.002961,-0.005687,0.004821,-0.000008,0.010254,0.042510,0.031773,0.002222,-0.033294,0.083001,-0.045755,0.015724,-0.000360,0.030108,0.000508,-0.009037,-0.004370,-0.043369,-0.058279,0.005199,-0.045677,-0.019981,0.074898,0.091181,0.007000,-0.008354,0.000020,0.002049,0.080296,-0.094339,-0.004976,0.082665,-0.064183,-0.000309,0.020263,0.018915,-0.000344,0.005311,-0.022467,-0.048642,-0.002166,0.003013,0.037416,0.086280,-0.029133,0.001661,-0.082670,-0.019653,-0.000000,0.005596,0.003141,-0.095236,-0.074361,0.072663,0.097072,0.003493,-0.012942,0.003094,-0.011553,0.001068,0.002911,-0.071358,0.017888,-0.000291,-0.035242,-0.025255,-0.001412,0.033181,0.004219,-0.055801,0.031786,-0.001356,-0.045426,0.057410,-0.002189,-0.000007,0.066613,-0.096941,-0.000012,0.002511,0.002923,0.057712,-0.086647,-0.045096,0.049007,-0.009320,-0.026464,0.009618,0.000016,0.030699,0.004725,-0.009298,0.043570,0.089397,0.012933,0.000663,-0.007153,0.006262,0.003825,0.013364,0.043515,-0.052674,0.017456,0.000812,0.035993,0.010779,-0.021894,-0.024011,-0.006922,0.026421,-0.094909,-0.001900,0.005210,-0.003690,0.004026,-0.003982,0.082156,0.032227,0.054174,-0.001212,-0.000066,-0.086957,0.008991,0.081295,0.000277,-0.096447,0.064095,0.000285,-0.000034,-0.007982,-0.009038,-0.003039,-0.022928,-0.007478,0.001380,0.014410,0.026501,-0.045646,-0.017525,0.000245,0.002009,0.010669,-0.004753,0.006243,-0.007903,0.023446,-0.025613,0.060825,-0.001598,-0.032356,0.043848,0.036462,0.001322,-0.022873,-0.034241,
-0.000846,0.038306,-0.010599,-0.001396,-0.000753,-0.022437,0.011954,0.022897,-0.023337,-0.018389,-0.021645,-0.029299,-0.026500,194.036228,-0.014166,-0.020734,-0.023994,-0.030707,-0.003208,-0.000355,-0.002461,-0.049055,-0.000249,-0.002467,-0.000425,-0.001391,0.000001,0.039528,-0.005917,0.037671,-0.021223,-0.011864,-0.023722,-0.065642,0.038715,0.077417,0.005133,-0.000259,0.002619,0.062276,0.000490,0.028299,-0.011512,0.010874,0.063078,0.006635,0.090536,-0.086501,0.030121,-0.000021,0.059921,0.014082,-0.005437,-0.000476,0.068255,-0.008444,-0.046929,-0.000959,-0.010032,-0.000262,0.031345,-0.021656,0.091345,0.018649,-0.004660,0.005212,-0.057243,-0.033794,-0.033987,-0.018729,-0.006817,0.022143,0.000722,0.053807,0.000179,-0.033148,0.017455,0.084014,-0.035234,0.006829,-0.002556,-0.003285,0.064025,0.043909,-0.004107,-0.083527,0.034851,0.015218,-0.030399,-0.016293,0.087923,-0.001460,0.036222,-0.084167,0.088661,0.012516,0.015826,0.015386,0.000931,0.016715,0.029887,-0.000796,-0.092007,-0.056394,0.000004,-0.005290,-0.011474,-0.051812,0.044399,0.010426,-0.010392,0.045926,0.048364,0.039277,0.000081,0.000583,-0.011322,0.004865,-0.044118,-0.032417,-0.000076,0.000999,0.003607,-0.016174,-0.058337,-0.073780,-0.049074,0.071255,0.000082,-0.002784,-0.006612,0.003739,-0.022793,0.004975,-0.001816,-0.003729,-0.077472,0.063267,-0.016209,0.001336,0.011132,0.000687,0.022032,0.026865,-0.001033,-0.020023,-0.067474,-0.001154,0.064148,-0.067213,-0.090713,0.025292,-0.098845,-0.003409,0.016076,-0.062332,0.010320,-0.003429,0.053055,0.000087,0.037998,-0.012475,0.000129,-0.000270,0.000023,0.000671,0.026674,-0.003550,0.047496,0.024463,-0.021841,-0.000596,0.000534,0.082660,-0.012276,0.020953,-0.019628,0.012382,-0.006721,-0.000023,-0.072022,0.000296,0.090870,0.057953,0.023970,0.032670,0.009662,0.061755,0.004259,0.000116,-0.003804,0.009625,-0.044360,-0.041236,-0.002226,-0.003592,
0.038218,-0.079641,-0.018960,0.060854,0.014517,0.002494,-0.017991,-0.042442,0.036897,0.013830,0.010841,-0.085206,-0.077085,-0.014166,667.654456,0.050695,0.000569,-0.005465,-0.000924,-0.002552,0.019683,0.088425,-0.009971,-0.006277,-0.000225,-0.016553,0.013590,-0.046107,0.000171,-0.006226,-0.001378,-0.073298,0.000647,0.030169,-0.019844,-0.076004,-0.002288,-0.000015,-0.000212,-0.032948,-0.014930,0.000627,-0.003272,-0.081868,-0.000688,0.000573,0.009923,-0.000758,-0.061494,0.000327,0.072587,0.090312,0.000437,0.007197,0.056991,-0.017877,0.003505,-0.061178,0.060988,0.061627,0.071856,0.041834,-0.081649,0.026670,-0.074460,-0.060744,0.002568,-0.013706,-0.000035,0.041528,-0.089548,-0.001805,0.032951,0.007776,0.000119,0.021092,-0.099210,-0.002275,0.050540,0.076359,-0.016767,0.003325,-0.066640,-0.080561,-0.010658,0.059977,0.027839,-0.002432,0.058925,-0.057173,-0.010866,0.030679,0.040604,0.055861,-0.022274,-0.005157,-0.022726,0.001152,-0.053142,0.035911,-0.003444,-0.076111,0.058731,0.042236,0.003981,-0.002965,0.001643,-0.005469,0.000825,-0.000348,0.012597,-0.027103,-0.001645,-0.000401,0.019101,0.002875,0.000087,-0.035097,0.075288,0.007900,-0.011307,0.014526,-0.015714,0.002710,0.046915,-0.001340,-0.029228,-0.002304,0.000538,0.000420,0.062360,-0.003385,0.000615,-0.026611,0.022899,-0.000000,0.002244,-0.000132,-0.089560,-0.073651,-0.018318,-0.033664,0.005605,0.070074,-0.003300,-0.019086,-0.074695,-0.020403,0.000256,-0.025715,-0.072595,-0.012796,0.001647,-0.062207,-0.000835,0.017554,-0.026671,0.063349,0.005079,-0.028455,-0.000339,0.000104,0.085514,0.029717,0.095888,0.000827,-0.038317,-0.003591,-0.067352,-0.025714,-0.058167,-0.001327,-0.061497,0.042545,0.079360,-0.000033,-0.000100,0.004161,0.001279,0.010479,0.000041,0.005624,-0.064215,-0.012007,0.001019,0.002444,0.002812,0.025165,-0.048339,-0.004994,0.038859,0.014531,0.005952,-0.059228,0.007220,-0.060721,
-0.084330,0.050774,0.055312,0.010217,-0.002006,0.002174,-0.029129,0.022426,-0.047984,-0.011187,0.000493,-0.064091,0.005119,-0.020734,0.050695,14.936138,0.009055,0.011395,-0.001890,0.039592,0.027153,0.001663,-0.049645,0.006742,0.006312,0.031650,0.050348,-0.067487,0.020738,0.055495,0.084248,-0.093682,-0.002125,0.047542,-0.032925,0.056020,0.042805,-0.003885,-0.009517,-0.029465,-0.011476,0.079602,0.005762,-0.010817,-0.025668,-0.093177,-0.015593,0.011156,0.008719,-0.097235,-0.009520,0.013325,0.003835,0.003779,-0.022354,-0.002088,0.030096,0.004812,0.054518,-0.010119,-0.018192,-0.058231,0.073130,0.012355,-0.037386,0.003888,0.001181,0.095910,-0.072371,-0.011432,0.021420,-0.088050,-0.000114,-0.020878,-0.019216,-0.050225,-0.075041,0.008105,0.004689,0.047690,-0.021139,0.000522,-0.073353,-0.021278,0.039657,-0.032051,0.009067,0.000695,-0.082568,0.004012,0.030736,-0.011721,0.081937,0.096697,-0.070328,-0.045071,0.001638,-0.099282,-0.071023,0.000024,0.059165,0.000841,0.015185,0.039056,0.046082,-0.098751,0.005374,-0.072807,-0.011787,0.000520,-0.026130,0.040510,0.000906,-0.001797,-0.082308,-0.000691,0.082230,-0.005517,0.028161,0.001344,0.003456,-0.048262,-0.002998,0.037888,0.002480,0.000087,0.011284,-0.048146,0.001777,-0.021034,-0.088486,-0.045296,-0.063659,-0.070977,-0.009884,-0.018374,0.003808,-0.003341,0.012067,-0.039090,-0.000213,0.001570,-0.023858,-0.001415,-0.025099,0.014395,0.004633,0.009534,0.027193,-0.049772,-0.000710,0.039030,-0.010095,-0.099089,-0.056057,0.005794,-0.092434,0.001650,-0.021753,-0.002587,0.000632,-0.038559,-0.024465,-0.007813,0.022468,-0.003294,-0.031817,0.064821,0.058944,0.001350,0.002194,0.058971,-0.001609,0.056901,0.000503,-0.066079,-0.004367,-0.008823,-0.045108,0.064785,-0.000843,-0.004723,0.008622,-0.055711,-0.099684,0.080802,0.010414,0.000134,0.067269,0.000914,0.004923,-0.001015,0.000388,0.078824,-0.007655,-0.009225,
-0.000223,0.013950,-0.041730,0.002339,-0.000818,-0.002447,0.012172,0.038742,0.045916,-0.005320,0.000163,0.014698,0.001298,-0.023994,0.000569,0.009055,614.699635,0.003561,-0.000831,0.091402,-0.024175,-0.015563,0.002001,0.096757,-0.002480,-0.000065,-0.000648,0.094591,0.000258,-0.004609,-0.012731,-0.000012,-0.005087,-0.006058,0.053947,0.004818,0.080494,0.004210,0.001544,-0.000918,-0.008611,-0.000003,0.094250,0.077605,-0.005855,-0.083068,0.000371,0.000866,-0.000843,0.001961,-0.019118,0.015529,0.078591,-0.000056,0.009470,-0.067877,-0.010401,-0.000023,0.008204,0.078427,-0.001323,-0.045770,-0.057784,-0.078076,-0.000276,-0.000215,-0.006850,-0.001671,-0.003146,0.003467,-0.082372,0.015491,0.010515,0.022938,0.039309,0.004459,0.010844,-0.003659,-0.075785,-0.052917,-0.000160,0.001653,-0.001022,-0.015558,-0.095588,0.087063,-0.010341,0.079712,-0.013591,0.000276,-0.027683,0.042585,-0.090487,0.049917,0.017937,0.028145,-0.006791,-0.081066,0.002324,0.004874,-0.025235,0.002377,0.000005,0.018109,-0.016800,-0.000484,0.013828,-0.075509,-0.008263,-0.014882,0.001640,0.051513,-0.000038,-0.015182,0.068435,0.027882,0.025814,0.059411,0.035345,0.029226,0.000772,0.073594,0.014808,-0.002335,0.008379,0.000002,-0.070274,-0.027373,-0.009947,-0.008299,0.011122,0.019063,0.027354,0.013290,-0.008897,-0.084460,0.011076,-0.003001,0.008061,-0.067849,-0.032310,-0.033019,0.025107,0.000968,0.023823,-0.029907,-0.025526,-0.013911,-0.064426,0.082617,-0.004697,-0.010826,0.005724,-0.000050,0.001507,0.044608,-0.044376,0.001473,0.030688,-0.002096,0.051160,0.046801,-0.007044,-0.010145,-0.003229,-0.051489,-0.016828,0.000478,-0.000007,-0.028076,0.040718,0.003081,0.001757,0.026438,0.033594,0.055938,0.000348,-0.055189,-0.073923,0.016753,0.000082,0.000541,-0.042696,-0.036955,0.038916,0.002104,0.002490,-0.087867,0.000199,-0.000388,-0.057523,-0.084185,0.087394,-0.000348,0.061601,0.000014,
0.000007,0.000006,0.000881,-0.076082,-0.003014,-0.055490,-0.072556,0.006989,-0.003088,-0.000208,0.001295,-0.081680,0.016124,-0.030707,-0.005465,0.011395,0.003561,1377.637300,-0.043951,-0.000179,0.000038,-0.000027,0.003243,-0.000780,-0.004973,-0.054253,0.026177,-0.002620,0.072243,-0.002705,-0.000550,-0.002414,0.021145,0.026349,0.066027,0.014328,-0.025342,0.006321,-0.001344,0.019144,0.006431,0.006004,-0.083983,0.097534,0.003248,0.000592,-0.063965,-0.000517,0.000153,-0.000194,0.043887,-0.004890,0.008156,0.017324,-0.044319,-0.059029,0.095613,0.049894,-0.033624,0.095241,-0.004771,0.018342,-0.084958,-0.048450,0.032928,-0.040625,0.015119,-0.079026,0.011201,0.001647,-0.033216,-0.013556,0.066726,-0.000119,0.000707,0.040426,-0.000020,-0.032555,-0.014144,0.034304,0.002968,0.002519,0.014601,-0.054124,-0.004657,0.000428,-0.006119,0.063198,0.028881,-0.010289,-0.002434,0.051352,0.095516,-0.009366,-0.098325,0.047631,-0.000512,0.002035,0.000677,0.004312,-0.003272,0.000223,-0.022959,0.021316,0.045140,0.045633,0.042724,0.099365,-0.045083,0.034084,-0.078384,0.054904,0.003690,-0.016090,-0.022229,-0.050683,-0.000514,-0.000008,-0.038134,0.013476,0.000714,-0.074182,-0.003249,-0.002337,0.046017,0.002343,0.027753,-0.047122,0.000525,-0.003656,0.017198,-0.019888,-0.000285,-0.028969,0.043388,0.088283,-0.003997,0.002898,-0.010580,-0.000403,0.000107,0.057678,0.062886,-0.002360,-0.003443,-0.036196,0.026184,0.025848,-0.024502,0.010084,0.064145,-0.000289,-0.004074,-0.044550,-0.000182,0.076184,0.006901,0.059177,-0.053888,0.006333,0.010439,0.004042,-0.043745,-0.003615,0.049447,-0.000446,0.040023,0.003348,0.005675,0.000200,-0.010256,-0.000230,0.000645,-0.034941,0.039703,0.050652,-0.000141,-0.000092,0.028911,-0.007567,-0.000009,-0.092985,0.001475,0.000332,0.000037,-0.011121,0.069185,0.000891,0.000419,-0.000393,0.036239,-0.029486,0.000024,0.000963,0.059513,-0.032803,
0.000286,-0.006035,-0.060892,0.001782,0.012690,0.000046,0.002496,0.025725,-0.015168,0.001348,-0.001726,0.004675,-0.097487,-0.003208,-0.000924,-0.001890,-0.000831,-0.043951,217.790903,-0.001433,0.010817,0.000006,-0.000670,0.000291,-0.000121,-0.013571,0.000253,0.020822,-0.000292,0.075367,0.000859,-0.004592,0.024288,-0.017441,0.026357,-0.073396,-0.040909,-0.065040,-0.073999,-0.077536,0.001676,0.000987,-0.004373,-0.075189,-0.090885,-0.004310,0.002918,-0.000510,-0.029099,0.001464,-0.015961,-0.004001,0.083831,0.002385,-0.008096,-0.004046,0.060490,0.023922,-0.012790,-0.000975,0.037996,0.008177,-0.083426,-0.081546,0.068875,-0.002156,0.000682,-0.007314,0.011488,0.020771,0.015866,-0.020497,0.079440,-0.015008,-0.013919,0.080325,0.025594,0.005878,-0.062008,0.036085,-0.033972,-0.000059,0.051696,0.080113,0.000267,0.034296,-0.001384,-0.001338,0.057891,0.086116,0.011621,0.011488,0.096645,0.002150,-0.069098,-0.007723,0.039500,-0.050989,0.042864,-0.090007,-0.004580,0.053804,0.039396,-0.028531,0.008352,-0.009466,-0.010701,-0.009529,0.006515,0.004494,0.004059,0.036715,-0.000026,-0.078856,-0.032120,0.073615,0.001518,0.056617,-0.004085,0.029670,-0.022095,-0.019554,-0.009317,-0.093360,0.043948,0.053724,0.031293,0.033924,0.016603,-0.000104,0.032947,0.001050,-0.001365,0.011541,0.075676,0.067507,0.099452,0.023319,-0.089430,-0.096172,-0.010557,0.000671,-0.011684,-0.019241,-0.060510,-0.073076,-0.019355,0.057127,0.002039,-0.065405,-0.000001,0.008067,-0.003711,-0.000560,-0.001898,-0.022236,0.000234,-0.001216,0.058309,-0.001060,0.006823,0.080188,0.071128,-0.000002,-0.000161,-0.003018,-0.024155,-0.072813,0.019428,0.000210,0.001119,-0.003103,0.000316,-0.005310,0.006459,-0.041215,0.007318,-0.016786,-0.010773,-0.024452,-0.002653,0.000460,-0.007758,0.018175,-0.000074,-0.037881,0.047707,-0.005447,-0.002975,0.000105,-0.032292,0.002673,-0.000182,0.000237,0.000388,-0.000047,
-0.055358,0.000322,0.050258,0.003758,0.069697,0.000077,-0.017784,0.048052,0.012739,-0.013208,0.040706,0.001031,0.005344,-0.000355,-0.002552,0.039592,0.091402,-0.000179,-0.001433,309.647600,0.000165,-0.034346,0.006476,-0.065651,-0.002121,0.000425,0.093327,-0.008329,0.040598,0.030437,0.001030,-0.058648,0.054109,0.009338,0.075638,0.083478,0.002706,-0.004132,0.052919,0.072027,0.047181,-0.010687,-0.027345,0.056816,0.004718,0.000048,0.029926,0.013306,0.003354,-0.004821,0.004372,0.007144,0.001968,0.089820,0.003241,0.041631,0.043018,0.012104,0.042853,0.011868,0.020026,-0.024847,-0.047199,0.032273,0.004028,0.011894,0.086506,-0.001387,0.000514,0.043211,0.038732,0.001734,0.003753,-0.001262,-0.036279,0.015816,-0.012638,0.008719,-0.083244,0.041246,-0.000425,-0.000760,0.039068,0.020209,0.051035,-0.066984,0.037097,0.091249,0.062108,-0.081105,-0.079352,-0.005885,0.001441,-0.042267,0.003463,0.006476,0.054089,-0.058457,0.000636,-0.027657,0.005018,-0.001967,-0.067406,0.030158,0.026995,-0.009096,-0.074146,0.014282,0.003844,0.000022,-0.028452,0.035651,-0.043800,-0.067744,-0.003015,0.058360,-0.001222,-0.055356,0.086885,0.008619,0.034620,-0.038348,0.001111,-0.029083,-0.024905,0.000190,0.031100,-0.013057,0.000700,0.091679,-0.040010,0.000826,0.002166,-0.021410,-0.000656,-0.003942,0.007643,-0.000103,0.041481,0.033383,-0.000102,-0.000864,0.007002,0.010763,0.048533,0.014461,-0.005394,0.013495,0.004148,-0.036042,0.001104,-0.019627,0.003812,0.004893,-0.000127,0.002248,-0.000977,-0.010409,0.008607,-0.000844,0.088734,0.016571,0.004255,-0.003072,-0.000276,0.002886,-0.076773,-0.000673,0.004947,0.015211,0.000786,-0.000891,0.002242,0.004756,0.072091,-0.046715,0.000214,0.029893,-0.001555,-0.012566,-0.000062,-0.000111,0.023643,0.071434,0.003268,-0.000017,-0.000842,0.072607,0.070196,-0.043068,-0.066519,-0.011031,0.000616,0.003744,-0.074054,-0.000086,
-0.001160,-0.079161,0.018251,-0.009961,-0.000712,0.027964,0.025189,-0.012638,-0.041089,-0.000163,-0.000053,-0.003569,-0.009596,-0.002461,0.019683,0.027153,-0.024175,0.000038,0.010817,0.000165,849.089297,-0.004860,-0.020619,0.000998,-0.002265,0.000621,0.019710,-0.054184,0.031883,-0.000128,0.007346,-0.002570,0.046183,-0.054930,-0.000000,-0.035480,0.093571,-0.080273,-0.009541,0.022458,0.001310,-0.003858,0.005484,0.097214,-0.000894,0.015379,0.051994,0.095119,-0.086123,0.011847,0.039249,0.019526,-0.065421,0.000075,-0.081044,0.000266,-0.079603,-0.000678,0.080124,0.063098,-0.076377,0.005627,-0.033770,-0.064991,0.002247,0.000346,0.060215,-0.020506,0.037446,-0.019290,0.043117,-0.000467,-0.017250,-0.040830,-0.006312,-0.071040,-0.022288,-0.000372,-0.009248,-0.001239,-0.001548,-0.001185,0.035257,0.079754,0.000050,0.010384,0.024652,0.046319,0.031214,-0.029719,-0.036038,0.058436,0.085540,0.017779,0.096359,-0.013131,-0.000030,-0.021821,0.001261,0.047253,-0.000034,0.099645,-0.037480,0.025963,0.004483,-0.028889,-0.001971,-0.023556,-0.018200,-0.000127,0.006273,-0.012000,0.000010,-0.001891,-0.028707,0.000077,0.012574,-0.056348,0.020570,-0.053428,-0.050949,0.062885,0.053596,0.008033,-0.060521,-0.001558,-0.039070,0.003303,0.024701,0.001093,0.012226,0.000629,0.017287,0.026529,-0.037477,0.009675,0.018395,-0.000119,-0.064583,0.015035,0.004102,0.007220,-0.024644,-0.047313,0.000140,0.038699,-0.034000,0.003083,-0.000406,-0.012502,0.086048,-0.001644,-0.000171,0.035964,0.042249,-0.029815,0.002462,-0.000042,0.000005,0.029157,-0.004660,-0.086154,0.013905,-0.009823,0.000171,-0.002412,-0.009015,-0.000161,0.012389,0.033402,0.003972,-0.004913,-0.054121,-0.059129,0.019907,0.026831,-0.000092,-0.026982,-0.072876,-0.006615,0.032957,-0.004109,-0.006910,0.079923,0.060535,-0.003516,0.010861,0.012106,0.064392,0.074656,0.090144,0.002132,-0.000161,0.000017,0.088231,-0.015344,
