5273.875215,-0.002412,-0.048032,-0.027477,0.067956,-0.023608,0.038417,-0.025583,-0.010874,-0.000437,0.019766,0.025248,-0.018615,0.091626,-0.018184,-0.042053,-0.001920,-0.000533,0.002026,0.002252,0.043480,0.095633,-0.019628,-0.037913,0.076984,0.034249,-0.023085,-0.023194,0.002828,-0.005142,-0.063801,0.016011,-0.007461,0.005098,0.085901,-0.083259,0.068055,-0.001475,0.099239,0.008945,0.002595,0.000026,0.088722,0.053778,0.000008,0.003913,0.002629,-0.001401,-0.000995,0.028763,-0.017571,0.002729,-0.077337,0.078368,-0.031711,0.000719,0.016685,-0.053229,-0.000506,0.019275,0.009550,-0.061721,-0.001347,-0.038860,0.096884,-0.015700,-0.012224,0.080313,0.005227,-0.001522,-0.013456,-0.006040,0.000620,0.007162,-0.049513,0.003374,-0.094558,-0.017139,0.040994,-0.047587,-0.007228,0.015217,0.003562,-0.001383,0.076461,0.004113,0.010989,0.000149,-0.000060,0.010582,0.008861,-0.037723,-0.014722,0.014193,0.030644,-0.049944,0.000084,0.021373,0.089092,-0.009698,-0.086258,-0.007889,0.012976,-0.056265,0.000039,0.027536,0.006849,-0.019081,0.005895,-0.000021,0.010698,0.009351,0.000003,0.007069,-0.002566,0.026527,-0.022871,-0.001233,-0.030509,0.085338,-0.031834,-0.001659,0.000973,0.001420,0.025566,0.038408,0.000236,0.024983,-0.078467,-0.030088,-0.016146,-0.049425,-0.077469,-0.003771,0.029367,0.053376,0.000025,-0.050764,0.004355,-0.076682,-0.001729,-0.003419,0.020546,-0.020035,-0.003430,0.000095,-0.000110,-0.039079,0.002292,-0.000029,-0.013020,0.022217,0.013189,-0.000278,-0.001094,-0.003713,0.005746,0.004708,0.004726,0.000085,-0.007408,-0.000603,-0.001184,0.043306,-0.012445,-0.001991,-0.013384,-0.018040,-0.002755,-0.025560,0.097581,0.001133,-0.004115,0.000020,0.000031,-0.016307,0.006150,0.000584,-0.022628,-0.068134,0.000250,-0.053053,0.010152,-0.000027,-0.013345,-0.061511,0.002262,-0.071178,-0.001676,0.000534,-0.072467,0.037121,-0.022083,-0.001648,0.000078,0.002354,
-0.002412,868.849051,-0.016227,0.036943,0.000443,-0.010855,-0.077858,-0.007277,-0.019831,0.042986,0.021079,0.076232,-0.021683,0.003894,-0.010641,-0.039628,-0.000015,-0.043093,-0.012405,0.089084,0.007984,0.028305,-0.003918,-0.060085,0.099215,0.037510,-0.051040,0.093828,0.017336,0.025376,-0.006521,0.001043,0.000051,-0.020967,0.050768,0.039732,0.000032,-0.075003,0.053346,0.040895,0.000946,0.029225,0.018655,0.040294,0.059160,-0.072719,-0.000449,-0.064042,-0.043389,0.000303,0.024573,0.000167,0.007696,-0.015806,-0.013995,0.000440,0.025977,-0.066081,0.042354,0.003552,0.022838,-0.007086,-0.095828,0.005432,0.000213,0.048610,-0.011235,-0.011080,-0.037752,-0.043283,-0.002571,0.063273,-0.001360,0.013424,0.000671,-0.030314,-0.001249,0.001202,-0.048897,-0.073194,-0.000862,0.000221,-0.030839,-0.068659,0.016741,0.039969,0.035729,-0.071055,-0.001302,0.017901,-0.059163,-0.085937,-0.007337,-0.027766,0.003981,-0.001898,0.094455,0.000395,-0.011988,-0.005680,-0.010426,0.017185,0.001326,-0.000171,-0.000018,-0.000197,-0.007186,0.015548,0.000003,0.030360,0.003985,-0.001050,-0.001291,0.000324,0.072729,-0.085063,0.000012,0.000187,0.097544,-0.082748,0.024503,-0.003574,-0.006697,-0.006306,-0.089687,0.002738,0.001627,0.023499,-0.004320,-0.029139,0.026370,-0.034892,0.039401,-0.032212,-0.001599,-0.010109,-0.000696,0.064966,0.050721,0.021537,0.000068,0.003188,-0.026412,-0.000113,0.032273,0.082395,-0.000025,0.007232,-0.002099,-0.000067,-0.003625,-0.028567,0.064257,0.094193,0.000334,0.020210,-0.009641,0.043827,0.039992,-0.092201,0.017349,-0.047382,0.088027,0.002244,-0.012433,0.000346,-0.041063,0.091313,0.038150,0.050539,-0.006262,-0.044243,0.005466,-0.000421,-0.011199,-0.004124,-0.079828,0.024058,0.004075,-0.072658,0.000890,0.005205,0.019437,0.046281,-0.010696,0.015934,0.000028,-0.027739,-0.000145,0.007239,-0.094467,0.053115,-0.032711,-0.000002,-0.000290,-0.013020,
-0.048032,-0.016227,0.153597,-0.028499,-0.019366,-0.044525,0.020884,0.002657,-0.055274,-0.000528,0.000000,-0.008591,-0.011501,0.000077,-0.035559,-0.065650,-0.073955,0.045085,-0.007920,-0.039548,-0.016393,0.016049,-0.040647,0.066574,-0.041842,0.014613,0.004675,-0.023424,-0.000650,0.003098,0.009505,-0.002363,-0.000986,0.040227,0.018557,-0.016196,0.017103,-0.031136,-0.006909,0.012436,0.013425,0.000789,0.048360,0.025900,0.019052,-0.068692,-0.070341,0.029013,-0.070951,-0.000956,0.015089,-0.003600,0.011519,-0.016661,-0.015609,-0.033549,-0.001731,0.042124,0.056406,0.038504,-0.090597,-0.007370,0.016049,0.020021,0.030721,0.037743,0.028154,0.022758,0.005309,-0.002005,0.055832,0.005200,-0.022668,-0.001384,0.016878,0.005063,0.029548,0.030418,-0.029469,-0.031980,-0.028864,-0.034249,0.021569,-0.014607,-0.004904,-0.050515,0.076476,-0.066968,0.065506,0.068747,0.027493,0.023375,0.096466,-0.005412,-0.011108,-0.014086,-0.014553,0.008907,0.057188,-0.058309,-0.024586,-0.060348,-0.000143,-0.035715,-0.072583,-0.015916,-0.044842,-0.050816,-0.070544,-0.060316,-0.057672,-0.066749,-0.007657,0.053662,-0.002041,-0.092264,0.005273,0.038464,0.068448,-0.092364,-0.022718,0.067755,0.017347,-0.067681,0.062165,-0.059857,-0.005694,-0.060425,-0.009306,0.039308,-0.001132,-0.010928,0.035319,0.008337,0.003444,0.012578,0.017457,0.029650,0.027306,0.019778,0.022359,-0.020839,-0.001702,0.002409,-0.089725,-0.029742,0.000188,-0.011780,-0.093848,0.002381,0.007075,-0.009190,-0.081791,0.015288,-0.093125,-0.002197,0.000602,-0.002644,0.016184,0.099631,0.038826,-0.007754,0.033346,-0.037914,-0.097471,-0.068908,0.062315,0.027707,-0.026947,-0.018749,0.003435,0.061943,-0.082956,0.007390,-0.008217,0.001004,0.065871,-0.008853,0.080789,0.044203,0.020927,0.093994,-0.075283,-0.025428,0.000511,0.075235,-0.033066,0.009025,0.036272,-0.039405,-0.060884,-0.008906,-0.053371,-0.028887,-0.058716,0.003026,
-0.027477,0.036943,-0.028499,0.148323,0.000288,0.028368,-0.030393,0.055542,-0.069404,0.036413,-0.089047,-0.067069,0.012859,0.003874,0.049297,0.013259,0.056643,0.020498,-0.015242,0.095806,0.014443,-0.000361,0.030849,-0.076038,-0.024420,0.046406,-0.023361,0.041685,0.021355,0.001386,-0.018074,-0.027316,-0.035831,-0.038087,0.024729,0.026479,-0.036917,0.079583,-0.052355,-0.001362,0.004396,-0.046238,0.021434,-0.072671,-0.014841,-0.024942,-0.046812,-0.044098,0.050565,0.022504,-0.090641,-0.035539,0.027086,-0.047905,-0.028351,0.052050,-0.031380,-0.012423,0.025977,-0.073997,0.004824,-0.010831,-0.000827,-0.016317,-0.077767,-0.075430,-0.090216,0.065176,-0.000916,0.087804,0.080857,-0.005451,0.013070,-0.029342,-0.016067,0.012093,-0.043388,0.076583,0.004968,0.052712,0.062917,-0.077303,0.007718,-0.003756,0.039601,-0.020812,-0.015323,0.024005,0.020668,-0.035297,-0.005767,-0.044835,0.000229,-0.002268,0.048572,0.066061,0.007452,-0.005906,0.070912,0.013915,0.003818,0.010086,-0.022122,-0.039611,0.061655,0.005810,-0.020628,0.013078,0.069520,0.017916,0.000462,-0.063516,0.027999,-0.019143,0.050575,0.018474,0.049142,0.036474,-0.016388,0.050211,0.007092,-0.029060,-0.010878,-0.001003,0.002771,-0.001495,-0.048498,-0.021432,0.015962,-0.047900,-0.016942,0.087511,0.038851,0.004632,-0.038118,-0.016159,0.075159,-0.063141,0.005380,-0.012748,0.029007,0.031943,-0.035229,-0.003937,0.041411,-0.083559,0.076246,-0.050737,0.005562,0.001792,-0.054346,-0.065148,0.031237,0.003100,-0.063828,0.000142,-0.029717,-0.065686,0.005177,0.025694,0.012787,0.009922,-0.016266,0.009829,-0.000366,-0.063506,0.075329,-0.034375,-0.020142,0.009052,-0.048727,-0.042856,-0.042215,0.002350,0.016838,-0.025187,0.013067,-0.043991,-0.025427,0.004087,0.006923,0.009708,0.095906,0.014221,-0.009095,0.063674,-0.026742,-0.017088,0.001237,-0.000333,-0.023169,0.045298,0.071178,-0.079924,0.003088,-0.077534,
0.067956,0.000443,-0.019366,0.000288,3716.245058,0.034421,0.017387,-0.000168,0.000054,0.001219,-0.000066,0.007399,0.039989,0.007203,-0.004991,-0.058059,-0.000050,-0.015111,0.000235,-0.095848,0.003236,0.024757,0.001964,-0.004961,0.006140,0.001463,-0.085229,-0.071255,-0.014315,0.008988,0.021831,-0.044810,-0.000556,-0.008543,0.010648,0.004163,-0.001263,-0.000446,-0.001210,-0.013381,0.000092,-0.000878,0.000092,0.007978,0.014018,-0.061863,-0.023520,-0.001788,-0.010868,0.000065,-0.014124,-0.000622,-0.045997,0.000137,0.076021,0.043057,0.097712,0.033114,0.040124,-0.000949,-0.057880,0.000021,-0.072902,0.015928,-0.035833,0.000338,-0.088058,0.001783,0.015138,-0.011616,0.008807,-0.018861,0.003679,0.003327,0.000982,-0.094093,0.069369,0.000000,0.026556,-0.018886,0.000174,-0.038402,-0.059945,0.006022,0.050873,0.005078,-0.039188,-0.012339,-0.000001,-0.006888,0.074500,-0.030953,0.047452,-0.010192,0.094505,0.040731,-0.000052,0.017516,0.004402,-0.001272,0.000397,0.066074,-0.007134,0.000512,0.034065,-0.070780,-0.002808,-0.000000,-0.004958,-0.052687,-0.005907,0.005000,-0.000219,-0.000283,-0.002577,0.001074,0.002656,-0.000000,-0.002075,0.042353,-0.000362,-0.000008,-0.000589,-0.002674,-0.028782,0.000258,0.073886,-0.010908,-0.005864,0.009927,-0.021766,-0.031496,0.036278,0.034641,0.000618,-0.012334,0.028415,-0.011107,-0.052358,0.001510,0.063150,0.024601,0.082331,0.066845,-0.022427,0.000127,-0.070385,-0.017750,-0.013059,-0.001184,0.073161,-0.015516,0.029473,-0.000046,-0.010576,-0.064715,0.045598,0.002284,-0.020127,-0.032912,0.020473,-0.011669,0.030011,0.090031,-0.018775,-0.027613,0.015582,0.029205,0.000001,-0.075749,0.013510,0.004029,0.000074,-0.025909,0.000002,0.019794,-0.001629,-0.007682,0.002764,-0.002375,-0.000008,0.070235,0.013520,-0.014838,-0.000816,-0.024149,-0.003737,0.001219,0.012802,0.005952,-0.000601,-0.034503,0.013088,-0.000678,-0.000132,0.015134,
-0.023608,-0.010855,-0.044525,0.028368,0.034421,68.022183,0.002974,-0.038227,0.047720,0.063383,0.003162,-0.015985,0.012157,-0.000076,0.062364,-0.045357,-0.015021,0.071995,-0.001337,-0.000349,0.089621,-0.000118,-0.013213,-0.008542,-0.056460,-0.000029,-0.066110,-0.045794,0.032538,-0.034946,-0.033432,-0.003549,-0.007182,-0.019754,-0.001834,0.058169,-0.001171,0.007653,-0.017622,0.012375,-0.001101,-0.019368,0.010612,-0.081740,0.026296,-0.008963,0.015280,-0.001971,0.000000,0.053562,-0.008859,-0.001654,0.000677,-0.000490,0.001770,-0.021480,-0.045558,-0.010241,-0.001013,0.044343,-0.048125,-0.007049,0.043580,0.090654,-0.014738,-0.064408,0.018042,-0.053643,-0.014282,-0.002770,-0.016779,-0.057587,0.002135,-0.055873,-0.000321,-0.001099,-0.005498,0.082741,0.002218,0.001680,0.014126,0.046360,-0.091530,-0.005130,0.085959,-0.000009,-0.013852,0.052161,0.000539,-0.010266,-0.009767,-0.065394,-0.009803,0.066587,0.051535,-0.056991,0.003559,-0.030728,-0.024592,-0.072394,0.004671,-0.005974,0.057288,0.017366,0.006572,0.014837,0.041879,-0.032646,0.000001,0.001978,-0.077331,-0.050305,-0.018862,0.016749,-0.029564,0.038559,-0.001432,0.029581,0.073295,-0.021744,-0.000076,0.006187,-0.006845,-0.071327,-0.001947,-0.000375,0.001979,-0.016046,-0.020646,0.031891,-0.063296,0.070402,0.029989,0.021769,-0.039336,-0.043236,-0.010005,-0.002812,0.046323,-0.049986,0.002649,0.000522,-0.002470,-0.001569,-0.080252,-0.015954,-0.004544,0.047301,0.069437,-0.000698,0.075512,0.008029,0.090214,0.010166,-0.007718,0.001251,0.012942,0.062338,0.009673,-0.052843,0.017675,-0.016582,0.000256,0.034232,0.005123,-0.004389,0.043286,0.003889,0.008530,-0.000108,0.037721,0.004140,-0.005457,-0.066187,0.011759,-0.000694,-0.003656,0.034147,-0.002408,0.059212,0.078792,-0.000309,-0.021005,0.008064,-0.014000,-0.005546,0.020071,-0.006996,-0.052629,0.078486,0.000035,0.040626,0.009142,-0.081031,0.065025,0.013538,
0.038417,-0.077858,0.020884,-0.030393,0.017387,0.002974,1.028222,0.065878,0.061867,-0.072052,0.045888,0.059272,0.033272,0.036066,0.057706,0.057546,-0.009082,0.067267,-0.034203,-0.012097,0.051676,0.003325,0.082792,-0.035849,-0.019874,0.001419,-0.009482,-0.040432,-0.038272,-0.010519,0.024792,-0.059555,0.074814,0.019827,-0.019526,-0.043109,-0.009277,-0.049720,-0.006545,0.048062,-0.054044,-0.056058,-0.068931,-0.045398,-0.083832,-0.026104,0.003534,-0.025086,0.056009,0.061919,-0.079276,-0.018248,0.054500,-0.028159,0.033573,-0.018875,0.062897,-0.013941,0.011693,0.024306,-0.055045,0.094006,0.037452,-0.033657,0.001303,-0.057129,0.044356,0.038483,-0.058382,-0.015135,-0.060886,0.052547,0.081370,0.020278,0.023141,0.030519,-0.026715,0.050532,-0.007372,0.083724,0.012143,0.047253,-0.043493,0.010420,0.020859,-0.073766,-0.078212,0.016416,-0.021729,0.093352,-0.008902,-0.016671,0.039403,0.008235,0.025777,0.017241,-0.040589,-0.091398,-0.034761,-0.005451,-0.002919,0.003512,0.001703,0.084449,0.008217,0.001129,-0.038781,-0.039305,-0.007593,0.002119,0.042852,0.024117,0.063958,-0.013832,0.006344,-0.042929,-0.007393,0.051503,-0.053433,0.076017,0.094476,0.040862,0.010338,-0.003474,-0.019519,-0.035774,-0.013347,0.072322,-0.003915,-0.017970,0.027514,0.025964,-0.073606,-0.017812,-0.073343,0.021718,-0.083251,-0.046434,0.041226,0.065122,0.056549,0.061387,0.061449,-0.025280,0.000018,0.065791,-0.009188,0.016364,-0.070670,-0.015173,-0.016589,0.066696,-0.006689,0.043281,0.007587,0.028885,0.022858,0.011028,0.033302,-0.033897,0.017433,0.004052,0.032696,0.063970,0.049728,0.004741,0.059156,0.004244,-0.038340,0.032879,0.029424,0.034066,0.063410,-0.068371,-0.014158,-0.015139,-0.043996,-0.010536,-0.069690,-0.013754,0.070467,0.006462,0.053097,0.049022,-0.034045,0.027494,0.005638,-0.026016,0.088427,-0.002402,0.024166,0.022397,-0.014303,-0.045391,0.091172,0.004967,
-0.025583,-0.007277,0.002657,0.055542,-0.000168,-0.038227,0.065878,62.496102,0.000121,-0.008485,0.062435,0.018742,-0.021759,0.014832,-0.013744,0.011048,0.049886,-0.000363,-0.028067,0.050945,0.086895,-0.000644,0.011450,0.085756,-0.005395,-0.020767,-0.010596,-0.040687,-0.000268,0.042102,-0.062447,-0.037867,-0.013921,-0.061638,-0.088536,-0.084714,0.003317,0.019104,0.035218,-0.011236,-0.027174,-0.004820,0.000532,0.016829,0.006940,-0.058929,0.003065,0.002947,0.010705,-0.007939,-0.022300,-0.008493,-0.000306,0.006702,0.079558,-0.014670,0.041515,0.084480,0.085044,-0.002759,-0.042689,-0.021213,-0.037460,-0.000172,-0.001648,-0.000099,-0.030852,-0.048972,-0.001753,-0.010020,0.000221,-0.026633,0.000168,-0.019890,-0.005266,-0.002768,0.000855,-0.092997,-0.021232,0.049658,0.063354,0.057129,0.029650,-0.011413,-0.005788,-0.001420,0.027903,0.031291,0.086067,-0.061267,0.038249,-0.000007,-0.016783,-0.001977,0.001018,-0.003601,0.080961,0.044629,0.005129,0.019461,-0.028498,-0.041795,-0.058071,0.004946,0.002879,0.015012,0.026396,0.021621,-0.015140,0.005481,-0.025092,0.078625,-0.014805,0.058024,0.055869,-0.035808,0.000208,-0.000173,0.002883,-0.081671,0.045196,0.007515,0.004857,0.008672,0.001114,-0.021709,-0.016131,0.002677,0.002282,-0.002363,0.087503,-0.016193,-0.057639,0.014154,0.030151,0.005395,0.013887,0.034520,-0.075678,0.048867,-0.014320,0.090382,-0.024236,-0.000258,0.091869,-0.000290,0.003121,0.060836,0.012713,-0.000617,-0.074757,-0.014034,-0.001094,0.021400,0.059846,0.005057,0.005271,-0.099204,-0.069952,0.006873,0.007642,0.068673,0.000141,-0.012108,0.002077,-0.091972,-0.022262,0.051187,-0.001350,0.017845,-0.087802,0.024670,0.039538,0.001419,-0.058520,0.081334,-0.005005,-0.005004,0.046833,0.096064,-0.027526,0.082353,0.095427,0.051330,-0.004105,-0.001024,-0.001179,0.043928,-0.000566,0.002397,-0.000050,0.014960,-0.006624,0.000767,-0.005772,0.078941,
-0.010874,-0.019831,-0.055274,-0.069404,0.000054,0.047720,0.061867,0.000121,9588.284594,-0.001824,0.076265,-0.001214,0.007233,0.003128,-0.040061,0.007122,0.003871,-0.002147,-0.038994,0.009573,-0.000007,-0.019957,0.026217,0.061094,-0.001613,-0.002590,0.098153,-0.067664,0.000012,0.000488,0.011685,-0.092355,0.000081,0.000519,-0.000306,-0.075285,-0.002161,0.006642,-0.083878,-0.068047,-0.063225,-0.000144,-0.072300,-0.058332,-0.000210,-0.043866,0.001911,-0.069357,0.000368,0.000056,-0.006626,0.000660,-0.016017,-0.045593,0.035562,0.006686,-0.007344,-0.026225,-0.047486,-0.009920,0.000877,0.096422,0.013251,0.050289,0.012427,-0.026615,0.003792,0.063827,0.042476,-0.003908,-0.006152,-0.033025,-0.021799,0.045085,-0.000467,0.065302,-0.030554,0.000486,-0.016266,0.000246,0.000114,0.035552,0.038148,0.068898,-0.000957,-0.001820,0.098016,-0.081345,-0.001951,-0.078764,-0.004562,-0.033619,-0.005446,0.011569,0.036599,-0.050544,0.000166,-0.000146,0.013344,0.012322,0.010938,0.053433,-0.062558,-0.081086,0.038273,-0.038460,0.003440,0.056386,-0.000561,-0.006623,0.060923,0.030238,-0.000011,0.006557,-0.000473,0.002499,-0.000414,-0.001806,0.013606,-0.067801,0.003983,-0.000574,0.004405,0.055271,0.098514,0.011280,0.002087,0.063491,0.005353,0.075315,-0.002551,0.036978,-0.042841,-0.055556,0.018135,-0.077155,0.020539,0.000223,0.015737,0.002145,0.000032,0.007955,0.023824,0.062211,0.005767,0.000213,0.044059,-0.000992,-0.000659,0.032659,0.003839,-0.041969,-0.013931,0.069517,0.049577,0.003745,0.001975,0.000376,0.001641,0.095236,-0.003293,0.079697,-0.013286,0.008859,-0.011925,0.068348,0.000953,-0.069606,-0.072040,-0.005985,-0.049786,0.009670,0.000930,-0.000100,-0.010136,0.016090,-0.083722,-0.030634,-0.067217,0.083564,-0.014577,-0.001376,-0.078324,-0.000598,0.064615,-0.002408,-0.000797,-0.000734,-0.001400,-0.002603,0.003303,-0.028070,0.006467,-0.000104,0.000465,-0.012365,
-0.000437,0.042986,-0.000528,0.036413,0.001219,0.063383,-0.072052,-0.008485,-0.001824,20.130626,-0.000163,0.015266,0.033324,-0.005160,-0.055148,0.047994,-0.012758,-0.060699,-0.053176,-0.083442,0.065421,-0.012058,0.067352,-0.077804,-0.020768,-0.013774,0.042316,0.012417,0.011244,0.000705,-0.007209,-0.011514,0.026309,0.005822,0.000979,-0.047541,0.002369,0.043372,-0.024988,0.004289,-0.033560,0.001464,-0.066771,0.085329,0.092217,0.050454,0.001040,0.024732,0.000329,-0.077880,-0.058608,0.001583,-0.033787,-0.011882,-0.020495,-0.048095,0.003590,0.025060,-0.001912,-0.053914,0.012559,-0.000906,-0.067959,0.002320,0.018815,-0.066577,-0.015013,0.014936,-0.009470,0.000527,0.019609,0.030313,0.045406,0.068274,0.002581,0.006990,-0.053740,-0.025736,0.008968,0.048346,-0.078393,0.027257,0.021941,0.003937,-0.078318,0.009320,-0.030042,-0.013203,-0.000011,0.043170,0.070686,0.032900,0.093497,-0.031848,0.041390,-0.061022,-0.039761,0.022508,0.024521,0.003331,-0.045735,-0.017716,0.040060,-0.088606,-0.019548,-0.069434,0.014900,0.092523,-0.000702,-0.013791,0.001542,-0.087495,-0.044652,-0.060292,0.096368,-0.081196,-0.070355,0.046220,-0.004602,-0.071577,0.001087,-0.045349,-0.040511,-0.000241,-0.053515,0.030894,-0.097872,0.011845,0.000160,-0.002313,0.007475,0.089240,-0.077068,-0.004578,-0.043931,-0.027644,0.001137,0.005923,-0.005927,0.037524,-0.000416,-0.000002,-0.013557,0.031157,-0.075160,0.002377,0.095460,-0.000352,0.077109,0.000880,-0.066357,0.053680,-0.000349,-0.095720,-0.000319,-0.051007,-0.008269,-0.010548,-0.083654,-0.042057,0.007111,-0.017993,-0.046044,-0.071889,-0.079312,0.090224,0.065432,0.067041,0.077322,-0.000283,-0.026380,0.055620,0.000323,-0.000000,-0.000512,-0.012382,0.035163,-0.015500,-0.040434,0.007060,0.000743,0.006441,0.056367,-0.040290,-0.056715,0.062816,-0.001749,0.039937,-0.000762,-0.003055,-0.069793,0.000181,-0.031153,0.028686,0.050416,0.028690,
0.019766,0.021079,0.000000,-0.089047,-0.000066,0.003162,0.045888,0.062435,0.076265,-0.000163,26.800030,-0.012589,0.055898,0.077950,-0.054019,-0.002977,0.005673,0.017709,0.065946,0.038779,0.007912,0.022873,0.014413,0.032974,0.041399,0.072175,0.014891,-0.051963,0.060942,-0.001321,-0.014965,-0.018239,0.000800,-0.047429,-0.041463,-0.081119,-0.071611,0.000704,0.026879,-0.002172,0.001247,0.026798,0.090914,-0.046216,-0.049951,-0.040754,0.000636,-0.083552,-0.001127,-0.069385,0.006315,-0.003791,-0.020806,0.075444,0.048464,-0.047406,0.038156,-0.001133,-0.087082,0.020188,0.006202,0.050199,0.048467,0.086439,-0.001623,-0.002470,0.013552,-0.008278,-0.003415,-0.000483,0.001918,-0.001110,0.000347,0.001848,0.000118,0.004247,-0.011943,-0.001584,-0.046579,0.003308,-0.006545,-0.058342,0.025951,0.027374,0.044438,-0.003311,-0.047225,-0.047413,0.025418,-0.035470,0.001261,0.031540,-0.001289,-0.047648,0.024357,0.037510,-0.023238,-0.051406,-0.012842,-0.005701,0.002318,0.026061,0.020495,-0.012628,-0.060282,-0.023253,-0.076577,-0.055132,0.006514,-0.013371,0.008961,-0.018213,-0.006045,-0.006481,0.054868,-0.074004,0.045239,-0.076608,-0.016792,-0.036699,0.028786,-0.000567,-0.001077,0.056775,0.006670,-0.001756,-0.041763,0.019662,-0.006885,0.031261,-0.002889,0.000561,0.095001,-0.039703,0.051297,0.002902,-0.058716,0.054773,-0.077337,-0.000857,0.000216,0.076915,-0.013869,0.046225,0.013007,0.009817,-0.027359,0.009442,-0.020599,-0.009472,0.039818,-0.022280,-0.035817,0.013153,0.027565,-0.033862,-0.044021,0.066368,-0.020602,0.001293,-0.035992,-0.005292,-0.007811,-0.074927,-0.004505,0.038467,0.014752,-0.029008,0.043879,-0.049009,0.001872,0.001712,-0.024781,-0.054681,-0.030773,-0.010476,-0.031889,0.010993,0.061136,0.027755,-0.038875,-0.071220,0.007803,0.000569,-0.046672,-0.029579,0.010205,-0.067455,-0.001679,-0.006821,-0.020385,-0.029421,-0.032517,-0.034840,0.012194,-0.007333,
0.025248,0.076232,-0.008591,-0.067069,0.007399,-0.015985,0.059272,0.018742,-0.001214,0.015266,-0.012589,3.352402,0.042162,0.050738,-0.005037,0.030611,0.048299,0.000749,0.044326,0.029798,-0.023141,0.011790,-0.001040,-0.002506,0.063318,0.020052,-0.007547,0.020285,-0.003145,0.008830,-0.020385,-0.052662,-0.003769,-0.004469,-0.026268,-0.005837,-0.095658,-0.088169,0.072585,0.029692,-0.092064,-0.079170,0.000377,-0.076297,-0.095575,0.069243,-0.057621,-0.061680,-0.001428,-0.092291,-0.061803,-0.003624,-0.058998,0.001664,-0.022041,0.055004,-0.010634,-0.002445,-0.061567,-0.035298,-0.038378,0.064735,0.021438,-0.006010,-0.084210,0.033128,-0.005946,0.037392,-0.082477,0.011515,0.002259,0.015129,-0.039653,-0.092144,-0.006644,-0.043969,0.078183,-0.000203,0.051275,-0.075868,-0.005904,0.090329,0.022435,0.062811,-0.039121,0.040173,-0.073084,0.014863,0.018084,0.044294,0.010848,-0.005959,0.065637,0.000431,-0.069751,-0.032133,-0.000000,-0.049374,-0.033917,0.006939,-0.010989,0.038234,-0.016560,-0.010066,-0.013503,-0.021233,-0.001158,-0.091375,-0.003482,0.038606,0.025544,0.021946,-0.058312,0.003491,0.011232,-0.030405,-0.070903,0.059290,0.004353,-0.032750,0.075344,0.033318,0.017899,-0.083890,-0.003538,-0.015271,-0.063711,0.035021,0.010909,0.009240,0.028697,-0.025704,-0.063737,0.003916,0.088207,-0.065717,-0.003176,-0.032988,-0.021216,-0.003362,-0.000003,-0.089175,-0.029671,0.001766,0.084350,0.061809,-0.000052,0.086384,0.043326,-0.016819,0.062117,-0.021097,0.000781,-0.078058,0.093922,0.068795,-0.000599,0.016434,0.030195,0.009099,-0.021271,0.060784,-0.000723,0.055438,-0.074337,-0.063362,-0.072136,0.099942,0.001366,-0.005450,0.019856,-0.003042,-0.031782,0.011630,-0.052052,-0.056080,0.013251,0.079806,0.033098,0.064182,-0.047894,0.006620,-0.062840,0.001140,-0.000482,0.000670,-0.022565,0.010744,-0.018068,-0.069389,-0.063258,0.020471,-0.011054,0.013769,-0.058480,0.013718,
-0.018615,-0.021683,-0.011501,0.012859,0.039989,0.012157,0.033272,-0.021759,0.007233,0.033324,0.055898,0.042162,1303.821967,0.045774,-0.047293,0.006349,-0.035534,0.000471,-0.020967,-0.004394,-0.001113,-0.052802,0.039017,-0.025178,-0.061798,0.071497,0.022308,-0.037048,0.000218,-0.007321,-0.002011,-0.002842,0.024959,0.004653,0.042674,0.011106,-0.000827,-0.021441,0.028076,0.066664,0.000320,0.001260,0.042409,-0.002083,-0.018019,-0.099718,-0.017520,0.043153,-0.009029,0.044470,0.000330,0.001038,-0.084262,-0.032188,-0.015611,-0.066841,0.037480,-0.002920,0.011912,-0.044644,0.001708,-0.085746,-0.053829,-0.062122,0.001422,-0.000454,0.086301,0.076830,-0.043471,-0.000217,0.085426,0.000012,0.000000,0.007643,0.001796,0.014537,0.005636,0.014783,0.051446,-0.067575,-0.061172,0.087850,0.013731,-0.038312,0.051511,0.078312,0.064995,-0.052271,-0.000940,-0.036819,-0.081789,-0.004179,0.049080,0.048129,0.050768,0.003639,-0.024927,-0.001508,-0.028107,0.044953,0.003301,-0.009231,-0.032858,-0.005854,-0.099425,0.040112,0.021147,-0.061813,0.002679,0.000199,-0.035595,0.004782,0.000112,0.036426,-0.057618,-0.095691,-0.020274,-0.007968,-0.031940,-0.008237,0.063573,-0.015351,-0.095791,-0.021139,-0.060924,0.008010,-0.001373,-0.005498,-0.012387,0.000047,-0.008919,-0.028423,0.085467,-0.043016,0.004936,-0.019551,0.038758,0.000107,0.024418,-0.032218,0.059019,-0.015581,0.068568,-0.000058,-0.019376,0.005126,0.078513,0.016283,0.001733,0.008015,0.028196,0.067508,0.016621,0.004462,0.015331,-0.086805,-0.004392,0.039995,-0.034495,0.082695,0.069248,0.036437,-0.003770,0.039769,-0.009819,-0.003501,0.089021,-0.018981,0.049493,0.026001,0.069448,-0.000099,-0.000049,-0.000165,0.053899,0.080050,0.066320,-0.052660,-0.048239,0.025565,-0.065483,-0.000002,-0.018565,0.081308,0.022436,-0.025609,0.001962,0.000642,-0.002055,-0.000741,0.088108,0.047696,-0.036630,-0.094461,0.016941,-0.009039,
0.091626,0.003894,0.000077,0.003874,0.007203,-0.000076,0.036066,0.014832,0.003128,-0.005160,0.077950,0.050738,0.045774,5.210865,0.008396,-0.058949,0.012069,-0.042221,0.039261,-0.004037,-0.003861,-0.042655,0.014664,0.006245,0.005332,-0.006418,-0.033554,-0.073162,-0.000000,-0.002768,0.014736,-0.079446,0.096037,-0.006526,0.077592,0.020616,-0.002077,0.006066,-0.081615,0.041757,-0.022694,0.079760,0.074009,-0.010542,-0.085546,-0.000562,0.045081,-0.051391,0.092301,0.031039,-0.099671,-0.025734,0.019614,-0.011504,-0.044124,0.058487,-0.047982,-0.060918,-0.087485,0.013348,0.053791,0.002782,-0.064650,-0.003409,-0.009038,0.070345,-0.011999,-0.008666,-0.007543,0.076704,0.027529,0.049408,-0.055727,0.060592,-0.002290,0.034832,0.019143,0.008177,-0.006207,0.091961,-0.069000,-0.022018,0.024303,0.005592,0.003608,0.037031,0.095398,0.007478,-0.071007,-0.072451,0.095204,-0.046848,-0.037475,0.054979,0.071006,0.064738,-0.010627,0.002581,0.014141,-0.063623,-0.035354,0.049644,0.069617,0.017062,0.016611,0.010870,-0.013059,-0.001415,-0.005015,-0.002663,-0.005602,0.061679,-0.031401,-0.018435,-0.077050,0.006782,0.022307,-0.003235,-0.029156,-0.025710,-0.067590,-0.002246,0.033500,0.011223,-0.054688,0.052890,0.014538,-0.007438,0.013001,-0.006069,-0.054904,0.003960,-0.046294,-0.030667,0.004426,0.038460,0.009989,-0.027410,0.032252,0.028058,-0.089285,-0.081933,-0.040606,-0.049956,0.032405,0.095695,-0.019472,0.004166,0.006933,-0.074136,-0.014887,0.058893,0.003313,-0.053826,-0.075924,0.010351,-0.011763,-0.002158,-0.037612,-0.048287,0.003249,0.061685,-0.069852,0.053712,0.034817,-0.025333,0.006184,-0.001577,0.072313,0.026956,0.077565,-0.023200,0.013328,-0.084113,-0.030288,-0.000008,-0.001717,-0.007618,-0.026346,0.000226,-0.005854,0.019652,-0.005684,0.001119,-0.020459,0.069045,-0.007638,0.045396,0.043812,-0.012832,-0.010442,-0.061784,-0.007689,-0.015342,-0.004362,-0.075309,
-0.018184,-0.010641,-0.035559,0.049297,-0.004991,0.062364,0.057706,-0.013744,-0.040061,-0.055148,-0.054019,-0.005037,-0.047293,0.008396,7.964473,0.061331,0.039776,0.029041,0.036928,0.052870,-0.007024,0.006915,-0.066533,0.056207,-0.066620,0.017476,-0.057883,-0.033295,0.019945,-0.025271,0.001672,0.063308,-0.027502,-0.099202,-0.040238,-0.000852,-0.026646,0.029332,0.055147,-0.039827,0.026211,0.012672,0.012900,-0.021537,0.001850,0.028722,0.037618,-0.002870,-0.050279,0.036841,-0.011896,0.008091,0.020419,-0.070727,-0.032054,0.012327,-0.010249,-0.056936,0.034822,-0.036597,-0.045602,0.001463,-0.084382,0.015670,0.029881,0.054534,0.071273,-0.073026,-0.032717,-0.024377,-0.022539,-0.008358,-0.003751,-0.009513,0.018240,0.007362,-0.034459,-0.002444,0.088590,0.023295,-0.006673,0.023591,-0.024706,-0.073318,0.023598,0.000631,-0.069862,0.040056,-0.006537,0.016896,0.017373,-0.013344,0.014959,0.001352,0.070855,0.018632,-0.039541,-0.049618,-0.055767,-0.009515,0.021310,0.056429,-0.009725,-0.016004,0.050681,0.056778,-0.056567,0.051566,0.007594,0.017749,0.013541,0.013942,0.009946,0.057438,0.056133,0.060761,-0.007705,-0.005844,-0.003974,0.031642,-0.016857,-0.002313,-0.079921,0.057426,-0.083900,-0.000014,-0.027576,-0.010747,-0.035251,0.044456,0.004787,0.014247,-0.012861,-0.013088,-0.013623,-0.003520,-0.007579,0.025956,0.043681,0.043375,-0.007343,0.004620,-0.034965,0.008981,-0.097925,0.037860,0.025557,-0.077324,0.057657,0.006071,-0.010104,-0.012504,0.002059,0.015700,0.067254,0.058590,-0.019790,0.064501,0.072235,-0.039699,-0.043158,0.034916,-0.039560,-0.054472,-0.056524,0.035747,0.046043,0.003927,-0.029150,-0.033318,-0.012673,-0.060626,0.005824,0.057945,-0.047747,-0.026904,0.005105,0.002846,0.027428,0.002900,-0.061362,-0.076261,0.078780,0.070727,0.094750,-0.054655,-0.027880,0.031243,-0.042002,0.001497,-0.070817,-0.018921,0.000269,0.028611,0.002133,0.013368,
-0.042053,-0.039628,-0.065650,0.013259,-0.058059,-0.045357,0.057546,0.011048,0.007122,0.047994,-0.002977,0.030611,0.006349,-0.058949,0.061331,27.350237,0.013592,-0.074013,0.052702,-0.023898,-0.034263,-0.006936,-0.097475,0.019195,-0.006326,-0.000693,-0.011189,-0.092176,0.063383,0.029044,0.072823,-0.084761,-0.006930,-0.083758,-0.067509,0.038864,-0.000727,0.000096,0.000809,-0.008361,0.026382,0.008500,-0.012539,-0.090540,0.001080,-0.018108,0.062352,-0.059853,0.045889,-0.015358,0.042442,-0.001426,0.074852,-0.057758,0.022492,0.078539,-0.034044,0.051412,0.028661,0.029062,0.008463,-0.098027,0.001828,0.049606,0.059983,0.056702,-0.027035,0.004717,-0.014924,0.048792,-0.023364,0.086980,0.040730,-0.016527,0.054615,0.060318,-0.000727,0.001875,0.049673,-0.015406,0.072659,-0.054767,0.048573,0.012462,-0.069804,-0.005605,0.000472,-0.023660,0.001675,0.002634,0.047700,0.048213,0.027167,-0.028136,0.022739,-0.024074,-0.001791,-0.001691,-0.015341,-0.023661,-0.083436,-0.056573,-0.004385,-0.019949,-0.002543,-0.047506,0.051915,-0.000002,0.073221,0.039700,0.033531,-0.031434,-0.002454,0.004222,-0.092002,0.030024,0.091452,-0.022637,-0.005756,-0.014144,-0.005074,0.037045,0.051577,-0.052578,0.013176,0.000925,-0.030000,0.032865,0.004715,-0.039245,-0.002593,0.075045,0.031384,0.069486,-0.069032,-0.039083,-0.024530,-0.075860,-0.050091,0.085202,0.042397,0.031780,0.038422,0.024850,0.091599,0.011664,0.000016,-0.006911,-0.002303,0.006043,0.004871,0.073668,-0.002259,0.004700,0.001223,0.000205,-0.075233,-0.017892,0.047014,-0.010742,0.029383,0.081820,-0.053391,0.065746,0.078653,-0.028995,-0.003221,-0.063664,-0.022084,0.054892,-0.000292,0.045238,0.014309,0.068772,0.001110,-0.030557,-0.001851,-0.033004,0.048218,0.014425,-0.001034,0.000646,0.043876,0.000892,-0.044625,-0.001888,0.004105,0.014840,-0.093354,-0.026182,0.009473,-0.081084,0.036993,0.039955,0.000365,0.092859,
-0.001920,-0.000015,-0.073955,0.056643,-0.000050,-0.015021,-0.009082,0.049886,0.003871,-0.012758,0.005673,0.048299,-0.035534,0.012069,0.039776,0.013592,1146.473287,0.002226,-0.000389,0.000353,0.001093,0.001513,0.032450,-0.045560,-0.015771,0.046486,0.052380,0.040994,-0.000535,-0.003194,-0.004839,-0.032288,-0.000871,0.014005,-0.030399,0.079367,-0.003291,-0.004520,-0.060021,-0.004154,0.000327,-0.043520,0.028470,-0.037668,0.099601,0.027712,-0.000022,-0.082681,-0.015601,0.067141,0.004354,-0.001586,0.008938,-0.000069,-0.009549,-0.001004,0.036592,-0.087141,0.020913,0.016916,0.000622,-0.000972,-0.073061,-0.020635,-0.006852,0.001277,0.002938,-0.023879,-0.002548,0.000111,0.002503,-0.027639,-0.063248,0.000006,-0.050332,-0.046409,0.000489,-0.000021,-0.001727,-0.019912,0.000225,-0.060862,-0.036919,-0.096909,-0.010708,0.006109,-0.024342,-0.069026,0.000185,0.001404,-0.006399,0.000000,0.011526,0.029181,-0.001256,0.003442,0.050207,-0.097205,0.078349,-0.024145,0.047100,0.051681,0.043062,0.008272,-0.079816,-0.047824,-0.002470,0.072987,0.002188,-0.000031,0.021508,0.014326,0.000026,-0.022031,-0.000108,-0.075770,-0.021992,-0.000031,0.069127,0.036010,0.014100,0.002069,0.000046,0.031810,-0.081928,0.001508,-0.035558,0.017815,0.088644,-0.044436,0.013339,0.009625,-0.041931,0.054785,-0.089611,-0.005396,-0.016634,0.009421,-0.024660,-0.047292,-0.001023,-0.036104,0.001315,0.000075,-0.072431,-0.007692,-0.009747,-0.083565,0.000125,0.057990,-0.002288,-0.000794,0.002517,-0.032434,0.008185,0.034030,0.002097,-0.099343,-0.006682,-0.036876,0.007983,-0.025027,0.011413,0.029004,-0.077972,-0.039309,-0.045216,0.000706,-0.000918,-0.000560,-0.000843,0.000112,0.058928,-0.003319,-0.000795,-0.012965,-0.029816,0.000010,-0.011074,0.028621,0.058152,0.004017,0.008891,0.021411,0.010288,0.003164,0.016151,0.012048,0.071074,-0.077493,0.061551,-0.074312,-0.000055,0.001375,0.003518,0.002267,
-0.000533,-0.043093,0.045085,0.020498,-0.015111,0.071995,0.067267,-0.000363,-0.002147,-0.060699,0.017709,0.000749,0.000471,-0.042221,0.029041,-0.074013,0.002226,175.488965,-0.075105,-0.066989,-0.000413,0.010674,-0.068506,0.094782,0.044969,-0.028276,-0.068321,-0.069499,0.004041,0.004079,0.027375,-0.013385,-0.000471,-0.001666,0.007703,0.096705,0.025132,-0.057567,0.047637,-0.017210,-0.012089,0.000715,-0.020815,-0.016086,0.001195,-0.009246,0.004395,0.048064,-0.051663,-0.011821,-0.078107,-0.073073,-0.017467,-0.001960,-0.015179,0.000020,0.006787,-0.080390,-0.024129,0.007835,-0.016532,-0.032481,-0.010132,-0.077234,-0.004948,-0.001096,0.019213,-0.001931,-0.027968,-0.001964,0.024753,-0.032340,-0.001715,0.002430,-0.003998,0.041122,-0.079462,-0.000903,0.014138,0.061207,-0.040279,0.012204,-0.021740,0.042133,-0.001001,0.001171,0.024202,-0.010882,0.007308,-0.002002,0.005338,0.065353,0.003169,0.025663,0.069090,-0.009678,-0.001479,0.002946,-0.075008,-0.000043,-0.002623,-0.077794,0.010594,-0.075668,-0.000091,-0.052589,0.039722,0.091103,0.003457,-0.024283,-0.050891,-0.004224,-0.087151,-0.000013,-0.035694,-0.008402,0.022053,0.009554,-0.000006,0.011602,-0.000601,0.006107,-0.019701,-0.000303,-0.075481,0.000925,-0.005826,-0.067113,-0.002094,-0.037697,-0.084647,0.000867,-0.084095,-0.017597,-0.037938,0.018805,-0.001085,0.002424,0.071323,0.002486,-0.013798,0.000553,-0.018209,-0.000145,0.004361,0.000333,-0.028768,0.043517,-0.087476,-0.094711,0.065276,0.001209,-0.038604,0.001258,-0.016590,-0.004164,-0.003706,-0.027043,0.091261,-0.011439,0.000010,-0.001663,0.005489,0.038848,-0.040271,-0.008696,-0.018170,-0.064928,-0.002295,-0.001267,0.061414,0.001697,0.054427,-0.001511,-0.020147,-0.011198,-0.005863,0.067646,0.014690,0.098319,-0.000250,-0.005499,-0.000113,0.000482,0.000619,0.099584,-0.000483,-0.098960,0.000152,-0.000106,-0.018067,0.025209,-0.000627,-0.000521,-0.000747,-0.015486,
0.002026,-0.012405,-0.007920,-0.015242,0.000235,-0.001337,-0.034203,-0.028067,-0.038994,-0.053176,0.065946,0.044326,-0.020967,0.039261,0.036928,0.052702,-0.000389,-0.075105,225.411405,-0.017643,-0.019406,0.000514,0.002246,-0.034171,-0.017531,0.007316,0.020538,0.006280,-0.000018,0.004017,-0.055113,0.000030,-0.000358,-0.015456,0.000682,-0.000499,0.032495,0.002581,0.083351,0.004771,-0.006330,-0.000961,-0.030981,0.041298,-0.002728,0.066558,-0.014084,-0.002490,-0.011374,-0.002555,-0.010319,-0.068147,-0.017748,0.000667,0.021570,-0.000007,0.021727,0.000411,0.028668,0.067595,0.000408,0.075338,0.063514,-0.024740,-0.025055,0.001482,0.026572,-0.097081,-0.051531,0.001952,0.040210,0.012433,0.000338,0.008058,-0.020906,0.002497,0.002054,-0.009958,0.041593,-0.020152,0.000081,-0.087215,0.000019,-0.000884,0.009643,-0.025337,-0.004268,0.032510,-0.052867,0.087282,0.001132,-0.029001,-0.049296,0.021948,-0.056156,-0.066207,-0.047100,-0.037760,-0.048029,0.002260,0.000326,0.037429,-0.001045,-0.018092,0.032713,-0.059623,-0.065457,-0.002119,-0.090805,0.020120,0.029445,-0.074314,0.000890,-0.003757,-0.001305,0.029458,0.041627,0.069966,0.004648,-0.003068,-0.055986,0.076531,0.051100,-0.006513,0.044803,-0.000590,-0.000241,0.005509,-0.021885,-0.015833,0.004192,0.070225,0.039064,-0.087342,-0.088693,0.020252,-0.000211,0.003075,-0.005146,0.010796,0.006580,-0.001418,-0.063018,0.017995,-0.022250,0.011333,0.003087,0.045982,-0.003348,0.017526,0.004750,-0.021142,0.020583,0.001638,-0.005165,0.004101,0.041543,0.012968,-0.012923,0.006773,0.011942,-0.002330,-0.015836,0.004040,-0.003888,-0.021085,-0.005824,-0.090283,-0.000029,-0.003319,-0.033602,-0.001167,-0.001461,-0.008231,0.003230,-0.099893,-0.018967,-0.000102,-0.009111,0.011368,0.085515,0.089763,-0.009547,0.012642,-0.004983,-0.000931,-0.083621,0.069485,0.023541,0.061207,0.008297,-0.000006,-0.020823,-0.030677,-0.027604,0.064699,
0.002252,0.089084,-0.039548,0.095806,-0.095848,-0.000349,-0.012097,0.050945,0.009573,-0.083442,0.038779,0.029798,-0.004394,-0.004037,0.052870,-0.023898,0.000353,-0.066989,-0.017643,35.684216,-0.023414,0.035899,-0.076294,-0.055294,-0.070953,-0.079619,-0.004594,-0.022966,0.006718,0.003415,0.072757,0.000099,-0.001768,-0.049490,-0.035320,-0.038771,0.081818,0.000324,-0.012640,-0.004930,0.004746,0.000444,0.010808,0.084797,0.053817,-0.045739,0.001400,0.069801,0.008673,0.047656,-0.003433,-0.064140,0.023617,-0.000142,0.083263,-0.000142,-0.047194,-0.097214,0.029173,0.051511,0.063738,-0.017004,-0.001916,0.019377,-0.070710,-0.006779,0.001627,0.019276,-0.010040,-0.004880,0.027101,0.045811,0.001764,-0.038797,-0.091660,0.004481,0.045679,-0.000027,0.058908,-0.068218,0.006022,0.000137,0.020353,-0.036439,0.061131,0.069761,-0.063972,0.067417,0.026172,-0.028086,-0.002340,0.046533,-0.006999,-0.024224,-0.038665,-0.042799,-0.001268,-0.009437,0.037070,-0.004685,0.063251,-0.024595,0.009267,-0.006350,0.017553,0.067240,-0.005382,0.004489,0.003396,-0.000174,-0.001274,0.094573,-0.005266,0.001772,-0.000070,-0.073517,0.068736,-0.036738,-0.074257,0.063449,-0.006436,-0.002536,-0.003245,-0.001301,-0.022954,0.000169,0.096975,-0.006222,-0.035413,0.040124,-0.005689,0.000844,0.009082,0.021223,-0.081554,0.013956,0.044621,-0.046987,-0.084978,-0.009189,0.003735,0.003411,-0.054037,-0.079708,-0.056308,0.002973,-0.095707,0.058292,0.041465,0.000250,0.009382,0.022905,0.041295,0.009451,-0.019908,0.005448,0.000715,0.045402,0.060098,0.023000,-0.061275,-0.000028,0.081332,0.057850,0.045946,-0.078597,0.068922,-0.062768,0.005976,-0.006146,0.000515,0.005743,-0.007939,0.000237,0.001545,0.051413,-0.007207,-0.001042,-0.081877,-0.002200,0.037829,-0.057123,0.012333,0.083331,0.037145,0.000155,0.013305,0.027064,0.000562,-0.011491,-0.003964,0.035805,-0.002404,0.001590,0.002922,-0.000562,
0.043480,0.007984,-0.016393,0.014443,0.003236,0.089621,0.051676,0.086895,-0.000007,0.065421,0.007912,-0.023141,-0.001113,-0.003861,-0.007024,-0.034263,0.001093,-0.000413,-0.019406,-0.023414,4769.235504,0.026186,-0.049280,-0.031636,-0.003221,-0.040734,0.024176,0.015711,0.000671,0.000001,0.041977,0.086891,0.002438,-0.020575,-0.048846,-0.061595,0.000058,0.021597,0.081165,0.072705,0.000181,0.046998,0.057384,0.016040,-0.038925,-0.013112,-0.002548,0.052635,0.035287,-0.013174,-0.012735,-0.000668,-0.035724,0.023781,0.000518,-0.032260,0.022777,-0.000569,0.068376,0.016594,0.021454,-0.004220,0.056254,0.009855,-0.003753,-0.008399,-0.050980,0.024645,-0.001049,0.090778,-0.067619,0.068883,0.030064,-0.000817,-0.089224,-0.062323,-0.006235,0.091081,-0.047559,0.051199,0.041071,0.031827,-0.009811,0.002407,-0.004931,0.000181,0.057656,0.005136,-0.000050,0.006538,-0.023910,0.050217,0.061076,-0.013634,-0.012059,-0.000977,-0.000643,0.028116,-0.004306,0.047822,-0.008849,0.014077,0.021569,-0.017771,-0.000642,0.093322,0.047948,0.023346,-0.025829,0.012006,0.019265,-0.023275,0.034784,-0.000014,-0.002428,-0.071228,0.000617,0.011783,0.019171,-0.021193,0.084216,-0.000867,0.000341,-0.087640,-0.000303,-0.000932,0.010146,0.002522,0.005320,0.027324,0.062740,-0.017698,0.077296,0.003646,0.083181,0.008317,0.000875,-0.018932,-0.049161,0.001183,0.000446,0.095830,-0.081654,-0.020944,-0.068628,0.007148,-0.071977,0.055579,0.080380,0.002907,0.001414,0.035814,-0.000977,-0.006944,0.014362,-0.001912,0.001925,0.015765,-0.079534,-0.000214,0.001368,0.068454,-0.007921,0.008670,0.001362,0.005556,0.033988,-0.006692,-0.000002,-0.009464,-0.008148,-0.059025,-0.000584,-0.000436,0.000748,-0.079148,-0.019661,-0.006117,-0.003138,0.000302,-0.007464,-0.001087,0.014161,0.002309,-0.005165,0.010319,0.061223,-0.068469,0.000193,-0.009175,-0.002568,0.003348,0.003691,0.000009,0.006907,-0.009582,
