14.240011,0.090872,-0.009869,-0.035852,-0.026281,0.003195,0.001747,-0.001493,0.016814,-0.000464,-0.051107,-0.002856,-0.050218,-0.001581,-0.097241,0.090897,0.071152,-0.018715,0.031073,0.094603,0.000443,0.031824,0.041765,-0.073194,0.064523,0.002136,0.057252,-0.040946,-0.050876,-0.000183,-0.090823,0.000067,0.030635,0.002879,-0.046572,0.071931,-0.005594,0.064942,-0.004345,0.064499,0.035405,-0.022835,0.036151,-0.018107,-0.018607,0.096878,-0.037029,0.084966,0.016421,0.056460,0.027143,-0.031378,0.022954,0.004599,-0.065412,0.035086,-0.010717,0.026142,-0.007334,0.013410,0.052309,0.039708,-0.017960,-0.001266,0.041120,0.027376,-0.060467,0.092166,-0.001288,-0.034674,-0.075964,-0.024715,0.010496,-0.040685,0.046276,0.090225,0.022012,0.003491,0.045011,-0.000190,-0.000315,-0.097343,-0.016909,-0.050185,0.030478,-0.035521,0.095478,-0.073775,-0.082369,0.060993,0.067158,-0.048371,0.063168,0.005000,-0.033971,0.018093,0.018932,-0.000956,0.001422,0.093606,0.036554,-0.046168,0.012989,-0.019879,-0.095438,0.014660,-0.064189,-0.009830,-0.072823,0.042410,-0.016720,-0.012422,-0.049608,0.000708,-0.052025,0.013601,-0.006907,-0.046144,0.067384,-0.001359,0.027212,-0.021670,-0.099621,-0.028720,0.000759,-0.032062,-0.065628,-0.082799,-0.047289,0.083262,-0.037321,0.033397,-0.084020,0.030675,-0.033608,0.057880,0.074936,0.015889,0.001248,-0.021995,-0.055941,0.034185,0.004419,-0.057493,0.020591,0.083536,-0.019313,0.069635,-0.041522,-0.025871,0.051764,0.013997,-0.032173,0.060677,-0.068965,-0.050402,-0.064426,-0.068146,-0.040829,-0.009782,-0.097639,0.014073,0.091052,0.005563,0.031532,-0.016889,-0.000425,-0.026536,0.006671,0.059354,-0.028518,0.023481,0.096688,-0.029018,-0.045553,-0.017798,0.000001,-0.093910,-0.018286,0.072069,0.000393,0.000760,-0.067785,-0.044661,-0.081824,-0.043620,0.020471,-0.082668,0.055082,-0.009392,-0.009896,0.017400,-0.000569,0.037208,-0.008496,0.000335,
0.090872,627.418046,0.066667,0.004123,-0.025032,0.000810,0.019200,-0.064808,0.000198,-0.015831,-0.021734,0.016953,-0.011513,0.000164,-0.006088,-0.038111,-0.021605,0.015534,0.008443,-0.000754,-0.004343,-0.069850,-0.012501,0.073060,-0.089828,0.000729,0.006356,0.034724,-0.036526,0.000596,0.032057,0.000004,0.037917,-0.013017,-0.007296,0.017267,0.018664,-0.000524,-0.041618,0.018750,0.059485,0.001030,-0.038856,0.042104,0.061995,0.003728,-0.082712,-0.082712,-0.045571,0.058727,-0.039061,-0.007060,0.001208,0.001946,0.051484,-0.021588,0.000044,0.026826,0.061593,-0.061100,0.033217,0.003025,0.019510,0.010392,0.050145,-0.008392,0.059396,0.007910,-0.000019,0.091216,-0.004163,-0.042931,0.088607,0.001659,-0.040984,-0.004664,0.007515,0.002862,0.096727,-0.028062,-0.001115,-0.009515,-0.000190,-0.000248,0.031744,-0.039172,-0.005778,-0.027820,-0.000537,-0.000009,-0.018912,0.029811,-0.000051,-0.022399,-0.000042,-0.046087,0.019310,0.031607,0.001406,0.032143,-0.013477,0.000002,-0.098102,0.055166,0.006449,-0.066587,-0.000444,-0.068118,-0.000595,0.022630,0.035185,0.043599,-0.006936,-0.000359,-0.036188,0.004517,0.014827,-0.028914,-0.000106,0.081202,0.000748,0.053542,-0.016011,0.051189,0.000175,-0.029640,-0.037985,0.072622,0.001601,0.072085,-0.043438,0.021971,-0.010827,0.076850,0.087270,0.044378,-0.004144,0.016676,0.011593,-0.037994,0.099650,-0.022348,-0.034578,-0.004205,-0.013486,-0.004351,0.002169,-0.022843,-0.016676,-0.027480,0.021627,0.068425,0.062494,-0.031170,0.026390,0.025282,0.034345,0.057717,0.052316,0.089874,0.004260,0.046016,0.000080,0.082089,-0.000720,0.005734,0.000016,-0.017193,-0.004759,-0.001895,-0.034770,0.022530,0.000530,0.002114,-0.061439,-0.082486,-0.029646,0.092295,0.014000,-0.032909,0.000077,-0.008191,0.002886,0.009695,0.000089,-0.026545,0.093050,0.092008,0.000019,0.000202,0.000236,0.015983,-0.000007,-0.039151,-0.001647,0.000000,
-0.009869,0.066667,0.131151,-0.078610,0.003438,0.070967,0.013879,-0.055348,-0.000542,0.022341,-0.028727,0.031104,0.014975,0.014784,-0.001064,-0.046124,0.015496,0.075064,0.022426,-0.000967,-0.017104,0.023396,0.050611,-0.000569,-0.039575,0.058112,-0.015624,0.013819,0.074483,0.002946,-0.003665,0.011348,-0.003337,0.073673,0.072759,0.023757,0.001142,0.087170,0.039209,0.009113,0.019020,0.009671,0.061354,-0.020257,0.056977,-0.002029,0.055473,0.013629,0.010927,0.085964,0.008583,0.072786,0.000135,-0.022110,-0.040185,0.010205,-0.028388,-0.001690,-0.000122,-0.015288,-0.004846,-0.019697,0.014808,-0.083033,0.002772,-0.090753,-0.054729,0.009083,0.068490,0.005734,0.078058,0.085626,0.007219,0.075311,0.017263,0.009270,0.037945,0.026581,0.041147,0.011741,0.002928,-0.001796,0.091393,-0.002421,-0.015406,0.063264,-0.002478,0.002553,-0.003158,-0.027234,-0.074423,0.079604,0.002693,0.010286,-0.096434,0.077855,-0.083819,0.009767,0.002209,-0.032792,-0.025639,-0.069916,0.024239,0.006212,-0.002062,0.040941,0.019401,0.013345,-0.007931,0.043062,0.019470,-0.010291,-0.018083,0.049136,-0.012971,0.092428,0.085693,0.093069,0.012651,0.011217,0.014698,0.084283,-0.001220,-0.046167,0.006865,-0.020463,0.027679,-0.021321,-0.017771,-0.048095,0.028793,0.028569,0.084704,0.026672,-0.016612,-0.002720,-0.009547,-0.012169,-0.002995,0.004389,-0.043715,0.045283,-0.069697,-0.003014,-0.017434,-0.004188,0.009313,0.003222,-0.006025,0.092341,-0.005026,-0.086689,0.004085,0.005576,0.000209,-0.093032,0.027695,0.072412,0.027538,0.022921,-0.001553,-0.064704,-0.029984,-0.006957,-0.018793,0.044573,-0.000430,-0.028674,-0.078920,0.023051,-0.015283,0.062290,0.037954,0.042419,-0.007429,0.004497,-0.054050,0.044495,-0.014046,-0.007116,-0.035667,0.006416,-0.000568,-0.045573,-0.044108,-0.088227,-0.002913,0.022012,0.076568,-0.080670,0.029649,0.002819,-0.097038,0.020293,-0.023433,0.016954,
-0.035852,0.004123,-0.078610,0.139183,0.011819,0.038682,0.010962,-0.080547,0.062362,-0.040733,0.074621,-0.059259,-0.009402,-0.002008,-0.020558,0.033584,0.051907,0.056900,-0.015725,0.007853,0.018094,0.031831,-0.047151,0.006074,0.033602,0.003717,-0.002539,-0.031755,0.027500,0.000123,0.005530,0.008633,0.049534,-0.027597,0.053976,0.006974,0.012472,0.026332,-0.062457,-0.046244,-0.057934,-0.020817,-0.078485,-0.079438,-0.079534,0.008902,-0.009109,0.037456,0.067983,0.013456,0.045280,-0.088116,-0.019252,0.016948,0.048828,-0.010191,-0.006780,-0.014803,-0.008820,0.027100,-0.046760,0.012456,-0.057836,0.010778,-0.012550,-0.056447,-0.079835,0.061506,-0.013944,-0.024975,-0.004765,-0.049416,-0.005992,0.036255,0.044706,-0.000555,-0.061146,0.093227,0.018377,-0.009159,0.077446,0.000078,0.008791,-0.001363,0.006506,-0.005469,-0.011495,0.057636,-0.007055,0.020693,0.063808,-0.000265,0.025431,0.091861,-0.000888,-0.042459,-0.004500,-0.010658,0.017028,0.034494,0.035658,0.000009,-0.025726,0.002723,-0.037142,0.027281,-0.094526,-0.024635,-0.003723,0.011476,-0.094029,0.026589,0.000036,-0.003573,0.051252,-0.088556,0.017447,-0.087824,0.033060,-0.016292,0.085713,-0.032566,0.002873,0.010294,-0.093385,-0.001456,0.018100,0.013210,0.018739,-0.032695,-0.030329,-0.020130,-0.073851,-0.024555,0.026363,0.005842,-0.079949,0.033231,-0.004583,-0.034673,0.001029,-0.096052,-0.001112,0.036234,-0.072065,0.009796,0.005353,0.008866,-0.013855,-0.021399,-0.000000,-0.003851,0.006792,-0.064709,0.002298,-0.002439,-0.020255,0.001338,0.011236,0.014958,0.007537,-0.009670,0.096960,-0.011723,0.012726,0.027810,-0.095930,0.041409,-0.059702,0.003082,0.039833,-0.029890,0.026061,-0.004733,0.010225,0.012951,-0.012427,0.014069,0.011211,0.091075,-0.027354,-0.019208,0.007576,0.067223,-0.012028,-0.049362,-0.051971,0.009577,-0.002491,0.049244,0.070485,0.007124,-0.038204,-0.018837,0.002752,-0.020641,
-0.026281,-0.025032,0.003438,0.011819,174.510060,0.032854,0.007195,0.027832,-0.003307,0.099668,-0.008537,-0.055460,-0.003762,0.003345,-0.016845,-0.079545,-0.004470,-0.003624,-0.036465,0.000119,0.030495,-0.031798,-0.037374,0.036366,0.019450,0.018575,-0.000630,-0.008015,0.003599,0.024009,0.037910,0.061521,-0.061488,0.005979,0.069195,0.064587,-0.000038,0.030287,0.041392,0.014404,-0.016294,0.089240,0.023579,0.000616,-0.054161,-0.042993,0.024097,-0.039415,0.085198,-0.032845,-0.006318,-0.002921,-0.002707,-0.004459,-0.029424,0.006443,0.062943,-0.004187,-0.000088,0.079352,-0.033358,-0.077054,-0.002112,-0.077209,0.003682,-0.005716,-0.048385,0.068759,-0.000418,-0.007732,-0.071246,-0.015781,-0.064268,-0.010083,0.005381,-0.045539,0.057714,0.005088,-0.060111,0.017227,-0.008949,0.002262,0.021226,-0.001695,-0.036424,0.004347,0.005359,0.045340,-0.020997,-0.015786,0.012568,0.006902,-0.024454,0.043606,0.042550,0.000019,0.040268,-0.004905,0.006251,0.095338,-0.000772,-0.070544,-0.000258,0.001507,-0.097785,0.029622,-0.014871,0.015411,-0.090694,-0.010433,-0.005987,0.003719,-0.016144,0.005554,-0.000711,0.001430,0.001092,-0.097611,-0.006352,0.054840,0.075018,-0.021369,-0.009448,0.021351,0.004771,-0.052663,0.080195,0.033160,-0.012293,-0.056105,-0.012332,0.006009,-0.000445,0.074296,0.010369,0.006386,0.009801,0.000256,-0.041160,0.091573,0.000211,0.010594,-0.038279,0.089326,0.000268,-0.033570,-0.006188,0.003174,0.036618,-0.006719,-0.000452,0.000041,0.000560,-0.022717,-0.021349,-0.064894,0.054232,0.000192,-0.000271,0.032554,-0.003844,0.000773,-0.003404,0.008468,-0.029168,-0.094176,-0.004226,-0.019758,-0.000485,0.006463,-0.003014,0.043749,-0.001275,-0.001197,-0.004995,-0.029780,-0.001000,0.010782,0.003626,-0.007574,0.004329,-0.001161,-0.010394,-0.076368,0.033285,0.018846,0.000225,0.071553,0.017756,0.011248,-0.018280,0.097453,-0.000432,0.028456,0.039619,0.046212,
0.003195,0.000810,0.070967,0.038682,0.032854,5.286665,-0.084781,0.048806,0.087587,0.003158,-0.006737,0.038394,-0.047357,-0.082789,0.028838,-0.002962,-0.057506,0.052671,0.011275,0.012080,-0.064526,-0.003018,0.073988,-0.017822,0.078478,-0.061285,-0.011714,0.004526,-0.034094,0.031550,-0.073222,0.003624,0.025831,0.000000,0.083917,0.034765,-0.052482,0.044860,-0.053391,-0.013730,0.010293,0.034758,-0.015554,-0.029138,0.039716,-0.031004,-0.016297,0.016562,-0.044783,-0.070841,0.000167,0.096667,-0.008003,-0.055665,-0.042905,0.062292,-0.034735,-0.048387,0.058294,0.061142,0.000026,-0.088866,-0.030595,-0.062720,-0.055752,0.081419,0.007460,0.025595,-0.021689,-0.003388,-0.074040,0.030078,0.007382,0.001306,-0.044360,0.023883,-0.000212,-0.075334,0.061351,-0.082333,-0.018593,0.074120,0.089585,0.020591,0.001244,0.012863,-0.043760,-0.029838,-0.000653,-0.045736,0.003582,-0.018922,-0.054061,-0.016996,-0.083091,0.008423,0.058943,-0.038526,-0.050242,-0.057145,-0.026800,0.048851,-0.020421,0.002956,0.020332,-0.000577,0.069514,-0.013638,0.058735,-0.000657,0.023633,0.029968,-0.001521,0.031442,-0.014076,-0.081874,-0.004727,0.007885,0.026138,0.021853,-0.018084,-0.055682,-0.086198,-0.044615,0.035730,-0.063199,0.015509,0.047935,0.033436,-0.035628,0.076004,0.031454,-0.081551,-0.071618,-0.069636,0.075440,0.025010,-0.023449,0.024733,0.057639,-0.074600,-0.039137,-0.003258,0.036279,-0.010138,0.001341,-0.041559,-0.052441,-0.000814,0.016193,0.047343,0.000601,0.020535,0.000601,0.009155,-0.041965,-0.033892,-0.010186,-0.010843,0.003495,0.088986,-0.012341,0.016388,-0.029155,-0.011981,0.051030,0.031003,0.087524,0.044849,0.006340,0.077361,-0.000197,0.004880,0.020063,-0.000551,-0.026908,-0.015789,0.059039,0.000334,-0.001588,0.021174,0.027673,0.030640,0.014734,0.026787,-0.053404,0.032017,0.026117,0.079608,-0.078504,0.019695,0.089861,0.010916,0.006822,-0.003204,-0.056820,
0.001747,0.019200,0.013879,0.010962,0.007195,-0.084781,0.544364,0.024534,-0.018367,-0.058833,-0.031087,0.040864,-0.025286,0.014203,0.005736,-0.032390,-0.007463,-0.086048,0.010262,0.041223,-0.057826,-0.075081,0.056679,-0.035685,0.024184,-0.000127,0.011040,-0.061946,-0.066619,-0.026474,-0.024966,-0.001291,-0.023005,-0.016368,-0.031598,-0.028177,-0.055835,-0.077410,0.006715,-0.000671,0.076667,-0.083202,0.008080,0.001379,-0.013269,0.046320,0.039552,-0.055757,0.035019,-0.061451,0.007694,-0.046400,0.051895,0.082303,0.014333,-0.039115,0.044294,-0.051211,-0.000058,-0.032905,-0.047904,0.046553,-0.028742,0.064730,0.002389,0.003232,0.016173,0.000648,0.041096,0.004689,0.039865,0.013609,-0.034977,0.030720,0.029247,-0.040874,0.018783,0.011564,-0.007949,0.034249,0.012541,-0.017257,-0.027832,-0.053098,-0.057607,-0.015988,-0.018498,-0.014466,-0.019839,0.094329,-0.018751,0.014813,-0.054726,0.058398,0.018278,-0.014341,-0.023958,0.030413,-0.051430,-0.047922,0.006704,-0.096791,-0.005180,0.055815,0.040451,-0.023479,0.076243,0.021474,0.013426,0.034301,0.035899,0.027114,0.096650,-0.003934,-0.004650,0.022429,-0.016988,0.044064,0.039301,0.078466,0.079260,-0.023366,0.069801,-0.025346,-0.043754,-0.048544,-0.020309,-0.072815,0.076705,-0.080165,-0.001271,0.020655,-0.070217,-0.012868,0.042288,0.007172,-0.037405,0.001348,-0.030721,0.062785,0.032337,-0.025031,0.009920,0.033302,-0.048568,-0.018667,0.060807,0.018971,0.032016,-0.016011,-0.004317,0.052923,0.061606,0.015132,0.069636,-0.010349,0.022777,0.013564,0.016187,0.074304,0.057066,0.000103,0.097176,-0.037994,-0.010439,0.087576,0.053248,0.012372,-0.045255,-0.011576,-0.053896,0.075624,0.087542,-0.040124,-0.027973,-0.012153,0.049059,0.065793,-0.005775,-0.018548,0.043975,-0.028645,0.030893,0.036425,0.000435,0.015283,0.045864,0.034823,0.002045,-0.033922,-0.049551,0.034824,0.011658,0.049804,0.018763,-0.007557,
-0.001493,-0.064808,-0.055348,-0.080547,0.027832,0.048806,0.024534,4.287355,0.006722,-0.029315,0.033383,0.047052,-0.002779,-0.016902,0.030411,0.012313,0.039331,-0.003108,0.046280,0.017861,0.005897,0.074594,-0.024073,0.004060,-0.059833,0.039394,0.004509,-0.025035,-0.035446,-0.096891,-0.017374,0.011642,0.001927,0.031141,0.027749,0.083141,0.003040,0.041130,0.024562,0.006456,0.015926,-0.012391,-0.053349,0.082752,0.058140,-0.001378,-0.012759,0.040147,0.040817,0.042512,0.023756,0.038767,0.097518,0.009517,0.001923,-0.066729,0.016678,-0.023349,0.078483,-0.076654,-0.007699,0.048057,0.008137,-0.092521,0.045292,0.043514,-0.002224,-0.052383,0.069623,0.002519,-0.029524,0.061627,0.048311,-0.000997,0.061708,-0.069545,-0.027651,-0.010555,0.093836,-0.064936,0.019263,0.005375,0.048243,-0.047342,-0.006923,-0.053550,-0.008561,0.054562,0.005070,0.001110,-0.067661,-0.043179,-0.069434,0.071275,0.011270,0.041120,0.006406,0.002698,-0.051827,-0.028674,0.025628,0.032904,0.003204,-0.064436,0.003062,0.025721,0.024417,0.000305,-0.055105,0.009856,0.016076,-0.036711,-0.014109,-0.007994,0.004080,0.000000,-0.039053,0.054111,0.010289,0.007100,-0.011877,-0.089458,0.007290,0.003375,-0.031028,0.086691,-0.092327,0.003386,-0.006236,-0.011330,0.016717,0.060545,-0.029187,-0.069102,-0.056118,-0.059018,-0.043798,0.047254,-0.021947,0.002240,0.007574,-0.020798,0.017929,0.020054,-0.023238,0.029571,0.065863,0.033392,-0.050551,-0.081687,-0.030327,0.007510,-0.035387,0.026731,0.002579,-0.013097,0.013685,0.001417,-0.027035,-0.006468,-0.031377,0.010066,0.075593,-0.017946,0.016371,-0.008422,-0.052001,0.006278,0.030423,-0.002439,-0.057858,-0.040083,-0.044313,-0.059036,0.000851,0.035712,-0.086789,0.080487,0.001089,-0.069058,0.002663,-0.006987,-0.016795,-0.046652,-0.009326,-0.069685,-0.025857,-0.023147,0.068860,-0.040428,0.016560,0.059456,-0.078094,-0.016306,-0.002914,0.049062,
0.016814,0.000198,-0.000542,0.062362,-0.003307,0.087587,-0.018367,0.006722,1823.078097,0.000324,0.001546,-0.033274,-0.044097,0.019435,-0.012267,-0.000034,-0.008381,0.038879,-0.014607,0.001470,0.026877,-0.002043,0.004165,0.006921,0.044508,-0.001637,0.019013,0.002920,0.013250,0.015234,-0.066297,-0.022374,0.034172,-0.000139,-0.010068,0.099486,0.085856,-0.021208,0.036831,-0.071920,0.009359,0.090034,-0.093306,-0.017061,0.001297,0.064682,-0.058563,-0.030747,0.005823,-0.012531,0.030784,0.091899,-0.001216,0.000151,0.069256,-0.047004,-0.011517,-0.023789,0.089291,-0.093980,0.002379,0.022703,-0.035417,-0.001865,0.075098,0.096542,-0.027302,0.032801,0.001040,0.092324,0.017409,0.002271,0.002340,-0.002674,0.059548,-0.035278,-0.005403,-0.071473,0.009609,-0.052994,-0.000089,-0.000013,-0.076424,-0.000541,0.000018,-0.000046,0.060037,-0.000532,-0.000488,-0.041903,-0.000971,-0.006253,0.001018,0.011988,-0.002309,0.069258,0.036943,0.003153,0.000622,0.026892,0.006751,-0.000142,-0.007583,0.020069,-0.021609,-0.007489,0.021325,-0.001999,0.009856,0.001348,0.032336,-0.015324,-0.003773,-0.001033,0.033183,0.044930,-0.002663,0.006998,-0.002245,0.045324,-0.000029,-0.015040,0.004117,0.030109,-0.010447,0.015223,0.083405,0.002260,0.004973,0.021289,0.023272,-0.030712,0.056256,-0.060258,-0.008442,0.077722,0.000862,0.048433,-0.030356,0.025169,0.016789,0.000084,0.000694,-0.057025,-0.029875,-0.016162,-0.094711,-0.052538,-0.001690,0.027486,0.060873,0.032645,-0.000606,-0.020409,0.055000,-0.074817,0.001562,0.007846,0.003405,-0.022738,0.007613,0.011682,0.002358,0.020127,0.019369,0.039459,-0.019960,-0.004619,0.005089,0.000014,-0.015728,0.078513,0.000851,-0.001172,0.016939,0.049904,0.005960,-0.000004,-0.046029,-0.001244,-0.000015,-0.028636,0.049091,0.001070,-0.000247,-0.042502,0.000040,0.007042,0.000012,-0.060371,0.006387,-0.080664,-0.001937,-0.048126,0.019774,0.023667,
-0.000464,-0.015831,0.022341,-0.040733,0.099668,0.003158,-0.058833,-0.029315,0.000324,1355.510669,0.010386,-0.000059,-0.000005,-0.003800,-0.000401,-0.025719,-0.000066,-0.027081,-0.018445,-0.024155,-0.083453,0.065228,-0.000928,0.013167,0.003165,0.031442,-0.034203,0.052526,0.038208,-0.012262,-0.007152,0.063109,0.012103,-0.000011,0.002464,0.009145,0.007828,-0.005176,0.041984,0.060770,0.002412,0.001476,0.006631,0.001305,0.075120,0.000653,-0.028735,0.003630,0.002597,-0.001579,-0.043227,0.047716,-0.004840,0.000608,-0.016872,0.000995,-0.007348,-0.000040,0.000503,0.003001,-0.033998,0.004525,0.046086,0.017548,-0.000207,0.033666,0.082728,-0.090409,-0.006446,-0.096635,-0.006206,0.020233,0.000092,-0.000022,0.000361,-0.006365,0.005656,0.004023,0.094868,-0.006330,-0.001231,-0.008192,-0.011587,0.000144,-0.000186,-0.000169,0.024203,-0.051394,-0.000735,-0.049326,0.086183,0.042549,0.010135,0.077691,0.000274,-0.007177,0.001077,-0.001548,0.003548,-0.001394,0.059117,-0.001281,-0.068208,-0.025067,0.003817,0.012412,-0.022772,0.074088,0.009102,-0.003641,0.073231,0.001795,0.004574,0.045324,0.019400,0.030012,0.000000,-0.042233,0.037983,-0.055932,0.016535,-0.065644,0.000512,-0.004586,-0.018781,0.012261,-0.008574,-0.030052,0.017508,0.016702,-0.054389,-0.042925,-0.059672,-0.062864,0.056896,-0.058140,0.000051,0.036620,-0.028842,0.041791,0.038355,0.000030,-0.059425,-0.029393,-0.036817,0.000781,0.001283,-0.057934,-0.000934,0.039163,-0.045025,0.053614,-0.001178,0.024768,-0.032111,0.013630,0.028980,-0.007944,0.002991,0.080335,-0.093562,0.035072,0.005074,-0.004051,-0.051999,-0.023802,-0.003033,0.077048,-0.000013,0.000416,0.032512,-0.006536,-0.000651,-0.001059,-0.000639,-0.000047,-0.000013,-0.043543,-0.006838,-0.049477,-0.000806,-0.007134,-0.003348,-0.000300,0.000022,-0.006192,-0.001083,0.004213,0.003312,0.001414,-0.056635,-0.038999,-0.000116,-0.000153,-0.000723,0.000053,
-0.051107,-0.021734,-0.028727,0.074621,-0.008537,-0.006737,-0.031087,0.033383,0.001546,0.010386,20.237554,-0.000010,-0.062057,-0.004915,0.041897,0.021847,-0.045019,-0.054112,0.037370,0.048259,-0.067108,0.072491,-0.000919,0.019605,0.010478,0.044722,-0.066656,0.057430,0.025733,0.004843,0.038230,0.023853,0.044998,0.008316,-0.023503,0.032317,0.043915,-0.005826,-0.064623,0.026053,0.033788,-0.004087,0.003630,-0.025303,-0.095932,0.011601,-0.000470,-0.073309,0.056095,0.001302,-0.017197,0.077222,0.053276,0.069489,0.025705,0.010915,0.001772,0.000885,0.018508,-0.006461,-0.028119,0.003047,-0.030772,0.066032,0.024420,0.009325,0.060242,-0.046653,-0.032233,-0.046705,0.055113,0.062401,0.021521,-0.060793,0.000723,0.027628,0.015745,-0.086712,0.081339,-0.012347,-0.028968,0.016594,0.084194,0.000591,0.050835,0.009436,-0.008012,-0.030401,-0.000001,-0.024529,-0.001037,0.052153,-0.012772,0.083249,0.041554,0.020374,0.017230,-0.021253,0.069640,0.000424,0.033833,-0.001956,0.008025,0.079716,-0.052257,-0.001166,-0.001891,-0.048215,-0.018069,-0.028332,-0.001010,-0.007791,0.079965,0.025790,-0.068904,0.012706,0.034133,0.005222,0.063557,-0.071100,-0.036367,0.075653,0.051460,-0.019645,0.007328,-0.094332,-0.025772,0.031361,-0.086509,0.083189,0.001336,0.058645,0.016453,-0.008661,-0.045532,-0.002274,-0.000107,-0.066928,0.001029,0.036983,-0.009976,0.046667,0.001815,-0.033794,0.032895,-0.003258,-0.059710,-0.001246,-0.061973,0.018963,0.009078,0.042091,0.045095,-0.027333,-0.047016,0.016519,0.050194,0.003979,-0.045386,0.033897,0.018095,-0.049656,0.012271,-0.068689,-0.028033,0.001617,-0.031641,-0.001527,-0.038262,0.043114,-0.001642,0.015246,-0.020039,-0.021223,-0.019895,0.039271,-0.024608,0.006910,-0.003949,0.021814,0.051851,0.003147,0.048743,-0.002716,-0.003422,0.003733,0.006674,-0.013961,-0.042551,-0.018523,-0.044115,-0.003701,-0.078808,-0.003719,-0.051255,0.023642,
-0.002856,0.016953,0.031104,-0.059259,-0.055460,0.038394,0.040864,0.047052,-0.033274,-0.000059,-0.000010,361.016023,-0.009004,0.001381,-0.019296,-0.088370,0.093994,0.004859,0.034596,-0.005060,-0.017716,-0.057594,0.076573,-0.070935,0.000340,-0.005633,-0.045613,-0.029109,-0.067944,-0.000300,0.034202,-0.023351,-0.066049,0.001041,-0.019595,0.005965,-0.000305,-0.022442,-0.049505,0.004489,-0.002594,0.037731,0.082108,0.039239,-0.022321,0.000002,-0.001109,0.001771,-0.000831,-0.001824,-0.070207,0.031635,0.025013,-0.057697,0.067101,0.039487,0.000006,0.023210,-0.000039,0.003334,-0.006224,0.000873,-0.012122,0.030152,0.055210,0.045294,0.079513,-0.038782,-0.002605,-0.000409,0.009460,0.071338,-0.012957,0.002274,0.000894,0.002599,-0.041545,-0.032640,0.034452,0.041438,0.028238,-0.004725,-0.030728,0.006747,0.067487,-0.001457,0.005486,-0.040193,0.020989,-0.023476,0.038806,-0.031681,-0.042932,-0.001649,-0.030629,0.024284,-0.000128,0.000000,0.001968,-0.012266,0.000947,-0.017690,-0.002316,0.050349,-0.010902,0.002631,0.046253,-0.034694,-0.009980,0.000259,0.019590,0.042396,-0.016361,0.008397,-0.000405,0.001291,0.012168,0.031424,-0.014589,-0.029052,-0.065753,0.069303,-0.001440,0.046909,-0.091229,-0.016256,-0.010168,0.008857,0.000488,-0.079051,0.001466,-0.025478,0.064470,0.039249,0.017267,-0.001812,0.000012,0.008169,0.022081,-0.074637,0.000931,-0.001200,-0.064098,0.019555,-0.042701,0.003795,0.086591,0.040485,-0.018132,-0.000036,0.064348,0.055518,0.037208,-0.021052,-0.062665,-0.073198,0.000726,-0.068911,-0.015384,-0.003867,0.009336,-0.019180,0.014338,-0.015081,0.005002,0.000991,-0.046820,0.003033,-0.006625,0.000074,-0.000096,0.003070,0.000219,-0.003119,-0.035227,-0.034617,0.000188,-0.002475,-0.038225,-0.077106,-0.002058,-0.037818,0.000950,0.000135,0.004081,-0.004826,0.039929,0.003705,0.000338,-0.000369,0.004543,0.022578,0.011618,0.086026,0.001922,0.027440,
-0.050218,-0.011513,0.014975,-0.009402,-0.003762,-0.047357,-0.025286,-0.002779,-0.044097,-0.000005,-0.062057,-0.009004,15520.146871,-0.022188,-0.086964,0.000035,-0.072744,-0.015975,-0.078146,0.013139,-0.048563,0.001511,-0.017555,0.006284,-0.000388,0.026836,-0.045073,-0.024610,-0.004424,-0.000081,0.018330,0.033745,-0.085319,-0.000730,-0.007083,-0.015267,0.011762,-0.000054,-0.056320,-0.019334,-0.000517,0.029894,-0.087949,0.041155,-0.088680,0.010358,-0.027385,-0.030613,-0.005151,0.000000,0.096514,-0.064875,-0.056334,0.000458,0.015062,0.000090,-0.004443,-0.001656,-0.000104,0.023429,-0.001266,-0.002972,0.040119,-0.025981,-0.005035,-0.061560,0.098117,-0.074609,-0.000335,0.011824,0.019639,0.025156,-0.000803,0.007257,0.013524,-0.054815,0.053744,-0.000533,-0.027219,-0.031334,-0.000115,0.001646,-0.034987,-0.007074,0.018738,-0.005813,-0.004556,-0.026719,0.014649,-0.000063,-0.042923,-0.048007,0.051149,0.042329,-0.065577,-0.089013,0.000351,-0.031051,-0.005146,0.010727,0.003086,0.007795,0.003897,-0.033961,0.038502,0.001961,0.041773,-0.002686,-0.000010,0.000489,0.020564,0.003219,0.047141,-0.015854,-0.000212,0.082762,0.003092,0.013301,-0.041811,-0.059148,0.004663,0.022361,0.006167,-0.016861,0.009417,0.024274,0.096943,-0.067126,-0.013504,-0.057481,0.023240,-0.001036,-0.076823,-0.094862,0.028085,-0.032206,-0.000001,-0.001343,0.000517,-0.020105,0.000016,-0.057731,0.002637,-0.091153,-0.014415,-0.003142,0.037120,0.000317,-0.000037,-0.053101,0.099839,-0.043986,-0.017643,-0.063909,0.080474,-0.013057,-0.017978,-0.031240,-0.045837,0.017310,0.003943,0.039768,0.063477,-0.020352,-0.079502,-0.002981,0.000659,-0.002260,-0.000005,-0.000314,-0.063269,0.003502,-0.000928,-0.023250,-0.005069,-0.024330,-0.000046,0.079392,-0.021479,0.048349,0.093325,0.026493,-0.081827,0.012499,0.010386,0.081848,0.000265,0.043914,0.001871,-0.033748,-0.002274,-0.038576,0.001592,0.002081,-0.033857,-0.004969,
-0.001581,0.000164,0.014784,-0.002008,0.003345,-0.082789,0.014203,-0.016902,0.019435,-0.003800,-0.004915,0.001381,-0.022188,205.300140,-0.002152,-0.034333,-0.030434,0.024202,-0.004652,0.065784,-0.040345,0.000090,0.021643,0.014590,0.068464,-0.002773,0.004970,0.040553,-0.075813,0.000010,0.066229,0.097563,-0.013258,-0.045092,0.025565,0.080179,0.004732,-0.010073,0.076249,0.002389,0.067800,0.046343,0.044216,-0.001607,-0.011688,0.005689,0.002760,-0.023101,-0.000224,-0.027521,-0.099020,0.040903,-0.000087,0.017551,-0.044569,0.091472,-0.085074,0.000600,0.000171,-0.002617,-0.000819,0.011638,-0.005005,0.044564,-0.081350,-0.035686,-0.027213,0.008749,0.019145,0.006897,-0.005021,0.014695,-0.068264,-0.010500,0.001099,0.004029,0.096671,-0.000966,-0.002709,0.003804,-0.036483,-0.000049,0.000658,0.013321,0.055280,-0.063506,0.065553,-0.034500,-0.001384,0.018202,0.006748,-0.075756,-0.002852,-0.006686,0.095421,-0.013480,-0.000695,0.001420,-0.001043,-0.016607,0.019611,-0.093607,0.082730,-0.001609,0.043910,0.000411,0.054943,0.047279,-0.042581,-0.000003,0.031812,-0.021143,0.066177,-0.006385,-0.001751,-0.085437,0.091538,0.022073,-0.002020,-0.017964,-0.002030,0.082163,-0.020572,0.074955,-0.022468,0.003986,0.068071,-0.004234,-0.074447,0.084677,-0.002927,-0.006107,-0.073595,0.070911,-0.003004,-0.044478,-0.099645,0.078625,-0.082377,0.001064,0.040437,-0.021275,-0.013470,-0.068017,0.046766,-0.067751,0.000753,0.000033,0.017769,0.049837,-0.030680,0.002055,-0.000006,0.008125,-0.003709,0.035299,0.076480,-0.024064,0.004182,0.076606,0.000029,-0.005447,0.002921,0.085832,-0.002149,-0.000296,0.038243,0.098561,-0.005990,0.004029,-0.098507,0.003503,0.000528,0.084608,0.002803,0.006561,-0.003151,0.000175,0.010647,0.002250,-0.000052,-0.016915,0.002514,0.034556,0.015808,-0.007249,0.034237,-0.065371,0.000280,0.024376,-0.080717,0.009739,-0.000424,-0.066331,0.005899,0.023992,
-0.097241,-0.006088,-0.001064,-0.020558,-0.016845,0.028838,0.005736,0.030411,-0.012267,-0.000401,0.041897,-0.019296,-0.086964,-0.002152,2.299337,0.001112,0.019017,-0.072940,0.015692,-0.036006,0.044623,0.003577,-0.016027,-0.030246,0.054844,0.022212,-0.014593,0.070070,0.090804,-0.020185,0.068151,0.097632,-0.038190,-0.073259,-0.003425,-0.005656,0.069448,-0.004270,-0.007900,-0.009481,-0.091386,0.051444,-0.026455,0.006169,0.065513,0.049412,-0.056112,-0.002243,0.003373,0.024590,0.082765,0.031254,-0.044897,-0.022567,0.000687,-0.088110,0.072091,-0.031637,0.015434,0.008166,-0.023527,0.039307,-0.026630,0.026148,0.080415,0.069010,-0.070441,0.050509,-0.030459,-0.056334,-0.014088,0.054204,-0.009336,-0.009579,-0.007473,-0.018305,-0.018431,0.024780,-0.071659,0.002998,-0.017094,-0.019600,0.032345,0.000237,0.011024,0.022917,-0.055625,-0.063287,0.071061,0.004504,-0.054469,-0.007440,-0.027845,-0.039062,0.049651,-0.017140,-0.093732,0.030358,-0.026384,-0.054585,0.000610,0.014490,0.039614,-0.007910,-0.041196,-0.024929,-0.000460,0.041406,0.002663,0.000032,0.019047,-0.052421,-0.074002,-0.001217,-0.023082,-0.048639,0.036759,0.040864,0.006471,-0.007307,0.050152,0.068031,0.031790,-0.015658,-0.000000,0.012447,0.001927,0.073596,0.013216,-0.011687,0.014177,0.049926,0.056291,-0.003289,0.031808,-0.005258,-0.012623,0.030944,0.039695,-0.038113,0.039848,-0.036758,-0.002194,-0.061090,0.035415,-0.024059,-0.051992,-0.038278,-0.038309,-0.034129,0.000306,0.089592,-0.027613,-0.064115,-0.012336,-0.051154,0.020577,0.000309,-0.065648,0.028803,-0.044570,-0.094902,-0.017697,0.008008,0.000093,0.035162,0.073847,0.006418,0.051763,-0.098137,0.031238,-0.023066,0.081676,-0.040005,0.020861,0.018514,-0.084165,0.017663,0.051799,-0.029225,0.002747,-0.038889,0.004090,-0.001123,0.025550,0.052621,-0.041582,0.036613,-0.072857,0.021101,0.004556,0.005907,0.094192,-0.057816,0.086112,-0.045601,
0.090897,-0.038111,-0.046124,0.033584,-0.079545,-0.002962,-0.032390,0.012313,-0.000034,-0.025719,0.021847,-0.088370,0.000035,-0.034333,0.001112,47.033898,0.054308,0.003288,0.082564,0.022982,0.011682,0.015534,-0.015490,0.009693,0.097900,0.009147,0.011837,0.001479,0.029307,-0.003925,-0.045943,-0.037119,-0.026145,-0.001960,0.001074,0.004464,-0.033347,0.087175,-0.025878,-0.043896,-0.080458,-0.016163,0.009583,0.012054,0.026213,-0.000515,0.013765,0.032374,-0.052482,0.067439,-0.007782,0.040329,0.000776,-0.051339,-0.042466,0.000678,0.019441,-0.002162,-0.011609,0.027088,0.001133,0.006986,0.051517,-0.011645,-0.018498,-0.058052,0.022399,0.034989,-0.022131,0.003447,-0.062905,0.009209,0.004523,0.039010,0.026684,0.048859,-0.035220,-0.095303,-0.014419,0.030108,0.053656,0.014312,-0.011581,-0.000567,-0.011979,0.000329,-0.038288,0.076590,-0.000017,0.001436,-0.083901,-0.011076,-0.002110,-0.020919,-0.035196,0.026274,-0.000210,-0.054969,-0.003121,-0.089885,-0.034167,0.045007,-0.063628,0.025725,-0.029357,0.022370,0.071880,0.014260,0.045520,0.023732,0.047133,-0.097048,0.003102,0.013613,-0.049362,0.006897,-0.041409,0.082780,-0.028111,0.014958,0.029868,-0.000000,-0.027281,-0.000250,0.033639,-0.014397,-0.025397,-0.008921,0.018414,-0.014080,-0.018149,-0.033705,-0.059031,-0.036691,0.001868,-0.000102,-0.092672,0.002559,-0.086088,0.055975,0.011187,-0.073883,0.049563,-0.007161,-0.002565,-0.011827,-0.054994,-0.001056,-0.068376,-0.087010,0.007853,0.023097,0.002691,-0.050916,0.079261,-0.055485,0.012998,-0.069508,0.030824,0.002659,-0.000251,0.002098,-0.021656,-0.039740,-0.002334,0.044986,0.002934,0.004746,-0.019321,0.012522,0.001097,0.044337,-0.065074,0.097048,-0.005952,0.066536,0.033135,-0.027856,-0.000707,0.092502,0.025805,-0.034225,0.006173,-0.005267,0.021530,0.006162,-0.000797,0.074007,-0.000832,-0.057230,-0.006997,-0.053507,0.000002,-0.003999,-0.056239,-0.088900,
0.071152,-0.021605,0.015496,0.051907,-0.004470,-0.057506,-0.007463,0.039331,-0.008381,-0.000066,-0.045019,0.093994,-0.072744,-0.030434,0.019017,0.054308,716.003172,-0.018707,0.083036,0.006073,0.000821,-0.022482,-0.000000,0.080789,-0.031614,0.007219,-0.000486,0.007609,0.020456,-0.000089,0.054834,-0.004348,-0.029905,-0.000112,0.000849,0.033886,0.070322,0.023732,-0.050762,0.084794,-0.000026,0.001650,0.042033,0.002120,-0.038071,0.003186,-0.092395,0.032914,0.000218,-0.035279,-0.074397,0.052072,0.000376,-0.010962,0.078816,-0.064902,-0.000679,-0.000033,0.010831,0.003194,-0.000153,0.021189,-0.042417,0.030994,0.003791,0.001162,-0.013933,-0.092679,-0.015610,-0.000926,-0.046872,0.047730,0.083697,-0.000706,0.005251,0.046401,0.001819,-0.001397,-0.003107,-0.046288,-0.008088,-0.004185,-0.005055,0.008797,0.025448,-0.013537,-0.024658,-0.007118,0.000043,-0.000746,0.038464,0.005579,0.003005,-0.011491,0.065931,0.018496,-0.006513,0.012032,0.059321,0.038080,-0.005662,-0.002094,-0.000086,-0.008570,0.023533,-0.001192,-0.007614,0.016311,0.021945,0.000523,0.005478,-0.076645,0.030252,-0.000107,0.071491,-0.065680,0.000247,-0.004660,0.057265,0.060957,0.024095,-0.036725,-0.001755,0.006660,0.002380,0.006488,-0.021302,-0.018125,0.001223,-0.033408,0.040332,0.065575,-0.053346,0.009582,-0.085205,-0.001169,0.049895,-0.029454,-0.002018,-0.011025,0.000727,-0.000947,0.005036,0.092466,0.000261,0.006597,0.001623,0.037653,0.020308,0.019672,0.050996,0.011936,-0.000457,-0.018318,-0.042537,-0.030751,0.006561,0.098737,-0.040995,0.023795,0.089546,-0.000970,-0.003405,-0.000001,-0.071713,0.002085,-0.029629,-0.001420,-0.000825,-0.001100,-0.000246,-0.003860,-0.000325,0.000184,0.038674,-0.002528,0.000037,-0.067142,0.001740,0.034557,0.090087,0.015254,-0.031931,-0.006378,-0.000910,-0.006203,-0.018680,0.033104,0.000330,-0.034534,-0.000240,0.000377,0.041997,-0.019450,0.000702,0.050477,
-0.018715,0.015534,0.075064,0.056900,-0.003624,0.052671,-0.086048,-0.003108,0.038879,-0.027081,-0.054112,0.004859,-0.015975,0.024202,-0.072940,0.003288,-0.018707,6.857244,0.085034,0.023536,0.004583,-0.085061,0.013920,0.078869,0.034357,-0.021426,-0.008676,-0.005688,0.052026,0.089985,-0.055588,0.053338,0.059013,-0.038332,-0.019160,-0.018261,-0.088008,-0.024502,-0.073032,-0.029280,-0.021756,0.017659,-0.044405,0.024857,0.011795,0.050659,-0.096866,0.005420,0.046818,-0.043423,-0.013663,-0.020151,0.094157,-0.030394,0.046825,-0.091312,0.009271,0.092932,-0.020600,-0.058992,-0.046706,0.001958,-0.043473,-0.022407,-0.058099,-0.012476,0.006668,-0.072764,-0.018364,-0.075776,-0.002501,-0.014827,0.047089,0.010704,-0.057954,-0.054226,0.016217,0.055363,0.038339,-0.032322,-0.020049,-0.027620,-0.031034,-0.054932,0.002055,-0.007029,0.012647,0.045405,-0.024184,0.010898,0.056128,-0.058770,-0.030605,0.021876,0.058307,0.020464,-0.051829,0.072764,0.020325,-0.084566,-0.018466,0.016601,0.059144,-0.012718,-0.002452,0.020302,0.060241,-0.082975,0.010670,0.034242,0.060880,0.027336,-0.029929,0.021697,-0.001990,-0.029727,-0.001332,-0.004859,-0.006083,0.007556,0.088267,0.010685,0.021625,-0.003315,0.004853,0.019614,0.075665,-0.008401,-0.003698,0.043570,-0.001408,0.014251,0.056421,-0.002309,-0.035542,0.022118,0.001130,0.019350,-0.001262,0.038508,-0.066382,-0.000148,0.000766,0.051260,0.013844,0.043695,-0.032779,0.030863,0.006966,-0.038598,0.047357,-0.003193,0.078064,0.016940,0.048638,-0.014048,0.069221,0.073769,0.023500,-0.036927,-0.001997,0.003322,-0.073961,-0.006157,-0.044233,0.004027,-0.033147,-0.023164,0.014952,0.001401,0.004464,-0.032227,0.000207,0.067684,0.045349,0.090729,-0.007004,0.000580,-0.068336,0.010941,0.006785,-0.043884,-0.041253,-0.002822,0.071155,-0.002109,0.006753,0.071465,0.028197,-0.096629,0.033688,0.076150,0.000303,0.017434,0.015469,0.048849,
0.031073,0.008443,0.022426,-0.015725,-0.036465,0.011275,0.010262,0.046280,-0.014607,-0.018445,0.037370,0.034596,-0.078146,-0.004652,0.015692,0.082564,0.083036,0.085034,0.446453,0.028993,0.024063,-0.071224,0.082772,0.007108,-0.040254,-0.028472,-0.006470,0.043905,0.007878,-0.000000,-0.019735,0.073004,-0.011876,0.004322,-0.005331,0.059566,0.001966,0.083590,-0.033719,0.005368,-0.029253,-0.043364,-0.073920,-0.040135,0.018127,0.026689,-0.050281,-0.021557,-0.089267,-0.050985,-0.091293,-0.028846,-0.022531,0.002427,-0.043082,0.020088,-0.061546,0.004864,-0.023262,-0.036308,-0.016276,-0.022618,0.019035,-0.084783,-0.045059,-0.010754,0.037797,-0.018172,-0.084263,0.081162,0.086394,-0.048634,0.010124,-0.037058,0.010939,0.001917,-0.026622,0.034305,-0.015515,-0.002194,0.017083,-0.058356,-0.006482,0.053305,0.085373,0.022008,-0.006024,-0.053829,-0.005433,-0.081904,0.014828,-0.039003,0.067827,-0.005614,0.048203,-0.037688,-0.050836,-0.023954,0.023880,0.040744,0.022819,-0.042176,-0.030958,-0.030994,0.040338,-0.023218,-0.032888,-0.063186,0.005404,-0.015169,0.045492,-0.042672,-0.056235,-0.059050,0.065090,-0.020469,-0.012454,0.017832,0.051451,0.021898,-0.017989,0.004904,-0.054900,0.024713,0.015186,0.027002,-0.029523,-0.016587,0.023777,0.007772,0.004949,0.061823,0.082288,0.016268,0.070750,-0.014876,0.031973,-0.034016,-0.038184,-0.083540,-0.007184,-0.048410,0.053493,0.054124,-0.010928,-0.056522,-0.000483,-0.005638,-0.013997,-0.088691,-0.006809,0.040742,0.033976,-0.063289,-0.060017,0.009277,0.035875,-0.044659,-0.024799,0.069480,0.088560,-0.018615,0.070123,0.058608,-0.053266,-0.008609,0.079358,-0.010479,-0.028178,-0.040442,-0.000008,0.083841,-0.095636,0.006017,0.042434,0.001878,0.085922,-0.003851,0.031678,-0.057049,0.058670,-0.012660,0.046751,-0.039609,0.023514,0.043846,-0.002300,-0.050062,0.007215,-0.057894,0.009717,-0.079987,0.044301,-0.018245,-0.073878,0.028924,
0.094603,-0.000754,-0.000967,0.007853,0.000119,0.012080,0.041223,0.017861,0.001470,-0.024155,0.048259,-0.005060,0.013139,0.065784,-0.036006,0.022982,0.006073,0.023536,0.028993,0.238150,0.043899,0.001046,-0.017169,0.007767,-0.001532,-0.040663,-0.010959,0.023522,-0.017911,0.009998,0.021921,0.041220,0.098729,0.025929,0.010262,0.038459,0.013763,0.086501,-0.012443,0.031627,0.049563,-0.050242,-0.015822,-0.068053,0.004932,0.064442,0.021549,-0.042384,-0.046480,0.000065,-0.060840,-0.025832,-0.000000,0.021366,0.056666,-0.017229,-0.085195,0.016130,0.073847,-0.069525,-0.004362,-0.055660,0.053514,-0.007238,0.023955,0.026486,0.019296,-0.014585,-0.020955,-0.000031,-0.055427,-0.031536,-0.008734,-0.000753,-0.078072,-0.042890,-0.037610,0.044087,-0.053376,-0.009728,-0.096571,-0.015621,0.014731,-0.005145,-0.014091,0.045799,-0.009728,0.046470,-0.032453,-0.015388,0.043322,-0.043439,-0.049621,0.049014,-0.008476,-0.010111,0.027996,-0.019372,0.044227,0.020434,0.058157,0.029032,0.091448,0.015245,-0.022375,0.009985,-0.012716,0.068087,0.031064,-0.000016,0.078052,0.036002,0.007061,-0.025001,0.005534,-0.020793,-0.003214,0.085978,0.056692,0.026999,0.083977,-0.069885,-0.080407,-0.038301,-0.017292,0.003253,-0.038656,-0.048318,0.095415,0.025910,0.008809,0.008319,-0.029566,0.025874,-0.045216,0.017928,0.023987,-0.010902,-0.015708,0.056080,0.000018,-0.031644,-0.073996,0.021982,-0.061587,0.094910,0.028948,0.037982,-0.011361,-0.015388,-0.085875,-0.005763,-0.000831,0.039988,-0.049095,-0.004653,-0.023540,-0.000364,-0.031700,0.029126,-0.066621,0.036879,-0.006741,0.067701,-0.015213,0.014381,-0.008412,0.051371,0.070908,-0.025860,0.011008,-0.011330,-0.024863,-0.015118,0.014449,0.057468,-0.070498,-0.086992,0.009353,0.049450,0.007956,0.018605,-0.074355,-0.080358,-0.071525,-0.089988,0.001010,0.029891,0.000312,0.024331,-0.000161,0.004947,-0.061652,-0.028748,-0.018033,0.045900,
0.000443,-0.004343,-0.017104,0.018094,0.030495,-0.064526,-0.057826,0.005897,0.026877,-0.083453,-0.067108,-0.017716,-0.048563,-0.040345,0.044623,0.011682,0.000821,0.004583,0.024063,0.043899,16.497689,0.017820,-0.074435,-0.021360,-0.051020,0.051225,-0.041771,-0.065361,-0.001002,-0.032816,-0.008022,-0.077874,-0.012856,0.003606,0.043904,-0.001366,0.009805,0.005004,-0.038553,-0.098287,-0.001804,0.011093,-0.058724,0.023851,-0.018179,-0.004183,-0.001649,0.035218,-0.030146,0.049329,-0.064054,0.030561,0.008243,0.005144,0.037618,0.016124,-0.019555,-0.027946,-0.082862,-0.026308,0.032921,-0.001262,0.014054,0.097359,-0.023927,-0.008074,0.091461,0.081687,0.002962,-0.002868,0.009800,-0.026305,-0.008923,0.052083,-0.001535,-0.002086,0.082510,0.000295,-0.032593,-0.017859,0.000902,0.036437,0.001496,-0.031532,0.034089,-0.006097,-0.088593,-0.029874,0.046885,-0.077172,0.078093,0.083228,-0.096013,0.002337,0.064218,-0.056708,0.098570,0.000769,0.056361,-0.025483,0.006636,-0.053000,-0.004197,0.001191,0.062604,0.011039,0.045136,-0.027003,0.013714,-0.002890,0.001923,-0.098954,-0.023973,0.010143,-0.022747,0.045256,-0.010491,0.029390,-0.095267,-0.023063,0.041824,-0.029621,-0.046691,-0.037814,0.002345,0.008624,0.004856,-0.000082,-0.021714,0.026391,0.029020,-0.043981,-0.089176,0.054986,0.094274,-0.004134,-0.018002,0.084030,-0.001108,0.047766,0.035025,0.044147,0.013743,0.046648,-0.033535,-0.003086,-0.002386,0.014809,0.078076,-0.049367,0.019294,0.017308,0.095418,0.054525,-0.007410,0.018434,0.000753,0.037306,0.060869,-0.011831,0.056414,0.046458,0.000622,-0.008066,-0.001679,0.009896,-0.025388,0.002959,0.010094,-0.009302,0.019689,0.018770,-0.009007,0.000492,-0.017198,0.001295,-0.069774,0.020651,0.008719,-0.017275,0.005685,0.027556,0.000682,0.033821,0.069543,0.021657,0.000074,0.000547,-0.038061,0.005998,-0.016059,-0.000000,0.065432,0.003788,-0.093357,-0.007148,
