3.594134,0.069468,0.031094,0.000227,-0.063699,-0.005824,0.055030,0.015145,0.037150,0.048107,0.062116,-0.063750,0.081913,-0.002165,0.001018,-0.053034,-0.020745,-0.051833,0.073531,-0.010374,-0.030206,-0.035848,-0.083717,0.089129,-0.015070,0.001489,-0.008243,0.019235,0.051701,-0.041053,-0.072065,0.002520,-0.061637,-0.006527,-0.042723,-0.022528,-0.006281,0.071067,-0.000128,0.008565,0.004033,-0.066297,-0.001283,0.013435,-0.029324,0.004444,-0.055122,0.003215,-0.004286,-0.002031,0.006343,0.017249,-0.074384,-0.010626,0.035353,0.067643,0.035945,-0.078504,0.018858,0.005472,-0.005871,-0.071977,-0.006016,0.074291,-0.007821,0.006509,-0.005858,0.013108,0.070874,0.006958,0.012179,-0.030224,0.012385,-0.002840,0.053792,-0.074701,0.041166,-0.030845,0.005853,-0.001778,0.022042,-0.096910,0.074980,0.002088,0.021957,0.057649,-0.052897,0.023759,0.028741,0.055517,-0.043631,0.009224,0.084599,-0.011946,0.003065,0.051980,-0.010438,-0.040616,0.090201,0.081479,0.048869,-0.008842,-0.045046,-0.017325,-0.082530,0.023395,-0.020257,0.031728,-0.014772,-0.061455,0.006768,0.006506,0.007498,0.066175,-0.063312,-0.010696,-0.089679,-0.036937,-0.054593,-0.093545,-0.008914,-0.005630,0.011011,-0.089121,-0.004718,0.084502,-0.087595,0.000700,0.086827,0.027751,-0.012032,-0.020269,0.006692,-0.059653,-0.015277,-0.043645,0.001106,0.011474,0.014304,0.091882,-0.002210,0.043212,-0.007957,-0.022137,-0.032323,0.002322,-0.000000,-0.067152,0.041526,-0.010914,0.005372,-0.069656,-0.064794,0.016187,0.001900,-0.022891,0.094907,-0.064221,0.071288,0.020117,-0.004776,-0.081290,0.014422,-0.003012,-0.067090,-0.099643,-0.014600,0.011465,-0.014383,-0.002074,0.020427,0.021917,0.033490,0.086868,-0.037017,0.000988,0.050327,-0.012498,-0.031706,-0.005775,0.023102,-0.066308,-0.090297,0.049062,0.024657,0.004448,-0.074818,0.004973,-0.067310,-0.031138,-0.023714,-0.000183,0.001724,-0.058713,0.061467,0.011732,
0.069468,82.075040,0.032500,0.009100,-0.080030,0.046320,-0.014868,-0.011241,-0.018024,-0.000901,0.067532,-0.020590,0.004706,0.037770,0.086827,-0.019970,0.000983,0.000547,-0.054784,-0.000877,-0.001302,-0.008315,-0.011750,0.006915,-0.008400,0.026088,-0.046511,-0.000532,-0.064219,0.004834,-0.048551,0.010532,0.057314,0.074879,-0.017401,-0.019148,-0.050945,0.008682,0.007320,0.083153,0.000590,-0.000614,0.018863,0.000012,0.088487,-0.019916,0.015962,0.083161,-0.000160,-0.001907,0.021935,0.071078,-0.001791,-0.006981,-0.003412,-0.024281,0.005342,-0.030402,0.008449,-0.033139,-0.007336,0.024221,0.069041,0.020223,0.000015,0.000734,-0.032841,0.011229,-0.004622,0.000068,-0.053956,0.000534,0.000076,0.029896,-0.080608,0.047274,0.079127,-0.003692,-0.028516,0.016126,-0.001085,0.030095,-0.037201,0.016177,0.000741,0.003339,-0.003371,-0.061743,0.022243,-0.052610,0.037822,-0.006969,0.017514,0.003374,-0.000586,0.000272,-0.066838,0.032780,0.059981,0.022855,0.001900,-0.019777,-0.096433,-0.098942,-0.013045,-0.081669,0.058855,0.025327,0.003817,0.005324,-0.021807,-0.042623,0.001628,0.000141,-0.080414,-0.028729,-0.000087,0.008177,0.002952,0.074164,-0.062819,-0.019522,-0.000830,-0.023879,-0.000903,0.050729,-0.006336,0.039034,-0.016223,0.040537,0.006818,-0.056869,-0.002769,0.009286,0.026984,-0.003548,-0.000018,-0.078734,0.029119,0.069619,0.068295,0.003132,0.000326,0.084115,0.071311,-0.000415,-0.001718,-0.003632,-0.003225,-0.008674,-0.000816,0.000309,-0.008521,-0.016458,0.006200,-0.017730,-0.021703,-0.005567,0.095338,0.013848,0.000127,0.065404,0.014074,-0.013481,-0.000504,-0.084569,0.046686,-0.019096,0.000892,0.002764,-0.071536,-0.063204,0.089413,0.000095,0.000241,-0.015743,0.008685,0.001276,-0.022666,0.003807,0.007707,0.034282,0.000108,0.044140,0.061544,0.061056,0.006554,-0.066441,-0.023702,-0.054852,-0.033153,-0.056278,-0.087069,0.016183,-0.002863,0.033543,
0.031094,0.032500,0.065565,0.000202,-0.052097,-0.032757,0.004966,0.007377,-0.037512,0.003370,0.009061,0.007460,0.055250,0.026205,0.004386,-0.045045,0.004481,-0.071058,0.090536,-0.001683,0.017763,-0.009438,-0.015865,-0.008014,0.096519,-0.085959,-0.038315,0.094017,0.018330,0.048454,0.000000,-0.025649,-0.034088,0.004681,-0.039826,0.016750,0.001003,0.019569,-0.010471,-0.075483,-0.038221,-0.003346,-0.018351,0.035937,0.010945,-0.027891,0.011194,0.000019,-0.006755,0.004014,0.028991,-0.000305,0.049857,0.007938,0.001285,-0.029783,-0.005925,0.042040,-0.016145,0.068053,0.006326,-0.049320,-0.027301,0.028968,0.014690,-0.003574,0.001360,-0.000594,-0.034191,-0.027786,0.011014,0.088033,-0.013706,-0.014775,-0.008172,-0.060022,0.083755,0.006302,0.021403,-0.057380,-0.021489,0.001625,-0.010368,-0.020221,-0.089865,0.002936,0.002113,0.006925,-0.004724,-0.005458,0.001156,-0.001828,-0.054819,0.043371,-0.002358,-0.017692,0.046232,0.023250,-0.005914,-0.016079,0.071443,0.037649,-0.003762,0.028482,0.061361,0.022689,-0.006016,0.001007,0.038439,0.026229,-0.081959,-0.008574,-0.040817,0.072472,-0.052733,-0.013860,0.010050,0.006550,-0.003336,0.056555,-0.046339,-0.070612,-0.097248,0.014318,-0.007260,-0.012278,-0.070646,0.003412,-0.020175,0.010151,-0.053912,0.010443,0.015265,0.000875,-0.039384,0.001784,-0.001959,-0.007397,-0.001792,-0.014498,-0.058201,-0.059061,0.089245,-0.084311,0.015267,0.006759,-0.096505,0.034797,0.008980,0.005923,0.056444,0.080479,-0.049718,0.005876,0.047280,0.021818,-0.036432,-0.015692,0.037701,-0.005201,-0.003496,-0.015328,0.001082,-0.005887,0.006809,0.045136,-0.000042,-0.017906,-0.015995,-0.001623,0.074489,-0.000056,0.061326,-0.003648,-0.044192,-0.010979,-0.019160,-0.071383,-0.045742,0.000581,-0.002042,-0.041194,0.038477,-0.064692,-0.073045,0.027524,-0.089241,-0.021167,-0.029629,-0.000853,-0.008656,-0.000356,-0.008270,0.002130,-0.008547,-0.024950,
0.000227,0.009100,0.000202,0.055285,0.000961,-0.008974,-0.009163,-0.000219,0.091229,0.019069,-0.040575,-0.002463,-0.007349,0.071429,0.038355,0.022638,-0.015534,-0.014829,0.066049,0.048766,-0.004952,0.002903,-0.069299,-0.055388,-0.082615,0.001715,-0.016879,-0.001429,-0.004566,-0.079668,-0.001539,0.035212,-0.096130,0.024322,0.051005,0.006295,-0.029413,0.011415,0.004045,-0.001658,0.008317,0.001849,0.000545,0.096125,-0.001955,-0.011457,-0.024700,-0.008210,0.002374,0.003802,0.002370,0.003178,0.014958,0.066253,-0.005197,-0.036318,0.004365,-0.056226,0.021847,-0.085666,0.028249,0.024821,0.002669,0.050064,-0.033963,-0.009493,0.024857,0.012339,-0.013343,-0.042056,0.005861,0.081871,-0.032992,0.003826,-0.008580,-0.001637,0.014747,0.014932,-0.008040,0.062286,0.088502,0.003084,-0.001973,0.010437,-0.018188,0.054941,0.015870,0.025151,0.014916,0.003509,0.052727,0.013655,0.007426,0.094751,-0.003034,-0.016201,0.050344,-0.068935,-0.010711,-0.050113,-0.080611,-0.014767,0.036649,0.032565,0.015934,0.002631,0.018530,0.052674,0.011850,0.015736,0.029598,0.026064,0.009387,0.031850,0.065480,-0.022707,-0.052419,-0.004756,0.006038,-0.038666,-0.024538,-0.000410,-0.004009,0.014575,0.068399,0.005592,0.003651,-0.010972,-0.009712,-0.073240,0.041694,-0.008774,-0.027811,-0.008512,0.077249,0.001774,-0.000711,0.000550,0.012087,0.029894,-0.006343,-0.014648,-0.050998,-0.086373,-0.019862,0.001557,0.088086,-0.022805,0.000430,0.000327,0.009484,0.026444,-0.010073,0.089949,-0.055951,-0.006816,0.027580,-0.001396,-0.039662,0.010179,-0.033554,0.009474,-0.023956,0.007978,0.004330,-0.004524,0.017060,-0.044603,-0.017053,0.014471,-0.000642,-0.010663,-0.000531,-0.001105,0.019389,-0.006465,-0.002639,-0.003285,0.000568,0.000817,-0.004722,-0.075129,-0.003912,0.027196,0.041141,0.096260,-0.037920,-0.001519,0.027687,0.015642,-0.010294,0.000560,-0.038011,-0.010433,-0.014998,-0.007561,
-0.063699,-0.080030,-0.052097,0.000961,580.587248,0.014740,-0.005239,0.001316,0.029773,0.027293,0.090486,0.005898,0.007894,-0.022175,-0.000288,-0.085215,-0.034251,0.016117,-0.052395,-0.018853,-0.000569,0.003793,0.051353,-0.002008,0.008968,-0.087137,0.002800,0.048164,0.002992,0.000034,0.033769,0.042297,0.007335,0.009929,-0.022355,-0.014082,-0.000622,-0.097291,0.014561,0.089462,-0.021790,0.070413,-0.012276,0.032500,-0.000121,0.031406,-0.064815,-0.009068,0.043516,-0.000262,0.008211,-0.000356,0.084556,-0.013709,-0.005361,-0.061139,0.004340,-0.028876,-0.053977,0.004537,0.000374,-0.064038,0.043578,-0.012746,0.046657,0.030593,0.018867,0.032070,-0.003138,-0.060152,0.043614,0.036371,0.062604,0.001760,0.002574,-0.043466,0.097564,-0.069743,0.065119,-0.060416,-0.036895,-0.023860,0.065720,0.000031,0.072295,-0.000213,0.031924,0.048731,0.019178,-0.012151,0.047593,0.010505,0.009862,-0.063434,-0.021169,0.030703,-0.021447,-0.001903,-0.009131,0.007431,-0.008726,-0.000665,0.031734,0.050871,0.030694,0.022459,0.017247,0.089807,0.000318,-0.044896,0.003499,0.039496,0.005733,-0.050223,0.035525,0.034935,-0.047062,0.039002,-0.000691,-0.022404,-0.086421,0.026683,-0.046181,-0.086104,0.007116,-0.095213,0.021878,-0.019017,-0.000537,0.072654,0.003751,-0.040198,0.017650,-0.003845,0.064662,0.049746,-0.038157,-0.064216,-0.031763,-0.019717,-0.058273,-0.000432,0.091096,0.021422,0.000104,-0.003106,-0.001271,-0.052610,-0.002173,0.000169,-0.009949,0.010938,0.007021,0.022123,0.056341,0.000617,-0.006437,0.031325,-0.089838,-0.025711,-0.025418,-0.001339,0.091867,-0.018436,0.004586,0.039851,0.028313,0.072587,0.000005,0.064206,0.064319,-0.000601,0.015439,-0.006064,0.032105,-0.000879,-0.000480,-0.001342,-0.002564,0.000227,0.067435,0.010539,-0.000937,0.025989,0.015915,-0.045613,0.000242,-0.004444,0.059852,0.093353,0.029313,0.000512,-0.000104,0.066524,-0.005098,-0.037849,
-0.005824,0.046320,-0.032757,-0.008974,0.014740,5.524442,0.038447,0.004655,0.009576,0.006298,0.014011,0.064551,-0.000000,0.076672,0.018768,0.025429,0.070889,-0.088474,0.061920,0.017556,0.003427,-0.021217,0.097968,-0.076627,0.070514,0.073945,0.053685,0.013923,-0.002621,-0.029983,0.021148,-0.012192,-0.011899,0.008914,-0.062051,0.014409,-0.075909,0.009642,0.028671,-0.049309,-0.060161,0.049573,-0.024584,0.027259,0.033849,-0.054565,0.013057,-0.011574,-0.017985,0.019430,-0.035000,0.002680,0.021089,-0.037667,0.076338,0.038008,0.004045,-0.095389,0.025166,0.037258,-0.053101,0.011224,0.053260,0.013107,0.089692,-0.000059,0.017496,-0.087925,0.007984,-0.012329,0.019677,-0.052684,0.027215,-0.022406,0.003522,0.007902,-0.033260,-0.039722,-0.048013,-0.026634,0.077115,-0.025537,0.003219,0.068078,0.034396,0.004634,-0.039809,0.048361,-0.054582,0.023890,-0.027327,-0.036144,0.051779,-0.019444,-0.019187,0.052720,0.001881,0.051673,-0.031472,0.041770,0.044262,-0.007493,-0.052507,-0.036465,0.046792,0.002394,0.002343,-0.028047,-0.083104,-0.062793,-0.034996,0.014753,-0.012720,0.041323,0.048156,0.026919,-0.023134,0.023426,0.088207,0.010006,0.061660,0.011059,-0.007857,-0.019784,-0.033552,0.023526,0.061361,0.011080,0.011520,0.005114,-0.005046,0.046900,0.000460,-0.046427,0.007315,0.036704,0.004493,-0.019067,-0.013050,0.070839,-0.038382,0.003137,-0.010374,0.018434,-0.005503,0.063974,0.087716,0.005566,-0.002613,-0.004654,0.018016,0.033804,0.076179,0.072886,0.012067,-0.004490,-0.045129,0.063852,-0.000233,0.039623,-0.035751,-0.024009,0.024165,0.000439,0.047026,-0.032940,-0.024237,-0.042525,-0.017395,0.026068,0.011199,-0.031395,0.058541,0.002161,0.036237,0.025827,-0.020896,-0.029396,-0.078525,-0.003167,-0.021762,-0.019689,0.092162,0.031261,0.041051,0.015727,0.053489,0.012747,0.002250,-0.063994,0.057071,-0.003312,0.063465,0.011770,-0.067940,-0.007310,
0.055030,-0.014868,0.004966,-0.009163,-0.005239,0.038447,0.142869,0.052870,-0.004245,-0.032303,-0.017543,0.002396,0.048338,0.009063,0.013356,-0.002510,-0.009928,0.014226,-0.013852,-0.012720,-0.008580,0.084257,-0.024373,-0.051066,-0.012086,0.010076,0.043453,0.004660,-0.001170,-0.071051,-0.049995,0.008939,-0.055232,0.006220,-0.005600,0.027241,-0.074118,-0.029358,-0.016617,-0.085137,-0.074611,0.007870,0.013396,-0.011652,0.056906,0.002598,0.070999,0.007530,-0.036234,-0.004818,-0.014329,0.041426,-0.042027,-0.038791,-0.017049,0.000292,-0.065470,-0.021771,0.038385,-0.055260,-0.057723,0.021128,0.084481,-0.015575,0.008285,0.025670,0.052334,0.005519,0.010826,-0.045064,0.030954,0.039784,0.014500,0.000634,-0.062304,-0.026433,-0.005435,-0.001217,-0.025649,0.070527,-0.035466,-0.091773,-0.044764,0.048638,-0.089038,-0.044270,0.025689,-0.002101,-0.018195,0.004751,-0.017945,0.024726,0.012745,-0.052070,0.001838,0.018304,-0.009567,-0.094446,0.035257,0.054530,-0.004192,-0.041084,-0.026410,0.021986,-0.017148,-0.015872,-0.076349,-0.003946,-0.019503,-0.048227,0.016179,-0.023588,-0.027351,0.023732,0.013196,0.007985,0.044765,-0.005069,0.078097,0.071758,0.066422,0.031618,-0.039551,0.001080,0.001229,0.045996,0.042338,-0.031431,0.079166,-0.012801,-0.015729,-0.008417,0.063551,-0.022906,-0.076863,0.020814,-0.025360,-0.045495,-0.012879,-0.059950,-0.023353,-0.002471,0.037603,-0.046142,0.028855,0.000764,0.042347,-0.002490,-0.017129,-0.015584,-0.043714,-0.036200,-0.007350,-0.047379,-0.022540,0.039255,-0.064824,-0.025841,0.033684,0.016245,-0.018491,0.007147,-0.000000,-0.000110,0.036087,0.048166,-0.024187,-0.041064,0.064021,-0.052638,0.022371,0.036168,0.001794,0.002121,-0.011426,-0.005690,0.061833,-0.013449,0.004497,-0.017802,-0.022118,0.055561,-0.009758,-0.006875,-0.016609,0.048942,-0.002285,-0.006618,0.058032,0.002986,0.037841,-0.000011,0.025697,0.015266,0.011123,-0.027155,
0.015145,-0.011241,0.007377,-0.000219,0.001316,0.004655,0.052870,0.225904,0.010916,0.073707,-0.007050,0.024110,-0.004170,-0.068196,-0.047856,0.005550,-0.059307,-0.031381,0.021686,0.006124,-0.090754,0.059421,-0.005431,0.011952,0.058703,-0.017850,0.059221,-0.026655,0.007052,-0.023285,-0.026252,0.000222,-0.029688,0.073421,0.019914,-0.007157,0.046049,0.009789,-0.038343,0.015953,0.011207,0.038276,0.054905,-0.047322,0.011525,-0.030704,0.052538,-0.035245,0.063892,-0.017924,-0.064773,0.033891,-0.000562,-0.037119,-0.037020,0.036427,-0.078432,0.029249,-0.034102,0.064022,-0.015650,0.018082,0.010387,0.031246,-0.058470,0.018377,0.000229,-0.050392,0.012423,0.003065,0.009286,-0.080567,-0.020566,0.025519,0.024697,0.025242,-0.024649,0.050956,-0.056710,-0.096750,0.005139,-0.009662,-0.033762,-0.067655,0.013203,0.063452,-0.053989,0.012923,-0.056161,-0.049534,-0.006723,0.059891,-0.052998,-0.062472,0.069795,0.031681,0.034422,0.031477,-0.058758,-0.015221,-0.056005,-0.021596,-0.081104,0.044123,0.035406,-0.006347,0.062904,-0.026828,-0.001129,-0.058877,0.063714,-0.059062,-0.007277,-0.033063,-0.018326,0.030931,0.036955,-0.032092,-0.046732,-0.011700,-0.054570,-0.015817,0.071596,0.012902,0.045732,0.026682,0.014776,-0.034189,-0.019154,0.000361,0.009132,0.001422,-0.057331,-0.027755,-0.044714,0.050239,-0.029645,-0.053891,-0.046261,-0.062928,0.019566,0.006946,0.066219,0.055676,0.000187,0.030016,-0.074511,-0.053268,-0.030903,0.030958,0.029736,-0.006943,-0.034825,-0.048649,0.061828,0.009934,0.082790,0.004537,0.061275,0.001310,0.003501,-0.028855,0.058092,-0.006676,0.001315,0.060142,-0.018860,0.001888,0.070083,-0.001496,0.055183,0.018325,0.054565,-0.000291,-0.043401,-0.086728,-0.026255,-0.039228,0.084466,0.029243,-0.049988,0.092384,-0.056336,0.011044,-0.069933,0.083116,-0.085061,0.003352,-0.099435,-0.036450,-0.000074,-0.000690,0.061389,0.008995,0.008550,-0.001012,
0.037150,-0.018024,-0.037512,0.091229,0.029773,0.009576,-0.004245,0.010916,10831.589014,-0.006073,-0.000058,-0.068333,0.000467,0.004020,-0.000435,-0.066180,0.000180,-0.046676,0.034550,0.027386,-0.003133,0.041341,-0.003163,0.002612,-0.000015,0.000025,0.061906,0.019834,0.004584,-0.006435,-0.005999,-0.004677,0.000032,0.001829,-0.023098,0.001007,0.030418,0.046713,0.006887,0.080046,0.001055,0.002670,0.005812,0.007449,0.079166,0.099371,-0.015735,-0.086343,-0.026256,0.065016,0.052191,0.000148,-0.001744,0.002219,-0.048653,0.000605,0.079517,0.063481,-0.024161,0.043903,0.010639,0.010860,0.000650,-0.084565,-0.000391,0.013975,0.011025,-0.005630,-0.003892,0.006689,0.007078,-0.005271,-0.000022,0.000296,0.004989,-0.072196,0.032159,0.012530,-0.061256,-0.015415,-0.000145,0.000504,-0.008760,0.083861,0.002677,-0.000353,0.018443,-0.002349,-0.065872,-0.013794,0.020140,-0.052690,0.014343,-0.045000,0.010363,0.091620,0.002365,-0.000090,-0.000869,-0.001872,0.007781,0.003137,0.087098,0.005689,0.006794,0.000005,-0.050478,0.059259,-0.035897,-0.008348,-0.030178,0.052081,-0.000028,-0.000299,0.003996,0.090454,0.001731,0.006473,-0.046317,-0.001996,-0.000167,0.025596,-0.003724,-0.039785,-0.000019,-0.094894,0.004103,-0.020448,-0.000957,-0.011823,-0.007020,0.048767,-0.070252,-0.049113,0.004040,0.000000,-0.000523,0.030427,-0.049716,-0.036469,0.002056,0.000010,0.010096,-0.031828,-0.000032,-0.000694,0.019419,-0.007619,-0.000072,-0.000758,0.003373,0.051680,0.000420,0.010766,-0.012833,-0.030501,-0.063123,-0.005857,0.029320,0.010256,-0.000061,0.000500,0.016885,0.063154,0.001184,0.003404,-0.041818,-0.037262,-0.009553,0.001958,0.000232,0.000459,0.008240,0.004839,-0.086640,0.010725,0.018843,-0.000418,0.060492,0.004621,-0.000922,-0.018588,-0.030540,0.001559,-0.003022,-0.057782,0.067663,-0.071480,0.071067,-0.067936,-0.060539,0.001399,-0.011174,0.053584,0.016728,0.003009,
0.048107,-0.000901,0.003370,0.019069,0.027293,0.006298,-0.032303,0.073707,-0.006073,221.771283,-0.061936,-0.081620,-0.041263,-0.000041,0.045931,-0.009781,0.001204,0.000682,-0.003136,-0.056850,-0.031438,-0.001154,0.000291,0.044279,0.008055,0.088748,0.010751,0.007161,-0.028614,0.002126,0.047716,0.026720,-0.074463,-0.077596,0.028895,-0.047448,-0.029147,-0.022777,0.068769,-0.018820,-0.000039,-0.020850,-0.010291,-0.010144,-0.004848,0.070281,-0.028079,0.097378,0.003935,-0.090780,0.078153,0.000085,0.000099,0.004615,-0.065874,0.000654,0.003538,0.000288,-0.067227,0.049986,-0.020906,0.012417,-0.057592,-0.022679,0.004893,0.049953,0.029761,0.030787,0.007250,-0.000327,0.054731,-0.061041,-0.012044,0.006709,-0.051038,-0.064920,-0.000026,0.030154,-0.042329,0.059614,-0.075379,-0.009628,-0.028194,-0.027150,0.000106,0.026225,-0.018902,-0.030694,0.018216,0.083436,0.066112,0.071931,-0.022259,-0.081033,0.026195,0.053692,0.022677,-0.001548,0.038106,-0.001622,-0.074331,-0.072444,-0.053226,0.000837,-0.069736,-0.077835,-0.069134,0.002347,-0.002161,0.028069,-0.006803,-0.001457,0.000119,-0.009809,0.005859,0.050727,-0.022517,0.012539,-0.001521,-0.078591,-0.014008,-0.028496,0.003791,0.014494,0.013079,0.063303,0.006872,0.058984,-0.000203,-0.018646,-0.018315,-0.044376,0.017517,0.071908,0.086347,0.027107,0.002026,0.000696,0.003923,-0.002098,0.000714,-0.000102,-0.000453,-0.003567,0.002240,0.000091,0.003963,-0.015926,-0.003264,-0.002354,-0.069415,-0.018543,0.000118,-0.005456,0.040795,-0.014419,0.000731,0.003946,-0.015556,0.005701,-0.001535,0.001231,-0.000893,-0.001066,0.000094,-0.001603,0.088564,-0.034044,0.002151,0.041238,0.003920,0.033864,-0.001415,0.004192,0.000294,0.035252,-0.000934,0.006559,-0.000736,-0.031998,0.012884,0.000911,0.011661,0.032943,0.010231,-0.014175,-0.002539,-0.006059,-0.064636,-0.001724,0.020507,0.046231,-0.000313,0.000004,0.044434,-0.073434,
0.062116,0.067532,0.009061,-0.040575,0.090486,0.014011,-0.017543,-0.007050,-0.000058,-0.061936,68.388586,0.001695,0.077083,0.082100,-0.090604,0.058152,-0.065816,0.025778,-0.008830,0.087556,-0.095357,-0.001884,-0.068056,0.079003,0.000352,0.081886,0.054042,-0.004477,0.022932,0.005249,-0.087926,-0.055887,0.000355,0.038310,0.057662,0.097482,0.001588,0.027644,0.021374,0.015163,0.000719,-0.054213,-0.037081,0.004819,0.017302,-0.032294,0.025444,-0.000314,0.040982,-0.059886,-0.051175,0.006168,-0.053575,0.000528,0.000165,-0.000491,-0.033350,-0.001557,-0.036892,0.027805,-0.033799,-0.000392,0.031082,-0.011402,-0.093017,-0.071481,-0.009195,-0.015032,-0.038920,0.006880,0.083580,-0.049419,-0.000026,-0.005546,-0.004572,0.032165,0.036588,0.067630,-0.001615,-0.084466,0.002228,0.042368,0.032608,-0.003808,0.041856,0.000353,-0.070552,-0.020057,0.084424,0.006878,-0.005495,-0.009071,-0.085745,0.053650,-0.001936,-0.031774,0.042234,-0.006818,-0.001375,-0.005871,0.029861,0.011804,0.034534,0.011294,0.038353,-0.061194,-0.084072,0.032681,-0.037990,-0.031425,-0.041790,-0.025272,-0.043699,-0.041426,0.018373,0.000366,0.026792,0.030804,0.090541,-0.036501,-0.075487,-0.007016,-0.050948,0.015280,-0.000382,0.013991,0.048919,0.091359,0.003634,-0.000000,0.020774,0.048540,0.042637,0.007042,0.002165,-0.025285,0.047020,0.098090,0.043358,-0.050271,-0.000373,-0.000015,-0.004368,0.015964,0.009316,-0.080217,-0.010990,-0.004246,-0.031536,0.002001,-0.016919,-0.016376,0.018129,-0.032314,-0.065643,-0.011225,-0.004663,0.063900,0.049095,-0.020567,0.000873,0.065033,-0.049170,-0.006522,-0.036271,0.096851,-0.000327,0.045469,0.009875,-0.014324,-0.000057,-0.025957,0.000001,0.097939,0.082976,-0.029084,-0.011050,0.056137,-0.000604,-0.002101,-0.013744,-0.030528,-0.050040,-0.026417,0.024174,0.001902,0.004423,0.022011,0.071430,-0.084234,0.060355,0.028922,0.009799,-0.000799,0.060881,0.042463,
-0.063750,-0.020590,0.007460,-0.002463,0.005898,0.064551,0.002396,0.024110,-0.068333,-0.081620,0.001695,80.007178,0.010868,0.006480,0.000054,0.000992,-0.055513,0.020012,0.029786,-0.005822,-0.000011,-0.034704,-0.037324,-0.000143,0.016579,0.095863,-0.056143,0.000374,-0.027969,-0.095931,-0.048706,-0.007410,0.066433,0.019085,0.050256,-0.059801,-0.003870,0.004857,0.043002,0.001798,0.049843,0.000960,0.028184,-0.003326,0.000870,-0.019515,0.016704,0.007172,-0.000161,0.013381,0.031389,-0.019923,0.000763,-0.038520,-0.009686,-0.001142,-0.002246,-0.000557,-0.095674,0.043813,0.052474,-0.064474,-0.001109,-0.020695,-0.010954,-0.002674,-0.019254,0.018883,-0.050525,0.036092,-0.044796,0.006734,0.067062,0.054667,-0.003470,0.066619,0.000801,0.043112,-0.051071,0.014110,-0.073514,0.084430,-0.051829,-0.050360,0.008173,0.067570,0.002579,0.011786,-0.074859,0.083439,0.002645,-0.082297,-0.033469,0.053850,-0.025103,-0.019929,0.026306,0.002036,-0.027554,-0.008702,0.004365,-0.026797,-0.038529,-0.050573,0.034109,0.064264,0.050989,0.055035,0.047419,0.026838,-0.012463,0.000468,0.000984,-0.011443,0.005782,0.000000,0.001804,0.005408,-0.028574,0.044580,0.000458,-0.049839,-0.036505,-0.043222,0.015594,0.075892,-0.004205,-0.030442,-0.003240,0.091960,0.000041,0.029347,-0.035413,-0.052944,0.000346,-0.012292,0.060592,-0.006541,-0.090760,0.033028,-0.011344,-0.013975,0.035602,-0.035211,0.002192,0.000297,0.004240,0.000106,-0.000205,-0.014187,0.005610,0.010618,-0.000139,-0.009840,0.042838,-0.028865,-0.000129,-0.079529,-0.092090,0.001281,-0.000220,0.049934,0.019316,0.006574,0.011267,0.055928,0.017382,-0.047753,-0.000457,0.000555,-0.014847,0.008553,0.000063,-0.000042,-0.075201,0.077056,0.001189,0.084707,-0.008042,-0.004342,0.003669,-0.054669,0.091946,0.013725,0.000859,-0.004969,0.003164,-0.064146,-0.063337,-0.012641,0.066429,0.005434,0.030124,0.030604,-0.097775,0.003311,
0.081913,0.004706,0.055250,-0.007349,0.007894,-0.000000,0.048338,-0.004170,0.000467,-0.041263,0.077083,0.010868,4372.270953,-0.000746,0.000916,-0.046488,-0.001620,0.000672,-0.073403,-0.012883,0.000771,-0.000155,0.017961,0.022495,0.000032,0.000004,0.035503,-0.011965,0.003736,-0.002473,0.006923,0.054952,0.000163,-0.015439,-0.043425,0.048055,-0.000620,0.067826,0.073219,0.029411,-0.037884,0.000001,0.044975,0.023275,-0.040826,-0.004158,0.061375,-0.088690,-0.003086,-0.000625,-0.055891,-0.000516,-0.005767,-0.004522,0.003416,0.000107,-0.000067,0.025864,-0.001762,-0.045211,-0.000098,-0.028244,0.004399,-0.059703,-0.000471,-0.002341,0.023134,0.000828,0.013809,-0.000399,-0.014859,-0.013941,-0.001900,0.003365,0.019522,-0.082309,-0.074136,-0.061118,0.074394,-0.039367,-0.054387,0.007318,0.008471,0.003281,-0.001573,-0.007411,0.067065,-0.027331,0.049981,-0.017830,0.019966,-0.099205,-0.088582,0.052591,0.003905,-0.003259,0.080084,-0.058331,-0.016026,-0.099141,-0.023240,0.002747,-0.013893,-0.011237,0.004300,0.006456,0.034544,-0.019688,-0.027320,-0.096599,0.083024,-0.008447,0.008678,-0.003492,0.035879,-0.010991,0.013848,-0.011120,-0.008729,-0.081680,-0.031014,-0.030006,0.039539,0.030421,0.000176,-0.006563,0.016789,-0.080855,-0.014806,0.019528,0.003448,-0.012689,0.002133,0.045621,-0.000499,0.050075,0.001905,0.006675,-0.009700,0.006987,-0.005210,-0.000080,-0.000792,-0.053970,-0.005542,0.000339,0.003806,-0.000539,-0.000631,-0.013859,0.021883,-0.009735,-0.058864,0.046829,0.002994,0.073544,0.002372,-0.016747,-0.009236,-0.006102,0.000227,0.077237,0.020034,-0.007571,0.011025,-0.001712,-0.019250,-0.001253,-0.002729,-0.002619,-0.017826,-0.005628,-0.001366,-0.062665,-0.091926,0.002771,-0.008911,-0.000420,0.011509,-0.003608,0.001755,-0.000070,0.000768,0.002717,0.005029,-0.093826,-0.001097,-0.053162,-0.068702,0.063587,0.009966,-0.000697,-0.000378,-0.049096,0.010496,0.004493,
-0.002165,0.037770,0.026205,0.071429,-0.022175,0.076672,0.009063,-0.068196,0.004020,-0.000041,0.082100,0.006480,-0.000746,46.673688,-0.000824,-0.025460,0.000223,-0.088047,0.017790,-0.008597,-0.008166,-0.058225,0.032630,0.000619,0.025016,0.010024,0.094591,0.065526,0.019782,0.000127,0.032317,-0.000429,-0.004585,0.007313,0.053984,-0.026811,0.012478,-0.077716,0.038966,-0.006489,0.008912,0.043506,0.023214,-0.044811,0.020722,-0.025273,-0.064877,0.065052,0.000339,0.000966,-0.046779,-0.014213,-0.012877,-0.096648,-0.003192,0.059716,0.044664,0.033216,0.003323,0.012637,-0.025009,-0.004106,0.082276,-0.030241,0.000075,-0.078759,0.035048,-0.006250,-0.096999,0.014646,0.079776,0.002980,-0.011990,0.001640,0.008236,-0.081312,0.001089,0.054967,-0.005105,0.053241,0.003148,-0.001741,-0.027627,0.002646,0.065536,0.012602,-0.056826,-0.033856,-0.070765,0.007109,-0.037751,0.003189,0.044835,0.047004,0.022865,-0.012096,0.021010,0.000188,0.003431,-0.055158,0.007054,0.003582,0.059321,-0.000921,-0.075174,0.026345,-0.023012,0.055929,0.003153,0.000327,-0.037971,0.022735,0.030211,-0.075064,-0.023044,-0.081331,0.053547,-0.007457,0.006749,0.085303,0.004985,0.037130,0.032495,0.025387,0.021169,0.007752,0.002515,0.085105,0.018905,0.036815,-0.000433,-0.010433,-0.000268,0.019619,-0.081283,0.004569,-0.086225,0.001801,0.013558,-0.014220,-0.016845,0.042850,0.018514,0.078340,-0.006766,-0.000444,0.002305,-0.042427,0.005489,-0.095368,0.055685,-0.002694,-0.003024,0.016979,-0.000455,-0.084667,-0.001379,-0.024866,-0.002311,0.001554,0.000565,0.025734,0.060406,0.007545,0.001281,-0.014060,0.021099,-0.028968,0.047735,-0.043906,0.079366,-0.013547,0.001149,-0.011613,-0.017050,-0.000390,0.072581,-0.000566,0.001458,0.000877,0.096016,-0.034807,0.011890,-0.015244,-0.001568,-0.035048,0.005871,0.012881,-0.035407,-0.024436,0.017870,-0.020578,-0.019731,0.062073,0.000089,0.033776,
0.001018,0.086827,0.004386,0.038355,-0.000288,0.018768,0.013356,-0.047856,-0.000435,0.045931,-0.090604,0.000054,0.000916,-0.000824,101.039665,-0.047184,-0.037186,-0.001496,0.006081,0.005233,-0.023956,0.082754,-0.006956,-0.009164,0.000488,0.089198,0.004472,0.000264,-0.016705,-0.005969,-0.039139,0.012691,0.065290,0.069289,-0.059201,0.000139,-0.001122,0.079453,0.016882,0.019253,-0.068903,0.000184,-0.000291,0.091588,-0.022296,0.002712,0.012276,-0.058691,0.000513,-0.086473,-0.051328,-0.048982,0.000153,0.000022,-0.026837,-0.084355,0.000595,-0.000701,0.007588,-0.098458,-0.026928,-0.001855,0.067011,-0.003634,0.008851,0.001251,0.000027,0.022766,-0.027549,-0.004871,-0.009660,-0.006917,-0.056293,0.051729,0.019017,0.014266,0.004384,-0.008289,-0.041827,0.045000,-0.011405,-0.027981,-0.018213,-0.000451,0.014075,-0.058125,-0.002189,0.031614,-0.042229,0.002100,-0.005332,0.003766,-0.004026,-0.024371,-0.069306,-0.008539,-0.014265,0.003578,-0.015975,0.062565,-0.000804,0.053215,0.065645,-0.003435,0.028099,0.000382,0.058375,0.045605,-0.006393,0.000037,-0.072408,-0.008227,-0.079980,-0.000142,0.010808,-0.013374,-0.004342,0.033025,-0.000667,0.009264,0.011539,0.066830,0.000744,0.023051,0.046459,0.035275,0.057133,0.037286,-0.000064,0.002362,-0.000344,0.009923,-0.000459,-0.000937,-0.013777,0.064799,-0.000014,-0.010634,0.097825,0.083704,0.010644,-0.012919,-0.007798,0.021159,0.020009,0.009211,-0.050120,0.015246,0.007970,-0.004334,0.014668,0.004012,0.026688,-0.055665,0.000011,-0.021543,0.008156,-0.017646,-0.006619,0.005696,-0.000341,-0.032760,-0.033410,0.000490,-0.048474,-0.006042,0.001189,-0.004534,0.000000,0.018326,0.000211,-0.005480,0.059907,0.013126,0.007399,-0.057940,-0.000828,-0.000451,0.001038,0.009947,-0.078348,-0.001359,0.046582,-0.054887,0.035989,-0.007686,-0.022543,-0.004791,0.060702,-0.030562,-0.088133,-0.095107,0.001340,-0.017360,0.010792,0.043415,
-0.053034,-0.019970,-0.045045,0.022638,-0.085215,0.025429,-0.002510,0.005550,-0.066180,-0.009781,0.058152,0.000992,-0.046488,-0.025460,-0.047184,7.313520,-0.017366,-0.048024,0.098842,-0.055615,-0.070816,-0.025645,0.062525,0.003086,-0.026779,0.071662,0.003501,0.055472,-0.022338,0.010750,-0.034481,-0.062733,0.025870,0.003016,-0.002070,0.000000,-0.065845,-0.015380,-0.005878,-0.004239,-0.021652,0.004665,-0.022828,-0.062482,0.081037,-0.000674,0.062807,-0.024669,0.003590,0.066386,-0.083396,-0.089041,-0.011071,-0.076174,0.006419,-0.049735,-0.060560,0.036313,0.039428,-0.049843,-0.020845,-0.013675,-0.007338,-0.025148,-0.042297,-0.021625,0.008383,0.052728,0.001765,0.034868,-0.074740,0.015836,0.006294,0.035424,-0.042328,-0.018705,-0.089670,-0.023046,-0.085211,-0.069358,0.031043,0.010984,-0.010940,0.018768,0.040113,-0.023970,0.064738,-0.095702,0.001664,-0.041377,0.012234,0.053016,0.037698,0.048433,0.001819,0.021119,-0.005465,-0.087778,0.008007,-0.016577,-0.000353,-0.001640,-0.025315,-0.007762,0.027304,0.019191,0.088469,0.062636,0.018675,-0.036300,-0.052676,-0.056880,-0.090780,0.010163,0.091132,-0.023065,0.006550,0.094827,0.078412,-0.041085,-0.001544,-0.067761,-0.087680,0.039696,0.086381,-0.035040,0.061817,0.036193,0.042582,-0.034753,-0.003765,0.058761,0.089239,-0.033111,0.021778,0.001336,-0.015365,-0.045954,-0.044412,-0.053636,-0.037207,0.065762,0.079833,-0.015529,0.027846,-0.035970,-0.003528,-0.020862,-0.014773,-0.042883,-0.056858,0.002716,-0.027455,0.013005,-0.021299,-0.044050,0.050374,0.010760,-0.039466,0.060728,0.065678,0.071845,-0.038220,-0.027804,0.003464,-0.000139,0.024897,0.026022,0.065341,0.015982,0.018735,0.071929,-0.001676,0.072115,0.030119,0.017353,-0.000517,0.000914,0.002572,-0.033137,-0.043608,-0.075157,0.013711,-0.007990,0.011737,-0.092570,0.005980,0.074532,-0.004421,0.011806,0.002642,0.003830,-0.018517,-0.065143,-0.028958,0.081434,
-0.020745,0.000983,0.004481,-0.015534,-0.034251,0.070889,-0.009928,-0.059307,0.000180,0.001204,-0.065816,-0.055513,-0.001620,0.000223,-0.037186,-0.017366,1347.461660,-0.066151,0.086640,-0.010068,0.033053,-0.013418,0.009408,-0.044601,-0.033658,0.033119,0.015403,-0.058279,0.029853,-0.000320,0.064161,-0.034690,0.002682,-0.003159,0.086818,0.054377,0.002806,-0.053819,0.027610,-0.030696,-0.026067,0.019724,-0.048139,0.057412,0.009975,0.038150,-0.038773,0.021643,0.014469,0.000334,-0.017563,-0.012792,-0.085199,0.010029,0.080096,-0.000091,-0.099326,0.007305,0.086842,0.093270,-0.004355,0.000373,-0.016118,-0.026234,0.001378,-0.018292,0.016198,0.042089,0.002936,-0.002295,-0.001006,-0.021105,-0.073123,-0.009420,0.013220,0.007624,0.000090,0.004368,0.010495,0.085343,-0.000666,0.000021,-0.067233,-0.018569,0.002202,-0.000143,-0.088653,-0.086377,-0.006953,0.082451,-0.014735,0.065255,-0.000060,0.000261,-0.089215,0.004021,-0.038373,-0.000837,-0.001046,0.008133,0.090731,0.077658,-0.074623,0.091286,-0.005479,-0.000225,0.021984,0.019269,0.000032,-0.095071,-0.004641,-0.001062,0.071431,0.007983,0.018065,0.023857,-0.027443,0.006281,-0.042419,0.088411,-0.036563,0.022745,-0.016728,0.061562,0.000005,-0.023767,0.071249,-0.007866,0.003691,0.032918,0.000007,-0.016011,-0.001571,0.034865,-0.050130,0.005784,0.039354,0.022000,0.003258,0.000325,-0.088487,0.021825,0.001917,-0.008397,0.009021,0.000289,-0.016388,0.062559,0.031812,-0.015988,0.001300,-0.060484,0.011801,0.009139,0.010352,-0.000657,0.014900,0.019714,-0.050014,0.014625,-0.020681,0.016815,-0.060590,-0.019637,0.018204,-0.001816,-0.053814,0.000444,0.000462,-0.012703,-0.000048,-0.009660,-0.007144,0.000136,0.049416,-0.022650,0.041101,-0.000152,-0.002788,0.002090,0.011729,-0.009451,-0.002744,0.096505,-0.001129,0.009763,-0.000041,-0.023476,-0.015626,0.002070,0.030186,-0.000908,0.000037,-0.072609,-0.011671,-0.063400,
-0.051833,0.000547,-0.071058,-0.014829,0.016117,-0.088474,0.014226,-0.031381,-0.046676,0.000682,0.025778,0.020012,0.000672,-0.088047,-0.001496,-0.048024,-0.066151,30.469180,0.016007,-0.080755,-0.001100,0.081096,0.004720,-0.063023,-0.067660,0.014081,-0.000919,-0.002789,0.018450,0.004685,-0.037745,-0.044428,0.008236,0.054322,-0.002895,-0.020551,0.000716,-0.045583,-0.005867,-0.040933,-0.063991,-0.010276,0.034236,0.018073,0.007325,-0.067268,-0.048887,-0.059416,-0.009100,0.048279,-0.045075,0.000065,0.070300,0.000576,-0.079763,0.018804,0.059194,0.004510,0.054289,0.030777,-0.005968,0.038683,-0.000400,0.000831,-0.000592,-0.037860,0.004737,0.030227,0.000221,0.062352,-0.027595,0.007772,-0.004741,-0.008222,-0.010236,-0.004789,0.020926,-0.061972,-0.041425,-0.000098,0.000102,-0.040748,-0.010259,-0.046898,-0.069719,-0.001837,-0.094002,-0.027435,-0.005870,-0.015788,0.023700,-0.000031,-0.002149,0.005770,0.042606,-0.057319,-0.049121,0.001499,-0.010881,0.008616,-0.072043,-0.010987,-0.086487,-0.000386,0.007181,0.018198,0.071505,0.063631,-0.045320,-0.006359,-0.010195,-0.021059,-0.003760,-0.001403,-0.007125,-0.041060,-0.042938,-0.031846,0.062283,-0.032446,-0.055214,-0.099699,-0.006142,0.014941,-0.055343,-0.007573,0.079373,-0.015038,-0.010979,-0.040418,0.021029,0.036574,-0.002422,0.041919,-0.083993,-0.000000,0.065445,-0.061533,-0.036398,-0.005779,0.094064,0.034555,-0.000332,0.027890,0.004692,0.021885,0.011773,0.008140,-0.001643,-0.024342,0.056665,-0.079889,-0.055125,-0.001125,-0.000232,-0.010254,0.015968,-0.010535,-0.064952,-0.004626,-0.015254,0.006824,0.039353,-0.068596,-0.002181,0.001345,0.029555,0.001127,0.000161,0.000039,0.014119,-0.081554,-0.000314,0.082501,0.052580,-0.020423,0.024867,-0.003885,0.001900,-0.063847,-0.004868,0.070578,-0.011382,-0.051424,-0.000734,-0.044237,-0.037434,0.028560,-0.035427,0.056635,0.011395,-0.037295,-0.007789,0.025908,0.059931,0.016009,
0.073531,-0.054784,0.090536,0.066049,-0.052395,0.061920,-0.013852,0.021686,0.034550,-0.003136,-0.008830,0.029786,-0.073403,0.017790,0.006081,0.098842,0.086640,0.016007,11.647139,-0.015686,-0.009841,0.028263,-0.007055,0.065755,0.069091,-0.059749,-0.004936,-0.004865,0.073734,0.050368,0.006879,0.070202,-0.009488,-0.006023,-0.003199,-0.096604,-0.000128,0.008167,0.008997,-0.026383,-0.000844,0.029958,-0.073779,-0.042572,0.034615,0.076441,0.005183,-0.040720,0.034386,0.032298,-0.018086,0.020951,0.001975,0.008071,0.010748,0.052634,0.019909,0.008344,-0.008216,0.037692,0.002797,0.037410,-0.005665,0.063874,0.093256,0.004621,-0.018492,0.006578,-0.009009,0.098144,-0.088278,-0.001229,-0.046313,0.000166,0.058486,0.017488,0.005647,0.092382,0.001945,-0.053928,-0.000184,-0.001297,0.035455,0.003321,-0.090592,0.015868,0.015378,0.049622,-0.011932,-0.081032,-0.012538,-0.003024,0.014756,-0.007815,0.016347,0.096547,-0.046501,-0.004650,0.023560,-0.032451,-0.056090,0.010910,-0.002833,-0.059774,0.042567,0.008375,-0.075900,0.053382,-0.003870,-0.053793,-0.002951,0.000009,-0.046606,-0.001904,-0.060267,-0.056864,-0.027061,-0.000513,-0.023790,-0.071418,-0.064900,-0.078426,-0.000336,0.000067,-0.082973,-0.066243,0.053610,0.026504,0.054048,0.084787,0.076712,-0.003583,-0.002331,0.014309,0.053318,0.052471,-0.016757,0.060614,0.070227,0.052116,-0.072842,-0.000591,0.017275,-0.031027,0.000385,0.018035,0.012104,-0.016737,0.055057,0.002111,0.010866,0.065561,0.075005,0.026423,0.049771,-0.056914,-0.042466,-0.003269,0.042466,0.074901,0.024435,-0.076001,0.045365,-0.010451,-0.012888,0.036316,0.007115,0.023741,0.002555,0.077560,0.022869,-0.079467,-0.094559,-0.003530,0.069528,-0.037096,-0.005717,-0.008555,0.006858,-0.000253,-0.018777,-0.098417,0.002279,-0.028236,0.034288,-0.062111,-0.082617,0.006163,-0.035439,0.039370,0.013513,-0.015449,0.087305,0.015153,-0.004375,-0.002107,
-0.010374,-0.000877,-0.001683,0.048766,-0.018853,0.017556,-0.012720,0.006124,0.027386,-0.056850,0.087556,-0.005822,-0.012883,-0.008597,0.005233,-0.055615,-0.010068,-0.080755,-0.015686,6.134315,-0.012116,-0.098655,0.081573,-0.050810,-0.038835,-0.004051,-0.005331,-0.085648,-0.015030,0.008104,0.003463,-0.012661,-0.064792,-0.012393,0.003349,-0.000727,0.004646,0.048783,0.054428,-0.028553,-0.055203,-0.001112,-0.079418,0.020169,0.056621,0.007431,-0.074796,0.044116,0.062669,-0.062321,0.039093,0.022472,0.006367,0.009556,-0.042393,0.073214,0.095115,0.068564,0.049005,-0.014886,0.096041,0.086852,-0.013682,-0.001922,-0.013472,-0.069140,0.017327,0.071852,-0.004992,-0.023183,0.029547,-0.048145,-0.034057,0.005325,0.028289,-0.071421,0.006049,0.011314,-0.078710,-0.002556,0.000496,-0.034309,0.069480,0.005407,-0.061503,-0.019008,-0.000368,0.012694,0.031900,0.096589,0.065882,0.019258,-0.077155,-0.089038,-0.005104,-0.028474,0.034321,-0.066858,0.010421,-0.095842,-0.027084,0.070657,-0.095857,0.083400,-0.017997,0.009894,-0.081520,0.005553,-0.011420,-0.025660,-0.013184,-0.044304,-0.060942,-0.011324,0.033448,-0.004065,-0.003990,-0.010212,0.033696,-0.038922,0.083184,-0.047854,0.016001,-0.087600,-0.077994,0.001993,-0.051535,0.062248,-0.036780,-0.039242,-0.028616,-0.008884,0.019934,-0.008663,-0.077602,0.012096,-0.000997,0.040400,0.082124,0.016718,0.002942,-0.071356,0.041277,-0.056056,0.002999,-0.032262,-0.014870,-0.066349,-0.024080,-0.001844,-0.047637,0.053504,-0.008345,-0.083557,0.006537,-0.048666,-0.037217,0.006123,-0.020647,-0.021622,0.043485,0.012002,0.024700,-0.074691,-0.005536,0.011929,-0.010143,-0.016946,-0.009255,-0.006177,0.026609,-0.007896,-0.030539,-0.013009,0.014975,-0.015318,-0.044091,-0.016570,0.065716,0.000527,-0.089230,0.027869,-0.000556,0.030921,0.086485,-0.064847,0.011165,0.051299,-0.044436,-0.067972,-0.061067,-0.010944,-0.004405,-0.008466,-0.094354,0.024836,
-0.030206,-0.001302,0.017763,-0.004952,-0.000569,0.003427,-0.008580,-0.090754,-0.003133,-0.031438,-0.095357,-0.000011,0.000771,-0.008166,-0.023956,-0.070816,0.033053,-0.001100,-0.009841,-0.012116,1355.064416,-0.079913,-0.008249,-0.003195,0.075832,-0.032972,0.060785,0.000084,-0.018811,-0.000288,-0.040614,0.095794,-0.035136,0.005803,0.021901,0.001550,0.011473,0.000124,-0.009702,0.043050,0.000442,0.003109,-0.096538,0.046840,-0.009541,0.029359,-0.047086,0.061585,-0.014227,-0.017624,-0.054974,-0.008858,-0.002218,-0.028865,0.089858,0.001028,-0.004369,0.030340,-0.036872,-0.096847,0.002219,0.000567,-0.004163,-0.002816,-0.010491,0.016960,0.001072,0.023260,-0.003083,-0.002766,-0.048958,0.019843,-0.045620,0.000412,-0.021384,0.034594,0.092523,0.000946,0.095414,0.040246,0.000294,0.070362,0.078646,-0.048393,0.058724,-0.000004,-0.001033,-0.074659,-0.002257,-0.001206,-0.000524,-0.000369,-0.037611,0.057786,-0.083726,0.042472,0.027820,-0.005445,0.019860,-0.064340,0.075997,-0.024954,-0.098071,0.006568,0.000005,-0.011641,-0.007542,0.091764,-0.000625,0.034511,0.000102,0.002381,-0.055505,0.000094,0.040766,-0.008270,-0.036683,0.044578,-0.018781,0.006066,0.002056,-0.028764,-0.002440,-0.061932,-0.000329,-0.038707,0.018137,-0.014805,0.000270,-0.089957,0.032521,-0.006102,-0.000032,-0.045257,-0.021957,0.031305,-0.068768,-0.065601,-0.040808,0.010112,0.000035,0.011652,0.003337,-0.048063,0.000581,-0.000041,-0.022257,0.009188,0.013899,0.029218,-0.079291,0.084251,0.010296,0.022830,-0.062026,0.003564,-0.004168,-0.067757,-0.089253,-0.002935,-0.002062,0.011337,-0.030906,-0.019056,0.005744,0.011678,0.022739,-0.000000,0.001543,0.033365,-0.004170,-0.032853,0.002285,-0.021566,0.003603,-0.002147,-0.018842,-0.003240,-0.000685,-0.005036,-0.000037,-0.011754,0.000509,-0.001172,0.003852,-0.059548,-0.000633,0.054463,0.074359,-0.019746,0.007237,0.000495,0.000287,0.015549,-0.013191,0.020057,
