7295.968163,-0.000164,-0.029835,-0.085997,0.004326,0.000855,0.000751,-0.000227,-0.000217,-0.028569,-0.004937,0.007785,-0.016454,-0.013320,-0.004754,-0.088367,-0.000050,-0.003068,-0.016027,0.000233,0.001172,-0.037247,0.039669,0.000709,0.006949,0.087133,0.093101,0.041115,-0.014592,-0.021549,0.003321,0.001368,0.003367,0.010774,0.039122,0.022757,0.055888,0.000099,0.030341,-0.004002,-0.004326,0.036045,0.013207,-0.057676,0.042567,-0.077201,-0.000000,-0.059034,0.017115,-0.031155,-0.006158,-0.012562,0.031698,-0.000758,-0.008086,0.041253,0.007880,0.021255,-0.060672,0.000759,0.001300,-0.005485,0.006075,-0.044117,-0.038300,0.012610,0.002016,-0.095769,0.003329,0.003274,-0.049757,0.064681,0.009782,0.007716,-0.035885,0.019214,0.008149,-0.034547,-0.003788,-0.018289,0.000050,-0.032324,0.005817,-0.000014,0.030376,-0.036965,-0.027487,0.055745,0.002872,0.079424,-0.064811,-0.002277,0.000046,-0.027144,-0.086391,-0.083521,0.002401,-0.074875,-0.015943,-0.035432,-0.037529,0.024192,-0.006469,-0.000510,0.000046,-0.002501,0.068683,0.033891,0.011063,0.004620,-0.033432,-0.056245,-0.000055,0.000438,0.001087,-0.034687,-0.008229,0.048722,-0.027156,0.004890,-0.002469,0.035723,0.097163,-0.000011,0.000245,-0.030184,0.001433,-0.000140,0.092314,-0.054914,0.003822,-0.000079,-0.006055,0.060725,-0.000213,0.013409,-0.000017,0.074935,0.056703,0.000078,-0.000733,-0.007647,-0.000360,-0.008126,0.000182,0.018704,0.017453,0.012473,0.006152,-0.027757,-0.036270,0.029805,0.003263,0.095493,0.039296,-0.001265,0.024556,-0.095289,0.024773,-0.005708,-0.003699,-0.000069,0.001398,-0.036394,0.068441,-0.000291,0.000289,-0.017887,-0.034495,-0.035012,-0.008971,-0.012854,-0.000030,-0.010215,-0.002291,0.092096,0.000777,0.000452,-0.007649,0.038934,0.054754,-0.099247,-0.029355,-0.000397,-0.004308,-0.023946,-0.000829,0.013495,0.003015,0.009922,0.000175,-0.005978,0.000001,-0.000078,0.065961,-0.000282,
-0.000164,262.158522,0.045616,0.027342,0.008377,0.055387,0.000306,0.012405,-0.001572,0.008224,-0.000000,0.068297,0.000941,-0.000148,-0.002416,0.002162,-0.000051,0.004411,0.007497,-0.062432,-0.000552,0.000620,0.029213,0.028867,-0.009384,0.012112,-0.043080,0.000535,0.031296,0.000113,0.000202,-0.000735,0.000010,-0.006757,0.034897,-0.011267,-0.007779,0.000632,0.092629,0.060207,0.000002,0.010282,-0.094270,-0.052454,-0.000245,-0.000930,0.018577,0.044434,0.002359,0.000561,0.057280,0.021122,-0.005026,-0.039466,-0.069048,-0.041052,0.022246,0.004196,-0.007641,0.056789,-0.015805,0.092690,0.014786,-0.063807,0.056630,-0.000078,-0.049552,-0.013231,-0.012989,-0.005673,0.085335,0.030852,0.001134,0.000009,-0.013688,0.018283,0.072357,-0.000948,0.091910,0.088922,0.000222,0.031824,-0.009897,0.067431,0.021927,0.001984,0.030884,0.078586,-0.000063,-0.002251,0.020381,0.030737,0.031546,0.000499,0.000326,0.044016,0.001112,-0.008352,0.000104,0.009524,0.057483,-0.096247,0.025040,0.070101,-0.000033,-0.002033,-0.053011,0.095557,0.001090,0.037062,0.000671,0.041298,-0.000025,0.005202,-0.004230,-0.002086,0.081816,-0.035116,0.032846,0.030250,-0.084749,-0.023803,0.020244,0.027868,-0.000115,-0.065922,-0.000575,0.018300,-0.062762,0.018886,-0.010174,0.001289,0.011540,-0.086552,-0.064852,-0.007376,-0.000389,0.058279,0.000120,0.000414,-0.006914,0.001643,-0.022369,0.002195,-0.000009,-0.056912,-0.096708,0.096439,0.000182,-0.000100,0.025925,0.014191,0.075175,-0.007732,0.021985,0.004442,0.000644,0.049311,0.005668,0.000854,0.067922,-0.003308,-0.026095,-0.006853,0.062759,-0.073049,0.088096,0.003039,0.001708,0.000291,-0.035234,0.000040,0.041820,-0.000550,0.006925,-0.038404,0.075323,0.051022,0.043555,-0.024720,-0.000077,0.000801,0.024898,-0.035169,0.001683,0.054097,0.005114,0.000299,0.000167,-0.029313,0.031094,0.024595,0.000333,-0.000538,-0.000088,-0.000495,
-0.029835,0.045616,0.199789,-0.012794,0.004409,0.004232,-0.000382,-0.013571,-0.072305,-0.005816,-0.033753,-0.049487,0.004411,-0.057428,-0.001756,-0.026035,-0.090599,-0.065151,-0.003478,0.002560,0.001035,0.036123,-0.038769,-0.001214,0.067594,-0.029352,0.006328,-0.005945,0.055214,-0.048889,0.014180,0.018792,-0.011331,-0.056933,0.000355,0.036562,-0.006235,-0.005693,0.013454,-0.023606,0.084451,0.014202,0.034435,0.023064,-0.000720,0.012600,-0.009134,0.067292,-0.004771,-0.010341,0.013812,0.004501,-0.021190,0.029034,0.048464,0.005509,0.017893,-0.086063,-0.081461,0.057359,0.028282,-0.022942,0.002680,0.002187,-0.017301,0.041692,-0.004631,0.002444,-0.001980,-0.023781,0.042748,0.005499,0.007304,0.004585,-0.009850,0.060017,-0.085089,0.068854,-0.049885,0.046623,-0.000954,-0.000947,0.012531,-0.006523,-0.038141,-0.090367,0.017439,0.076957,0.041425,0.004643,0.015288,-0.050517,-0.032412,-0.004889,-0.004641,-0.025870,-0.000373,-0.077322,-0.060880,0.043328,-0.065812,-0.063141,-0.043936,-0.005146,0.028271,-0.018405,0.068538,-0.022412,0.049609,-0.056724,0.082445,-0.034832,0.023017,0.007320,0.006938,-0.000647,-0.099936,-0.012524,-0.001718,0.095383,0.003935,-0.003631,-0.002540,-0.001117,0.025090,0.077041,0.092021,0.022749,0.002912,0.000242,-0.007267,0.009244,0.021196,0.002737,0.086348,0.060982,-0.083129,-0.017761,-0.015715,-0.020054,-0.019965,0.005277,-0.001540,0.045644,0.025976,0.001159,0.051512,-0.046035,-0.001339,-0.000000,0.040758,0.065405,0.007706,-0.065393,-0.009682,-0.018901,0.001078,0.031718,0.001740,0.035410,-0.003108,-0.043764,0.020068,0.014570,-0.046134,-0.003589,0.001549,-0.026390,-0.003434,0.050715,0.050786,0.097628,-0.074879,-0.025546,-0.012607,-0.046894,0.000199,0.093318,-0.017062,0.036697,-0.000392,-0.005098,-0.061115,-0.003082,0.000836,-0.013141,0.004346,0.049515,-0.003910,-0.051884,-0.006909,0.020083,0.022473,-0.001063,0.003233,0.070522,
-0.085997,0.027342,-0.012794,0.109332,0.065768,0.005483,0.062255,-0.003157,-0.019171,-0.000648,-0.021892,0.033375,0.040268,-0.073953,0.083152,-0.005279,0.000089,-0.039808,-0.042815,-0.011714,-0.055359,0.013183,0.032036,0.044004,-0.075901,-0.008819,0.025409,0.005948,-0.023040,0.045017,-0.009775,0.046860,0.010949,-0.052367,-0.002231,0.042966,0.035853,-0.026758,-0.001837,-0.000647,0.014918,-0.012050,-0.015576,-0.088507,0.026764,0.029646,-0.028018,0.055938,-0.070828,0.029373,-0.057878,0.072847,0.022399,0.000076,0.059779,-0.000790,-0.003880,-0.003958,-0.063993,0.031710,-0.080082,0.003668,0.029121,-0.049903,0.029985,-0.017381,-0.041666,-0.019652,0.067145,-0.070540,0.076866,0.018886,-0.015615,-0.017764,-0.045661,0.008858,0.046137,0.026496,-0.035596,0.007479,0.001595,-0.021041,0.024833,0.037642,0.038512,-0.001592,0.017892,0.038902,0.007557,-0.047546,-0.004614,0.006205,0.045679,-0.038077,0.082045,-0.005633,-0.059378,-0.009327,0.068185,-0.026446,-0.016893,0.006519,0.021972,-0.015006,0.029082,-0.038545,-0.018734,-0.000981,-0.027832,0.002156,-0.027477,0.060414,-0.082916,0.042518,-0.090736,0.025235,-0.016602,-0.004477,-0.010528,-0.032213,-0.030180,-0.017335,-0.030390,-0.022052,0.014671,0.003646,0.072952,-0.005212,0.002585,0.015124,-0.015068,-0.037506,0.010710,0.010372,-0.014591,-0.033444,-0.007917,0.048300,0.000000,-0.014889,0.014203,0.050762,-0.032049,0.084484,-0.005496,-0.040665,-0.020239,-0.009516,-0.023587,0.013448,0.028299,-0.035421,-0.075929,0.017834,0.039394,-0.016626,0.053711,0.078426,-0.020602,0.077785,0.038930,-0.071124,-0.003765,-0.098959,-0.000007,0.024069,0.015670,0.011217,-0.062547,-0.008882,0.005183,-0.039794,-0.056940,-0.007637,-0.014844,-0.033739,-0.054595,0.030080,0.011136,-0.033041,0.008214,0.034407,0.028967,-0.010744,-0.015944,0.059985,0.021015,-0.006401,0.002172,0.051250,0.015116,-0.002885,0.065263,0.041908,-0.029753,0.018530,
0.004326,0.008377,0.004409,0.065768,11117.176607,-0.000041,-0.032910,0.000001,0.000342,-0.039261,-0.018611,-0.070250,-0.000446,0.001365,-0.002564,-0.010671,0.003121,-0.008650,0.000034,-0.000106,-0.043163,0.014569,-0.001690,0.022192,-0.039242,0.000209,-0.035183,-0.020544,-0.000973,0.000324,0.085052,-0.030164,0.000062,0.009513,0.067445,-0.040984,0.018329,0.000856,-0.064458,0.027400,0.034875,0.000761,-0.035075,0.051541,-0.005968,-0.098559,-0.047076,0.049540,0.005833,-0.024458,0.001925,-0.000307,-0.096272,0.009672,0.025928,0.003070,0.000375,0.032595,-0.048189,-0.094862,0.091082,-0.046148,0.017821,-0.011662,-0.000543,-0.000009,-0.002952,-0.000015,-0.000003,0.077732,0.090937,-0.094437,-0.004885,-0.090004,0.046378,-0.037868,-0.001797,0.000049,-0.030466,0.018164,0.000231,0.074126,-0.019238,-0.024521,0.025041,0.010303,-0.055816,-0.033320,0.009967,0.008441,-0.021060,-0.001039,0.000106,0.088389,0.068522,-0.055213,0.000695,0.067606,-0.000182,0.041217,0.010569,0.037414,-0.083551,0.072042,0.000039,0.004273,0.000282,-0.042513,0.047917,-0.007888,0.064183,-0.035247,0.031915,-0.067246,-0.028726,-0.002764,-0.049849,-0.000210,0.018127,0.022476,0.008934,0.053736,0.000141,0.017283,-0.000372,0.017162,0.013515,-0.095316,-0.055373,0.005988,0.016399,-0.008936,-0.000663,-0.001670,0.046751,-0.094323,0.017156,-0.020869,-0.030096,-0.032628,-0.007179,0.000728,-0.036540,-0.001653,-0.000576,0.027982,-0.042374,-0.067055,0.001484,-0.031567,-0.019842,-0.002176,-0.002424,-0.051306,0.032868,-0.037366,-0.004048,-0.096350,0.066858,-0.071348,-0.000099,-0.001622,0.006200,-0.044469,-0.005468,-0.025894,-0.003888,0.000932,0.000242,0.000105,-0.025631,0.050244,-0.000053,0.005500,0.005675,-0.069628,0.002083,-0.001826,-0.000196,-0.064102,0.080007,-0.066174,-0.043856,0.065951,-0.000104,-0.000054,0.006353,0.003763,-0.066193,-0.071442,0.020966,-0.093651,-0.000026,-0.009215,-0.039658,0.000243,
0.000855,0.055387,0.004232,0.005483,-0.000041,154.314726,-0.048263,-0.001442,0.000695,-0.055941,0.017079,0.000499,-0.013194,-0.000332,-0.001323,-0.007216,0.000088,0.059840,-0.097466,0.001455,-0.086922,0.005555,0.066017,0.008147,-0.000658,-0.000584,0.009150,0.001912,0.040478,0.000798,-0.058185,-0.012996,0.000182,0.038171,0.033769,0.006328,0.000184,-0.092882,0.039301,-0.028099,-0.067057,-0.009266,0.004897,0.020677,-0.000432,-0.075300,0.038666,0.089865,-0.088209,-0.053654,0.047206,0.000300,-0.025102,-0.003943,0.030761,0.082435,-0.025452,0.058667,0.000210,-0.008270,-0.041459,-0.094175,-0.060296,-0.083349,-0.039008,-0.000637,0.049178,0.000076,0.000036,-0.035779,-0.083116,-0.000797,-0.001122,-0.000439,0.007904,-0.096653,-0.016756,-0.069004,0.000686,-0.002245,0.001261,-0.018306,0.000192,0.047578,-0.019475,0.000741,0.027084,0.087113,-0.001132,0.000689,0.027945,0.025534,0.001396,-0.070384,-0.000026,0.002374,0.055592,0.077806,0.086501,-0.032608,-0.020362,-0.093663,-0.097249,-0.031758,-0.000656,-0.007875,-0.010891,-0.000257,0.003302,-0.045052,-0.035935,0.042467,0.008390,-0.052106,0.012443,0.035240,-0.071305,0.015192,0.006588,-0.027189,-0.021081,0.012288,-0.008435,-0.003808,0.035065,0.029574,0.000209,0.000777,0.049408,0.007818,0.010637,-0.001477,0.056459,0.025193,-0.036123,0.063240,-0.000025,0.005654,-0.081430,-0.005424,0.000034,0.000419,-0.045154,0.000528,0.000925,0.059334,0.084785,-0.001480,0.000087,0.000126,0.048660,0.005066,-0.000915,0.000395,0.018619,0.006562,0.090022,0.099846,-0.014452,-0.025036,-0.036061,0.010782,-0.000172,0.021380,0.001031,-0.087056,0.073940,0.001572,0.046379,0.000056,-0.034475,0.029499,0.000298,0.000880,-0.033229,-0.033488,-0.094587,0.000806,0.086085,0.016887,0.081202,-0.000222,-0.003094,0.001082,0.037602,-0.000353,0.015118,0.001883,0.000245,0.013777,-0.034410,-0.077408,0.030434,-0.000554,-0.077071,-0.018692,
0.000751,0.000306,-0.000382,0.062255,-0.032910,-0.048263,43.043601,0.051612,-0.000261,-0.082638,0.073901,0.093861,-0.058906,-0.001287,0.014448,-0.026733,0.095685,0.009332,-0.001105,0.058729,0.057701,0.006684,0.023839,-0.012129,0.002456,-0.089515,0.012309,-0.033415,0.047198,0.001065,-0.049724,0.008151,-0.094103,-0.043780,-0.037421,0.030773,-0.062859,-0.072113,0.042814,0.056162,-0.001785,0.032498,-0.039651,-0.011178,-0.009210,0.003626,0.027841,0.014260,0.005313,-0.009879,0.011747,0.028704,-0.058519,0.028002,0.061760,0.026726,0.000393,-0.016574,-0.063884,0.006551,0.010581,-0.000199,-0.020083,0.087416,-0.095595,-0.000433,0.047599,0.008037,0.000674,-0.001637,-0.000124,0.088685,0.021185,-0.000109,-0.008897,-0.056225,0.019026,-0.013775,-0.001652,0.094045,0.003251,0.083518,0.000297,-0.001421,-0.019843,-0.002045,0.001514,0.075877,-0.051335,-0.003799,0.043008,0.000089,-0.073764,-0.000105,0.005894,0.002851,0.058648,0.055919,0.001819,-0.040416,0.040936,-0.043513,-0.098909,0.002723,-0.000266,-0.000593,-0.026121,-0.014008,-0.025298,0.093153,-0.028303,-0.001310,0.045687,-0.009764,0.000158,0.021334,-0.001350,0.090649,-0.057503,-0.034073,-0.001506,-0.027964,0.001272,-0.075425,0.039330,-0.000051,-0.045223,-0.080358,0.001171,0.039364,-0.019039,-0.004490,-0.014222,-0.001219,0.003921,-0.060028,0.000302,-0.011369,0.006736,0.048371,-0.000707,0.031077,0.028066,0.047402,-0.023221,0.000817,-0.012074,-0.072853,-0.004820,-0.003329,-0.041379,0.053950,0.002168,-0.012832,0.027046,-0.031241,-0.002557,-0.013638,-0.002213,-0.000000,0.006917,-0.008254,-0.000012,0.023679,0.053477,0.043707,0.009865,-0.025551,-0.032015,-0.040569,0.064803,0.003217,0.006104,0.020241,0.061183,-0.002088,-0.000175,0.085263,0.013349,-0.045648,0.000933,-0.003486,-0.053153,-0.001242,-0.015262,0.006675,-0.029603,0.038835,-0.003233,-0.089752,-0.075683,-0.032469,-0.000147,-0.026058,0.054782,-0.028459,
-0.000227,0.012405,-0.013571,-0.003157,0.000001,-0.001442,0.051612,155.201905,-0.000326,-0.021400,-0.056550,-0.035626,-0.014559,0.030628,-0.072329,0.007551,0.000628,-0.028187,0.078740,-0.070038,0.001782,0.000320,0.010220,-0.023500,-0.050916,-0.003656,-0.010751,-0.006178,0.003784,-0.012647,-0.061032,-0.000088,-0.006688,0.033239,-0.097291,-0.000575,0.006302,0.036419,0.054635,0.006110,-0.013408,-0.014014,-0.068950,-0.073713,0.000880,-0.001243,0.004809,-0.026545,-0.057438,-0.086464,0.064442,-0.000371,0.021486,-0.015234,-0.079304,0.000101,0.012023,0.055423,0.096383,-0.051439,0.009634,-0.001438,0.086357,-0.000498,-0.035969,0.000380,-0.041523,-0.053030,0.000142,0.034731,-0.086746,0.009417,-0.092499,0.084371,0.005841,0.044640,0.010035,-0.002259,-0.047944,-0.054214,0.000140,0.023661,-0.009734,-0.016617,-0.005772,-0.000513,0.057121,-0.029274,-0.000552,0.007929,0.033850,-0.016559,0.014987,-0.001962,0.009299,0.006680,-0.005936,0.008138,0.005807,0.042931,-0.004184,0.024300,0.047618,-0.088173,-0.087987,0.026002,0.035914,-0.017187,-0.016337,0.097213,0.049571,-0.008049,-0.000149,-0.001422,-0.000695,-0.005391,-0.000579,0.000451,0.003297,-0.002039,-0.012340,-0.034359,-0.093237,-0.002464,0.009637,-0.005447,0.076112,0.004275,-0.021656,0.069137,0.005484,-0.017425,0.005983,0.065752,0.023113,-0.015463,-0.000079,0.000055,-0.092148,0.030964,0.026932,-0.000469,0.019228,0.053039,0.091723,0.010031,0.000197,0.084138,0.031272,-0.000019,-0.072221,-0.025913,0.088561,0.097023,0.060351,-0.000421,-0.001176,-0.085557,-0.021529,-0.073270,0.009016,-0.002738,-0.000027,0.043315,-0.004632,0.035885,-0.051397,-0.006954,0.006340,0.000016,-0.011195,-0.021381,-0.094268,-0.000075,-0.035547,-0.054117,0.066787,0.000769,-0.002945,-0.032113,0.000002,0.005397,0.017904,-0.078368,0.020129,0.090337,-0.040849,-0.047745,-0.062231,-0.020961,0.043438,-0.094619,-0.004017,-0.000660,0.000844,0.000000,
-0.000217,-0.001572,-0.072305,-0.019171,0.000342,0.000695,-0.000261,-0.000326,1315.712832,-0.003646,-0.037919,-0.048958,0.000930,-0.078299,-0.000005,0.033551,-0.026133,-0.023841,0.086271,0.045081,0.007023,0.035021,0.017512,-0.026427,0.073069,0.000074,0.045147,0.020467,-0.013823,0.052630,-0.008941,0.009361,-0.045404,-0.000189,0.014821,0.008816,-0.002555,-0.000749,-0.059714,0.049709,0.017839,-0.025274,-0.001176,-0.014029,-0.000018,0.011989,0.025000,0.017388,-0.000328,-0.022609,0.009449,0.000122,-0.005184,-0.081887,-0.000330,0.000434,-0.027708,-0.000181,-0.060282,0.009938,0.000955,0.000485,-0.056595,0.010089,-0.000006,0.002150,0.006114,0.046858,0.029850,-0.073293,-0.085569,-0.030202,-0.037308,-0.056462,0.041413,-0.034405,0.009752,-0.003804,0.041614,-0.000442,0.032589,-0.026181,0.078461,0.004847,-0.015689,-0.002025,0.011654,-0.021890,0.003573,0.004527,0.086927,0.022987,0.022056,0.069829,0.003455,-0.011592,0.023890,-0.029027,-0.005936,-0.094864,-0.063344,-0.014363,-0.007309,0.003153,0.052643,0.041724,0.008243,-0.024242,0.050486,0.039025,-0.022836,0.083154,0.005133,-0.010823,0.003585,0.091649,0.010292,-0.001010,0.066136,-0.029629,0.003754,-0.066304,-0.007048,-0.021519,0.033948,-0.047437,0.017765,-0.031336,0.000607,0.021052,-0.075926,-0.025861,-0.008676,-0.000857,0.028815,0.006718,-0.000040,0.004482,0.025631,0.064123,0.077751,-0.000583,0.044071,0.021779,-0.017046,0.049277,-0.004159,0.047550,-0.031360,0.025117,-0.059532,0.010601,0.000915,0.015896,0.002812,0.008521,-0.000026,-0.081298,-0.013898,-0.027284,-0.002292,-0.060726,0.000714,0.000765,0.000002,-0.001534,-0.002284,-0.008755,-0.000730,-0.000023,-0.004138,0.062807,-0.000013,0.000697,0.002499,0.053765,0.001063,-0.000314,0.013784,0.035080,-0.019129,0.000015,0.044948,0.009197,0.022840,-0.006157,-0.042256,-0.000079,0.018177,0.024597,-0.002382,-0.066347,-0.000169,0.000405,-0.000194,0.000341,
-0.028569,0.008224,-0.005816,-0.000648,-0.039261,-0.055941,-0.082638,-0.021400,-0.003646,1.234637,-0.016466,0.017575,0.091722,0.045103,-0.062135,0.010263,0.026271,0.029886,-0.002054,-0.007755,-0.088482,0.001082,0.087199,0.018886,0.055674,-0.072167,-0.039113,-0.050686,0.034024,0.000366,-0.015223,-0.040449,-0.000408,-0.039196,0.091376,-0.003111,0.002535,-0.004287,-0.078039,0.088666,-0.029984,-0.024674,0.036800,-0.032474,-0.036450,0.008970,0.014521,-0.006024,0.020370,-0.041466,-0.048161,-0.075670,-0.077752,0.088426,-0.001270,0.014030,0.001372,0.096441,0.019539,-0.064071,-0.001328,0.012793,0.010821,-0.038637,-0.097472,-0.050597,-0.035457,-0.062914,-0.000156,0.000000,0.044026,0.030259,-0.081807,0.013648,-0.051999,0.036359,0.066393,0.005638,-0.000910,0.002658,0.065126,-0.075734,-0.075890,-0.051296,0.000608,-0.014114,0.050908,-0.007671,0.031301,0.083267,0.003336,0.041220,-0.085416,0.037418,-0.002207,-0.027204,0.005566,-0.003721,-0.016889,-0.057914,-0.004416,0.058282,-0.033415,-0.082417,-0.079068,0.007393,0.038517,0.080542,-0.000341,-0.029740,0.083833,-0.005168,-0.055425,0.060668,-0.094793,-0.014704,-0.053024,-0.094779,0.018686,-0.058869,-0.060133,0.086047,0.005498,-0.030115,-0.047058,-0.000034,0.015721,-0.015817,0.006542,0.044788,-0.048450,0.005680,0.034559,0.082035,0.076722,-0.012452,-0.056796,0.089236,0.050027,0.031209,0.020516,-0.003057,0.025514,0.091032,0.004500,-0.089653,0.057566,-0.077649,-0.051887,-0.063213,0.001158,0.033003,-0.075709,-0.056018,-0.033093,-0.032199,0.061961,0.033576,0.012122,0.037447,-0.000048,0.059536,-0.022050,0.027482,-0.000001,0.040361,0.003330,-0.059895,0.016461,0.047076,0.039258,-0.000089,0.098406,0.090151,-0.001928,0.083600,0.029671,-0.093259,0.031284,0.040131,0.025120,0.010106,-0.081191,-0.049202,0.003348,-0.039528,-0.009120,0.071603,-0.072970,0.060340,-0.069303,-0.091688,0.033411,0.008236,0.033182,0.006927,
-0.004937,-0.000000,-0.033753,-0.021892,-0.018611,0.017079,0.073901,-0.056550,-0.037919,-0.016466,0.552159,-0.000210,0.079330,-0.044504,-0.007702,-0.020863,-0.016661,0.024557,0.031005,0.036151,-0.007310,-0.044285,-0.069707,-0.000692,0.027210,-0.004724,-0.051828,-0.019840,0.050539,0.016117,0.014665,-0.086546,-0.034404,-0.029382,-0.024164,-0.003245,-0.001812,-0.027545,-0.002971,0.053936,0.030256,0.006836,-0.014466,0.089251,0.071030,0.070005,0.019754,-0.009780,-0.008719,0.022343,0.052318,-0.069507,0.020075,0.063143,0.003235,0.011458,0.039533,-0.092803,-0.025270,-0.093293,-0.059366,-0.009241,-0.063603,-0.046452,-0.007376,-0.001379,0.000260,0.048952,-0.047132,-0.055824,0.017341,-0.021636,0.037839,-0.086932,-0.046479,-0.077496,0.048495,-0.079701,0.056307,-0.002864,0.022690,0.027183,-0.010169,0.015818,-0.009284,-0.059579,-0.086933,-0.001560,-0.039903,0.007642,0.000045,-0.001928,-0.007613,-0.047294,-0.003015,0.034814,-0.086865,-0.023849,0.022987,0.028562,0.031820,0.027676,0.006920,0.043258,0.021325,-0.082570,-0.003471,0.040422,-0.033296,-0.003594,0.003415,-0.005639,-0.079249,0.019159,0.025373,-0.037539,-0.007753,-0.049102,0.087799,-0.007471,-0.031671,-0.010343,0.034390,-0.011561,-0.008459,-0.040996,0.058292,-0.044651,0.077471,-0.064027,-0.042001,0.003345,0.051750,0.041535,0.002304,0.007003,0.006632,0.000532,0.032209,-0.018531,-0.050920,0.059435,0.061234,0.048296,0.008088,-0.051184,0.016274,0.067891,0.072359,-0.051070,0.026305,-0.021481,-0.040877,-0.073162,0.058369,-0.074978,0.007326,-0.034985,0.001479,-0.065624,-0.049788,0.021229,0.022823,0.029459,-0.010019,0.010345,-0.023774,-0.036057,0.030746,0.013268,-0.005146,0.058879,0.013358,-0.087065,-0.020230,0.008209,-0.066217,-0.010963,-0.027040,0.066266,-0.036778,0.008941,-0.049316,-0.031455,-0.036804,-0.063245,-0.033030,-0.008584,-0.059830,-0.018516,-0.000788,-0.058908,-0.000015,-0.076870,0.010140,-0.000459,
0.007785,0.068297,-0.049487,0.033375,-0.070250,0.000499,0.093861,-0.035626,-0.048958,0.017575,-0.000210,0.091164,-0.020686,0.082943,-0.065240,0.010655,-0.062777,-0.023374,-0.037675,-0.050902,-0.072794,0.035679,-0.019631,0.078009,-0.052088,-0.013841,0.008914,-0.005994,-0.038640,0.045481,0.005052,-0.066672,-0.026333,0.054702,-0.060766,0.090851,0.029628,0.076433,-0.001944,-0.008162,-0.007026,-0.022140,0.091288,0.000107,-0.021041,-0.019030,0.011907,0.036176,-0.043563,0.014018,-0.041103,-0.016367,0.017505,0.047912,-0.011208,0.065781,-0.036461,-0.029743,0.038280,-0.027319,0.017896,-0.095378,-0.079934,0.061298,0.027261,-0.015728,-0.009533,-0.002233,0.026657,-0.005856,0.004405,-0.016802,-0.005638,-0.039087,-0.067640,0.006522,-0.079901,-0.063512,0.010435,0.024855,-0.017503,-0.029586,-0.001745,0.084325,0.034023,-0.000788,-0.001133,0.010981,-0.003740,0.055191,0.026935,0.022291,-0.059615,-0.086090,-0.068007,-0.071477,0.045865,0.028207,-0.054833,-0.002873,-0.049353,-0.087277,-0.002796,0.016526,0.032219,0.092727,-0.052409,-0.005698,-0.009665,-0.051578,0.030540,-0.059658,-0.026944,0.087492,0.089600,0.059342,0.001727,-0.073789,-0.031422,-0.070663,0.035290,0.009824,0.001575,0.006291,-0.000716,0.030328,-0.032895,-0.064840,-0.085490,-0.029825,-0.047175,0.023634,0.013991,0.042466,-0.029424,-0.020478,0.010856,0.001418,-0.004694,-0.048319,0.037563,0.007010,-0.000077,-0.046066,-0.004627,0.085953,-0.004864,0.033441,0.072261,0.068452,0.003562,-0.032420,-0.036345,0.087644,-0.088138,-0.009315,-0.068117,0.083221,0.020255,-0.085026,-0.011541,0.038008,-0.088529,0.095272,0.032906,0.016495,-0.024778,0.065559,0.039106,0.017184,-0.084159,0.075171,-0.079986,-0.000446,-0.011504,0.028734,-0.078698,-0.071801,-0.005298,-0.021569,0.047327,-0.007681,0.025326,0.091061,0.035482,0.061932,0.035906,0.007896,-0.012459,0.029912,-0.051286,-0.000504,0.029346,-0.071388,-0.076540,-0.072488,
-0.016454,0.000941,0.004411,0.040268,-0.000446,-0.013194,-0.058906,-0.014559,0.000930,0.091722,0.079330,-0.020686,2973.557938,-0.041632,0.057822,-0.030916,0.000002,-0.005367,0.003756,-0.052361,0.000026,0.084659,0.011919,-0.059901,-0.066986,0.077294,-0.053192,0.022713,0.000616,0.033689,-0.001079,0.000133,0.003242,0.014742,-0.005818,0.069970,-0.055733,-0.001647,0.033785,-0.061644,0.008287,0.070021,0.031885,-0.060583,0.013271,-0.025334,-0.003935,0.011536,0.000578,-0.056761,0.085891,-0.032872,0.064167,0.008271,0.018574,-0.000144,0.000110,-0.000672,0.050379,0.013890,0.019954,0.006805,-0.088081,0.039284,-0.000014,-0.020418,0.076340,0.004137,0.007657,-0.000590,-0.002227,0.003105,0.010253,-0.031031,0.029351,-0.061163,-0.000768,-0.004236,-0.029880,-0.045095,-0.002938,0.041819,-0.071568,-0.000070,0.080350,0.009516,0.052596,0.017090,0.000396,0.005332,-0.003390,0.077678,0.005297,0.075559,-0.060063,0.005273,-0.005643,0.064846,0.001523,0.072244,-0.068750,0.001770,0.024368,-0.007535,-0.026345,-0.001123,-0.029082,-0.058404,-0.011267,-0.080141,-0.043011,0.015396,-0.000222,-0.000389,0.017329,0.017117,-0.043647,-0.033877,0.016851,-0.034803,-0.010311,-0.034398,0.013618,0.003407,-0.003012,0.001405,-0.017838,-0.001410,0.000036,0.008646,-0.000193,0.001252,-0.000526,-0.000031,-0.002993,-0.088260,-0.004883,0.001160,0.014173,-0.053913,0.000231,-0.009693,0.000797,0.099647,-0.000663,0.043126,0.007705,-0.004902,-0.006616,-0.005844,0.025960,-0.038128,0.000904,0.041297,-0.095415,-0.007924,0.000384,0.019361,-0.016990,0.020222,0.067080,-0.013558,-0.005495,0.005670,-0.072333,-0.087049,0.000232,0.002018,-0.073010,0.001682,-0.023364,0.025641,-0.002639,-0.000006,-0.042108,0.006743,-0.017299,-0.058211,-0.073057,-0.029640,0.000009,-0.022591,-0.008643,0.033429,-0.000004,0.074619,0.011623,-0.001734,-0.000174,0.022563,-0.002311,-0.056180,0.000011,0.000021,-0.039974,0.008232,
-0.013320,-0.000148,-0.057428,-0.073953,0.001365,-0.000332,-0.001287,0.030628,-0.078299,0.045103,-0.044504,0.082943,-0.041632,82.201400,-0.064030,0.064854,0.002887,-0.012927,-0.000807,-0.021092,0.017299,0.062514,-0.025791,-0.047710,-0.032456,-0.008591,-0.043986,-0.028055,-0.021027,0.002816,0.036558,-0.001364,-0.067016,0.078100,0.028353,-0.028595,0.004285,-0.011660,0.006493,-0.034884,0.002078,0.039085,0.080898,0.009135,-0.098118,-0.025960,0.058683,0.004352,-0.019700,-0.050878,0.069985,0.044112,-0.038080,0.012507,-0.059649,0.000535,-0.096665,0.024505,0.037799,-0.067634,0.018100,-0.006309,-0.053049,0.005237,-0.012898,-0.000010,-0.070703,0.018517,-0.022476,0.001286,0.055787,-0.005664,-0.044092,0.025072,0.007707,0.097709,-0.001587,0.038166,-0.000336,-0.000006,0.047224,-0.028001,0.001643,0.002319,-0.046904,0.000012,0.024118,-0.051200,-0.050135,0.000156,0.017953,-0.066725,-0.022946,0.000662,-0.005578,0.016214,-0.060124,-0.001048,-0.020545,-0.007853,-0.009953,-0.002062,0.018127,-0.048553,0.002741,0.055138,-0.044439,-0.049443,-0.000202,-0.016892,0.073051,-0.005502,-0.046332,0.024559,-0.005389,0.005267,0.062546,-0.040895,0.000751,0.068954,-0.091386,0.003634,0.027726,0.020389,0.060287,-0.041554,0.045631,0.021961,-0.003568,-0.005489,-0.006393,0.006878,0.040493,-0.011259,0.009787,-0.090308,-0.012875,0.008815,0.071387,0.067275,-0.000869,0.030574,0.052385,-0.058085,0.028203,-0.051772,-0.039106,0.090017,-0.000336,-0.050047,0.077307,0.058229,-0.000164,-0.052700,0.002741,0.042890,0.004252,-0.025191,-0.054371,0.004433,0.052921,0.000210,-0.021554,0.087923,-0.000131,-0.058737,-0.012112,-0.001272,0.015102,-0.005551,0.066860,-0.014565,-0.003816,0.052995,-0.043489,-0.049413,0.092387,0.045443,-0.008922,-0.037274,0.009719,0.001063,0.000424,0.069525,-0.070945,0.004561,0.027372,-0.012313,0.025791,-0.074400,-0.017920,-0.054861,0.023299,0.096651,0.014510,-0.084151,
-0.004754,-0.002416,-0.001756,0.083152,-0.002564,-0.001323,0.014448,-0.072329,-0.000005,-0.062135,-0.007702,-0.065240,0.057822,-0.064030,14.072834,-0.046226,-0.016602,0.024472,0.005762,-0.000105,0.004589,0.000526,-0.057595,0.013814,0.094165,-0.000920,-0.079117,-0.022511,-0.002608,-0.002539,-0.041297,-0.087718,0.012390,0.002483,-0.081407,0.015913,-0.059827,0.026719,-0.016609,-0.010076,-0.057039,-0.013780,0.071523,0.091893,-0.047186,0.005567,-0.057794,0.001371,-0.081683,-0.043050,0.045562,-0.056785,0.003962,-0.000651,-0.014324,-0.008797,0.002599,0.003218,-0.018447,-0.012746,0.019742,0.076969,0.004464,0.002082,0.011196,-0.037973,-0.065474,-0.033571,0.068484,0.008861,0.020547,0.037647,-0.000422,0.005589,-0.086927,0.000040,0.010516,0.079265,-0.045183,-0.005213,0.002327,0.008651,0.040742,0.004814,-0.054044,-0.013198,0.000005,0.004117,0.003911,-0.030435,-0.062551,-0.019754,0.007212,-0.001760,-0.065577,-0.053214,-0.004014,0.062960,-0.018478,0.079134,-0.056421,0.026818,0.002357,0.051532,-0.016547,-0.016362,-0.074019,-0.045376,0.098880,0.000202,0.040530,-0.007122,-0.020483,0.084012,0.022745,0.020622,0.088548,0.004172,0.066618,0.020363,-0.015118,0.024458,-0.050253,-0.042499,-0.018770,-0.001745,0.018390,-0.000744,-0.084219,0.066835,-0.006332,0.007020,0.051921,-0.006924,-0.014271,0.028338,0.001552,0.009832,-0.047649,-0.020400,-0.000265,-0.059147,-0.038257,-0.056970,0.002147,-0.033450,-0.000720,-0.084332,0.000363,0.005941,-0.093706,-0.023763,0.064825,0.050986,0.036020,-0.049434,-0.003117,-0.013298,-0.025803,-0.012649,-0.019825,-0.001540,0.026486,-0.073369,-0.020990,-0.024949,0.002730,0.000234,0.002900,-0.020836,0.013036,-0.007613,-0.041337,0.033245,0.008307,0.035814,0.001638,-0.031991,-0.015813,0.020258,-0.004168,-0.079274,-0.011696,-0.001460,-0.049133,-0.091104,0.070255,-0.009455,-0.006533,0.033632,0.045247,0.094982,0.061183,-0.029857,0.000310,-0.001856,
-0.088367,0.002162,-0.026035,-0.005279,-0.010671,-0.007216,-0.026733,0.007551,0.033551,0.010263,-0.020863,0.010655,-0.030916,0.064854,-0.046226,0.144854,0.034759,0.071247,0.001652,0.072048,0.008689,-0.044597,0.003491,-0.011508,0.014707,0.022681,-0.008060,-0.069229,0.023421,-0.000154,-0.003940,-0.002430,0.000009,0.010896,-0.035332,-0.019071,-0.089969,-0.077240,-0.064032,0.005199,-0.099490,0.098866,-0.002594,0.028665,0.073023,-0.054222,-0.065438,-0.019689,-0.009538,0.037804,-0.079920,0.000009,-0.001324,0.065389,0.042643,-0.012809,-0.072954,0.084306,-0.027886,0.016797,-0.033767,0.012811,-0.020596,0.062235,-0.071961,0.000032,0.013480,0.050978,-0.008734,0.050112,-0.070469,-0.011306,0.060175,0.028296,-0.000722,-0.027747,-0.001187,-0.018631,0.080927,-0.002636,-0.029187,-0.009564,-0.038215,-0.014656,0.007622,0.053948,0.015012,0.045821,-0.009259,0.013133,0.051347,0.024870,0.024058,0.077256,0.021882,-0.028569,-0.002963,0.018986,0.024394,-0.023536,0.025887,0.000206,-0.078624,-0.015785,-0.037605,0.057808,-0.036096,0.025428,0.046120,-0.062219,0.056942,0.057392,-0.016222,0.005815,0.013433,0.024091,0.016055,-0.033995,-0.000026,0.030878,-0.025824,-0.054704,-0.007981,-0.052656,0.006953,-0.016384,-0.013287,0.043094,-0.039135,-0.075785,0.003100,-0.030491,0.063725,-0.077025,0.008283,-0.034484,0.075145,0.076861,0.029823,-0.073296,-0.048766,0.066308,0.085986,0.085247,-0.021521,0.090908,0.002873,0.002102,-0.022215,-0.047781,0.031660,0.048104,-0.033318,0.016813,0.004272,-0.020819,-0.005436,0.011274,0.082952,-0.010066,-0.044385,0.010129,0.043996,-0.026761,-0.000345,-0.063489,-0.028611,0.033044,-0.034212,0.075206,-0.012897,0.033995,-0.054262,0.041879,-0.041663,-0.000549,-0.016595,-0.037224,-0.021386,0.053273,-0.000646,0.094176,0.015412,0.027919,0.078708,0.072287,0.022870,0.003488,0.022409,-0.013988,-0.059458,-0.017708,-0.005978,-0.040464,0.012703,0.080883,
-0.000050,-0.000051,-0.090599,0.000089,0.003121,0.000088,0.095685,0.000628,-0.026133,0.026271,-0.016661,-0.062777,0.000002,0.002887,-0.016602,0.034759,5825.384963,-0.028620,0.067049,0.073687,-0.026022,-0.010514,-0.005365,-0.009823,-0.013393,-0.030671,0.017392,0.048447,-0.000031,-0.012996,0.095671,-0.003114,-0.013559,-0.010834,-0.015954,-0.016611,-0.000602,-0.003739,0.001837,-0.046117,-0.006064,-0.000470,-0.000177,-0.038089,-0.010581,0.010945,-0.045588,0.011204,0.089794,0.014147,0.003140,-0.078032,0.094779,0.008350,-0.024791,0.000453,0.001343,-0.003681,-0.088952,-0.036850,0.055359,-0.000089,-0.018648,0.048806,0.000020,-0.058299,0.007170,-0.022451,-0.000005,0.076274,-0.003803,-0.056013,-0.018070,0.089196,0.019425,0.032429,0.008225,0.000028,-0.003998,0.000628,0.000743,-0.021027,0.032403,0.000187,0.066125,-0.006816,0.000934,0.022924,-0.000136,-0.007467,0.005128,0.055450,-0.030442,-0.011284,0.001632,-0.054706,0.006267,0.097236,0.026942,-0.017601,0.043593,-0.084731,-0.000731,-0.034921,-0.054864,-0.036541,0.063231,-0.009053,-0.055299,-0.034224,-0.056546,0.004257,0.000011,-0.025984,-0.001912,0.000655,0.022829,0.018428,0.022259,-0.015071,0.031450,-0.081657,-0.000000,-0.005623,0.000551,-0.027607,0.061656,0.072940,0.000209,-0.012768,-0.000379,0.001505,0.085438,-0.000032,-0.072684,-0.020443,0.089913,-0.071164,0.056224,0.087565,0.015529,-0.001972,0.003452,0.001984,-0.000020,-0.029740,-0.003737,0.001397,-0.003438,0.065046,0.025234,-0.003185,0.002464,0.058335,0.073357,-0.097500,-0.018351,0.000072,-0.043064,0.003253,-0.000016,0.000337,0.010132,-0.000260,-0.005233,-0.012298,-0.006383,0.003830,0.018493,-0.000049,0.044650,0.012045,0.000334,0.000007,0.000977,-0.063503,0.000614,-0.001975,0.032300,0.009417,-0.000152,0.065215,-0.075694,0.023116,0.000028,-0.000002,0.001121,-0.053630,-0.000190,-0.020974,-0.092481,0.009190,-0.010310,-0.000001,0.009680,0.000510,
-0.003068,0.004411,-0.065151,-0.039808,-0.008650,0.059840,0.009332,-0.028187,-0.023841,0.029886,0.024557,-0.023374,-0.005367,-0.012927,0.024472,0.071247,-0.028620,191.179120,0.005066,-0.006156,0.000143,0.006576,0.007504,0.000902,0.002568,-0.033212,-0.016746,-0.025189,-0.049215,0.023891,-0.030855,0.012725,0.000088,-0.003299,0.006526,0.091766,0.001188,-0.056530,0.000228,0.040939,-0.004100,0.071534,0.039278,-0.019872,0.000639,0.011697,0.039968,0.023539,-0.045781,0.061248,0.047216,-0.055028,0.042300,-0.022577,0.009796,-0.001300,0.038289,0.020875,-0.048147,-0.013765,-0.001077,-0.075981,0.008043,0.027150,0.017622,0.006735,-0.097528,-0.024848,-0.007756,0.008738,-0.005376,-0.022782,-0.001678,-0.087994,-0.048937,0.001791,0.020185,0.001271,-0.000020,0.021598,-0.001323,0.003046,0.007801,0.008887,0.045262,0.042085,0.006413,0.075759,0.001747,0.000821,-0.000287,-0.070020,0.038386,0.001266,-0.004839,-0.003942,0.066095,-0.026727,-0.000105,-0.043672,-0.028618,0.018932,0.002140,-0.001291,0.001012,0.011529,0.021003,0.086286,-0.010874,-0.017683,-0.085708,0.003465,0.006612,0.000848,-0.025884,0.022455,-0.002083,-0.002849,-0.075411,-0.026900,-0.016223,0.007589,-0.086161,0.017305,-0.039556,0.066942,-0.033795,-0.020571,0.023809,-0.071440,-0.012028,0.000646,-0.020055,0.005072,0.040084,-0.075356,-0.000325,-0.000730,-0.008104,0.081403,-0.017512,0.003924,0.073824,0.005745,0.002120,-0.045728,-0.015414,-0.001500,-0.001978,0.000035,0.040964,-0.000307,-0.048085,0.039661,0.036882,0.000397,-0.000966,-0.008786,0.003612,-0.034228,-0.001875,0.033773,-0.000933,-0.037906,-0.002346,-0.013681,0.005776,0.098979,0.001670,0.036262,-0.033494,-0.007606,-0.044652,0.000113,0.081537,0.001307,0.060069,0.033661,-0.062111,-0.053510,0.039074,-0.033856,-0.095651,0.002250,0.013243,-0.000077,-0.028633,-0.044314,0.000308,0.014186,0.063838,0.061254,-0.023938,-0.000040,0.026661,-0.029183,
-0.016027,0.007497,-0.003478,-0.042815,0.000034,-0.097466,-0.001105,0.078740,0.086271,-0.002054,0.031005,-0.037675,0.003756,-0.000807,0.005762,0.001652,0.067049,0.005066,178.013194,0.027450,-0.005553,-0.000304,0.017402,0.002147,0.037097,0.042087,-0.010704,0.007975,-0.091048,-0.013895,0.010314,0.000092,-0.003720,0.079559,-0.025933,-0.001041,-0.002690,-0.008431,0.043293,-0.068840,0.002611,0.026606,-0.002132,-0.032934,0.008930,-0.035879,0.028629,0.033903,-0.064399,-0.084121,-0.022329,-0.096279,0.019750,-0.040340,0.008422,0.075146,-0.060798,-0.000016,0.000983,-0.056979,0.000065,0.036835,-0.081166,0.033484,0.021834,-0.000723,-0.010005,0.094328,0.000050,0.065134,0.013157,-0.028773,-0.028862,-0.016511,-0.031110,0.017684,0.033214,-0.013387,-0.045860,-0.088200,-0.006376,-0.066628,0.030006,-0.000063,-0.022435,0.037673,-0.006111,0.039123,-0.008428,-0.024483,0.021887,-0.055217,-0.003197,0.005447,-0.056189,0.002182,0.088262,0.068025,-0.002456,-0.048378,-0.064315,-0.021597,0.005106,-0.077670,-0.053145,0.005139,0.029385,-0.026414,-0.024450,-0.005825,0.001386,0.022607,0.093782,-0.079614,-0.004756,0.022343,-0.000659,0.016286,-0.004976,-0.028981,-0.007061,-0.097498,-0.002856,0.024066,0.028365,-0.020681,-0.021283,-0.057355,0.021779,0.000638,-0.022745,-0.005846,0.011389,-0.005129,0.054362,-0.097325,0.047796,0.002767,-0.000479,-0.080669,-0.007565,0.002586,-0.051869,0.016308,-0.016990,-0.054521,0.005577,-0.006804,0.044391,0.059073,0.003842,-0.002960,0.001154,0.074902,-0.000702,0.024436,0.010329,-0.002375,-0.094651,0.055253,0.034219,-0.011154,0.077278,0.077814,0.000262,-0.000135,0.001583,-0.000168,0.006734,0.036412,-0.030310,0.021248,-0.000775,0.001742,0.024439,-0.013527,-0.035533,0.065344,-0.001009,-0.003526,0.048427,0.005095,0.079469,-0.016805,0.021261,0.002005,0.004311,-0.022320,-0.022382,-0.086991,0.004787,0.019175,-0.002826,-0.019570,0.001904,-0.008170,
0.000233,-0.062432,0.002560,-0.011714,-0.000106,0.001455,0.058729,-0.070038,0.045081,-0.007755,0.036151,-0.050902,-0.052361,-0.021092,-0.000105,0.072048,0.073687,-0.006156,0.027450,32.610774,-0.054844,-0.087180,0.080615,-0.046016,0.096911,0.098574,-0.094249,0.015296,-0.000732,0.000280,-0.020056,0.027000,0.006182,0.003831,0.072694,0.083995,-0.001054,0.001114,0.088867,-0.017815,-0.055610,-0.036026,0.001507,0.006239,-0.001483,-0.002066,-0.025742,0.023366,0.001399,0.033281,-0.035575,-0.000399,0.008313,-0.045745,-0.092275,-0.002486,-0.045269,-0.000000,0.027478,-0.001991,0.018906,0.075330,-0.021690,0.000053,0.009436,-0.004167,0.075265,0.009256,0.067688,-0.002245,-0.092460,-0.066121,-0.074600,0.000512,-0.021445,0.037019,-0.008285,0.001659,0.001037,-0.027353,-0.000573,0.051230,0.050491,0.002045,-0.011446,-0.001571,0.041619,0.029513,0.020364,0.058799,0.060462,-0.013636,0.002229,0.014558,0.004400,-0.081230,-0.000901,0.056804,-0.032414,0.002741,0.001107,-0.068029,0.077421,-0.002016,-0.000936,-0.032219,0.013468,0.025871,0.016909,-0.043059,0.017052,0.014285,-0.017781,-0.004049,-0.010004,0.000818,-0.034941,-0.093717,0.087228,0.051823,0.000815,0.032296,0.016637,0.008336,0.002275,0.004288,-0.050708,0.031996,-0.029969,-0.075482,-0.055368,-0.002748,0.009626,0.020931,0.037784,0.023993,-0.079993,0.000499,0.011953,-0.017271,-0.015544,0.003695,-0.023080,0.055086,0.000673,0.052577,0.015333,0.004415,-0.004596,-0.026065,0.089416,0.075261,0.001261,-0.019829,0.040464,-0.001513,-0.036822,-0.031934,-0.074397,0.031738,-0.001340,-0.063882,0.003020,-0.028742,-0.074977,0.059479,-0.000858,0.008252,-0.001625,0.006047,-0.086966,0.018796,0.089341,-0.000647,-0.049821,0.007146,0.004703,-0.088181,0.001471,-0.060872,0.010722,-0.000978,0.025072,0.001329,-0.000947,-0.090678,-0.017593,-0.063903,0.058491,-0.023868,0.004267,-0.013315,-0.000993,0.078610,0.077240,-0.054073,
0.001172,-0.000552,0.001035,-0.055359,-0.043163,-0.086922,0.057701,0.001782,0.007023,-0.088482,-0.007310,-0.072794,0.000026,0.017299,0.004589,0.008689,-0.026022,0.000143,-0.005553,-0.054844,468.174926,0.089004,-0.038443,0.000881,-0.001083,-0.072074,0.048122,-0.043395,-0.000006,0.040876,-0.046410,-0.031775,0.000012,-0.023253,-0.096340,0.012468,0.013861,0.094206,0.005228,0.027110,0.098558,-0.071035,-0.028294,-0.019573,0.001140,-0.000016,-0.000000,0.002631,0.005506,-0.008922,-0.035824,-0.085244,-0.013371,0.000288,-0.018397,0.001183,0.001673,0.018201,0.001747,-0.044523,0.000780,-0.010531,-0.010539,0.000161,0.002236,0.014241,0.016813,0.011751,-0.025379,0.006109,0.008279,0.022223,-0.032371,0.030261,0.091799,0.005000,0.026267,-0.000628,-0.049599,-0.003249,-0.034619,-0.058492,0.031665,-0.066721,-0.013153,-0.005905,0.000013,-0.074924,0.078064,-0.032314,0.090345,0.027847,0.055757,0.006716,-0.002421,-0.075801,-0.001424,0.000705,-0.000070,0.014385,0.006064,-0.002586,-0.035781,0.000123,0.000113,-0.031752,-0.042140,0.000252,-0.022053,-0.042875,-0.035788,-0.018420,-0.001610,-0.070094,0.001814,-0.009753,0.000412,-0.022864,0.032644,-0.013306,-0.003289,-0.034402,-0.019972,0.047527,0.013539,0.001732,0.000551,0.021317,-0.011080,0.026953,0.012469,-0.001135,0.087541,0.027303,0.007172,0.029839,-0.000003,0.000500,0.059829,0.074801,0.006957,-0.001432,0.005277,-0.029723,-0.029626,-0.003514,-0.005475,-0.059527,0.084337,0.042707,0.006842,-0.098168,-0.019219,0.042874,0.064484,-0.016048,0.000278,0.069938,-0.001219,-0.010503,0.004125,-0.002523,-0.006712,-0.012732,0.006571,0.004033,0.069530,-0.080567,-0.023837,-0.018538,0.027018,0.000635,0.061615,-0.000265,0.004608,0.000461,0.000179,-0.000032,0.064366,0.031341,-0.000039,0.000424,-0.006962,-0.092497,0.012376,0.000630,0.000939,-0.001444,0.000117,-0.024647,-0.000043,0.003185,0.000000,0.019588,0.002227,0.083057,
