3046.612789,0.031083,-0.077112,-0.031304,-0.020464,0.017244,-0.034641,-0.000484,0.016276,0.087182,-0.008413,0.005825,0.004366,-0.001981,-0.055709,-0.000003,-0.000184,0.074411,0.004832,0.045167,-0.004290,-0.078657,-0.000088,0.061593,-0.012642,0.003474,-0.001189,-0.034635,0.001873,-0.000093,0.071870,0.036666,-0.004715,0.003502,-0.034139,-0.000097,-0.045131,0.025525,0.022456,-0.039047,0.017051,-0.073663,-0.019594,-0.026697,-0.000473,-0.045875,-0.004086,-0.008933,-0.001310,0.047751,0.000706,0.003813,0.009585,0.011954,0.043372,-0.034913,0.087863,-0.000010,-0.054215,-0.009721,-0.097050,0.000159,0.000358,-0.001958,0.001248,-0.000157,-0.001379,-0.008678,-0.000027,-0.003749,0.000104,-0.024783,0.002850,0.028991,-0.001874,0.029558,-0.031723,-0.019408,-0.046386,0.045555,0.056368,-0.000850,0.032378,-0.034051,0.003810,0.000034,0.028646,-0.004785,0.010625,0.007278,0.002076,-0.076021,-0.001332,-0.045819,-0.039699,-0.081743,0.078187,-0.001722,0.034399,-0.009567,0.018543,0.007977,-0.022220,-0.049701,0.039177,0.084242,0.075230,-0.042771,0.002656,-0.060908,-0.010075,0.034231,-0.000768,0.022018,-0.004363,-0.082809,-0.053710,0.050313,0.007890,0.024799,-0.020123,-0.075718,0.011126,-0.091819,-0.014912,-0.013315,0.000002,0.010872,-0.065120,-0.000006,0.000503,0.011264,-0.036785,-0.000171,0.052761,0.003664,0.001678,0.002600,-0.080064,-0.040934,0.081539,0.091026,0.052452,0.000906,0.004149,0.005256,0.000013,0.028325,0.035308,0.043363,0.035388,-0.039409,0.014048,0.039509,0.069826,0.098311,-0.005508,-0.077758,0.000534,0.000011,-0.001717,0.020308,-0.027358,0.009391,-0.009256,0.053935,0.039601,-0.023506,-0.030161,0.024004,-0.050390,0.046143,0.061994,0.014986,0.001936,-0.034953,-0.074245,-0.000897,-0.085435,0.060011,0.000219,-0.001533,0.043725,0.011678,0.067117,0.055728,-0.004139,-0.036477,0.001885,0.000436,0.046675,0.001617,-0.000110,0.036255,0.000022,-0.007569,
0.031083,7885.629697,0.009643,0.007485,0.005799,-0.000340,-0.023970,0.035481,0.017567,0.011112,-0.036112,-0.036082,-0.007230,0.000095,0.038249,0.040422,-0.000030,-0.011702,0.039007,0.006949,0.000064,0.045729,-0.000159,-0.000096,-0.000462,0.000424,0.000384,0.005395,0.013020,0.000029,-0.041781,-0.001726,0.002864,0.024287,0.014681,0.000639,0.012111,-0.000961,-0.040392,0.000055,-0.076545,-0.053493,-0.000969,0.070746,0.044744,0.001007,-0.084667,0.020892,0.054770,-0.057649,-0.049566,0.000914,-0.007346,-0.002206,-0.026745,-0.025687,-0.004655,0.061371,-0.032089,0.000287,-0.003717,0.000703,-0.004495,-0.001898,0.007346,0.005067,0.000437,-0.016833,-0.079524,0.000084,0.000019,0.030815,0.024330,0.000312,0.074291,0.008022,-0.071167,0.025633,-0.042735,0.080922,0.087191,-0.000238,-0.019344,-0.004747,-0.008494,0.001299,-0.023682,-0.048302,0.081504,0.012783,-0.025684,-0.023505,0.006616,-0.001590,0.008153,-0.046078,-0.056051,0.005763,0.005430,-0.013901,-0.060714,0.081983,-0.000398,0.000135,0.030954,-0.002627,-0.087660,0.022911,0.000103,-0.005427,0.000102,-0.019824,0.046497,0.000021,0.009369,-0.005236,0.016974,-0.014373,0.062839,0.005480,0.079526,0.000057,0.013087,0.003025,-0.033774,0.000197,0.034976,-0.011854,-0.022297,0.081487,0.002016,0.002004,-0.001179,-0.038590,0.086607,-0.049245,0.000258,-0.080218,0.008342,-0.004259,0.041339,-0.002943,0.012225,-0.019101,0.061128,-0.049052,0.004568,-0.031556,0.041390,-0.040327,-0.073745,-0.028140,0.000002,-0.095041,0.078297,0.064820,-0.003314,0.046785,0.000026,0.013790,0.002320,0.051789,0.021132,0.057502,0.039038,-0.044949,0.055263,0.042384,0.017036,0.013047,-0.013256,0.074698,-0.044837,0.083014,0.006409,0.004251,-0.005885,0.006319,0.030719,0.023945,-0.070243,0.000069,0.074001,-0.041745,0.039126,0.033209,-0.073750,-0.054411,0.000557,-0.000007,0.079761,-0.003745,-0.002045,-0.000044,0.004954,0.000685,
-0.077112,0.009643,7.126925,-0.004431,-0.064984,-0.020651,0.035304,-0.086874,-0.033310,-0.083582,0.011243,0.094327,-0.018120,0.068912,-0.053216,0.080925,0.046589,0.000426,0.007085,0.018331,0.000592,0.081024,0.035901,0.052744,0.000354,-0.001462,0.060034,0.068535,-0.026998,0.019915,0.023830,-0.001962,0.004571,0.082487,0.029259,-0.011084,-0.025406,-0.035719,-0.052165,-0.014079,0.075066,-0.077246,-0.028904,-0.092565,0.014286,0.007372,-0.030093,0.018656,-0.096453,-0.035558,-0.022964,-0.023548,-0.037755,0.000352,-0.027710,0.064874,-0.014406,0.005117,0.024704,0.009831,0.091370,-0.000004,-0.000445,-0.031643,0.071807,-0.086734,0.003836,0.036053,0.064096,-0.041367,0.014717,0.092424,0.004611,0.000735,-0.019633,-0.004436,-0.025089,-0.000031,-0.073802,-0.072228,-0.022191,0.041078,0.028127,-0.001370,0.069550,-0.086757,-0.094433,-0.097527,0.095700,0.000421,-0.020910,-0.027086,-0.001475,-0.020190,0.000039,0.002264,0.000000,-0.006752,-0.002658,0.035956,0.005579,0.050224,-0.020237,-0.054059,-0.071352,0.091713,-0.002095,-0.013992,0.030319,0.099019,0.001861,-0.052160,0.002641,0.004470,0.019781,0.014928,-0.014842,0.001411,0.003821,0.031014,-0.005420,-0.080791,0.033590,0.025237,-0.061447,0.038274,0.019257,0.005881,0.006666,-0.039890,-0.025579,0.074522,-0.065548,0.025539,-0.004447,0.001565,-0.032766,0.006641,0.080792,-0.010592,-0.082991,0.072904,-0.057779,0.058339,-0.001234,0.051802,0.028784,-0.011556,0.076603,-0.002237,-0.029049,0.083710,0.092130,0.031739,0.090370,-0.004571,0.044112,-0.090072,0.044867,0.013258,0.011150,-0.084723,-0.016836,0.001407,0.000621,0.076420,0.040131,-0.064327,0.020637,-0.023378,-0.086802,0.012107,-0.000603,-0.043284,0.009214,0.080953,0.049956,-0.008402,-0.041875,0.042230,-0.009826,-0.078147,0.085003,-0.014578,0.001875,0.048742,0.047056,-0.058827,-0.082967,-0.060566,0.056299,0.000687,0.082406,-0.009898,-0.026041,0.048952,
-0.031304,0.007485,-0.004431,230.503262,0.000029,0.000196,0.077241,-0.008857,-0.047699,-0.060351,0.043840,0.002805,0.000772,0.039380,-0.006105,0.018906,0.025959,0.002187,-0.061127,0.051341,-0.028851,-0.000057,-0.000077,-0.004593,0.013159,-0.000326,0.065273,0.030915,0.006220,-0.000058,0.013984,0.089806,0.000700,0.018976,-0.066348,0.000005,0.006798,-0.001174,0.035266,0.011993,-0.048586,-0.024839,0.052960,0.045968,0.075320,-0.001387,0.001172,0.001918,0.039256,-0.051262,-0.030362,-0.050335,-0.074999,-0.093058,-0.046864,-0.000353,0.042462,-0.007406,0.090789,0.002352,-0.099510,-0.063116,0.045053,-0.040119,-0.098660,0.001162,-0.000892,0.026294,0.023478,0.023616,-0.000187,-0.043499,0.031699,-0.019707,-0.011283,-0.008591,-0.018307,0.006120,0.082294,-0.019769,-0.026325,0.001565,-0.097027,-0.001390,-0.000517,-0.023630,-0.082752,-0.057979,-0.000209,-0.010897,0.030934,-0.096407,-0.000573,-0.002092,0.005151,0.003812,0.021531,-0.001502,0.030159,0.036686,0.006759,0.053788,-0.060009,-0.066306,-0.026371,0.001189,0.000422,-0.099632,0.000229,-0.029587,0.097995,-0.024636,0.001251,0.032302,0.077722,-0.009033,0.040980,-0.034874,0.005339,0.097910,0.065812,-0.000687,0.083311,-0.044551,0.035316,0.000093,-0.035554,0.080988,0.012372,-0.048757,-0.046746,0.063514,0.049937,0.001140,0.027805,0.028003,0.020906,0.027491,0.046766,-0.088362,-0.005187,0.000319,-0.010763,-0.035702,-0.028713,-0.002226,0.018504,0.023670,0.029569,0.007884,-0.001534,-0.013899,-0.009055,-0.028515,-0.034130,-0.049183,-0.010695,0.060740,0.036697,0.035738,0.000993,-0.021972,0.057991,-0.005184,-0.052192,-0.003644,0.028798,-0.014411,0.020750,0.000290,-0.029069,0.000143,0.008818,-0.028001,-0.000020,0.027378,0.000574,0.000675,0.021176,-0.012213,0.006260,-0.036725,-0.020006,-0.011034,0.078119,0.021807,-0.003135,-0.033023,-0.002545,0.088353,0.001678,-0.048871,0.076781,0.017739,-0.003899,-0.072319,
-0.020464,0.005799,-0.064984,0.000029,783.771573,0.000674,-0.000035,0.008026,-0.004551,-0.000060,-0.048137,0.001307,0.050645,-0.000050,0.042220,0.012805,-0.000278,-0.006321,0.047366,0.037820,-0.005677,0.001501,0.021710,0.025539,0.000036,-0.016567,-0.000630,0.094688,0.004106,0.074483,-0.098013,-0.000374,0.048020,-0.001383,-0.001613,-0.000900,0.000972,-0.000777,-0.064806,0.042499,0.093095,-0.003071,-0.052009,-0.079980,0.087964,-0.057225,0.095332,-0.003634,-0.093870,-0.034676,0.039572,-0.074012,-0.013393,0.000025,0.031825,0.013650,-0.016046,-0.003217,-0.013737,-0.062127,0.007037,-0.009223,-0.042786,-0.099398,0.003315,-0.000335,-0.035119,0.097451,-0.059133,-0.000008,0.000173,0.059785,0.011461,-0.059133,-0.003667,0.040651,-0.000000,-0.002121,-0.075532,-0.084191,0.039659,0.000293,-0.032350,0.063796,0.039101,0.045558,0.009879,0.074119,-0.024290,0.008503,0.060587,-0.046367,-0.004138,-0.004311,-0.081363,0.086880,0.006153,0.001767,-0.024507,-0.066718,-0.031477,0.050563,-0.024013,0.089915,-0.001616,-0.000707,-0.003614,0.062080,0.000093,-0.066490,0.004193,0.035301,-0.006618,0.000287,-0.002351,-0.012667,-0.000232,0.067942,0.004215,-0.053519,-0.000599,0.007879,0.060858,-0.029053,-0.032633,-0.000660,0.057697,0.000062,-0.020671,0.002661,-0.000404,0.018167,0.000034,-0.062934,0.024131,0.021028,-0.027827,-0.082846,-0.003985,0.080711,0.013088,-0.074155,0.068877,0.021366,0.057140,0.099973,-0.074114,-0.024276,-0.004655,-0.009790,-0.017728,0.029176,-0.033468,-0.004970,0.000705,-0.003988,-0.000550,-0.016105,0.001230,-0.042446,-0.038575,0.002344,-0.012590,-0.019494,-0.031921,-0.012796,-0.036625,-0.025751,-0.029891,0.003705,0.013057,-0.000042,-0.003789,-0.027995,-0.059217,0.011886,0.002162,0.001504,0.087339,-0.000353,-0.041264,-0.084920,-0.008167,0.027138,0.064236,0.045664,-0.021731,0.094325,0.012113,0.000014,0.061924,-0.002738,0.067636,0.009043,0.063311,0.009815,
0.017244,-0.000340,-0.020651,0.000196,0.000674,2884.726642,-0.065437,-0.027625,0.096862,-0.025796,0.028472,-0.078834,-0.022205,-0.000393,-0.053301,-0.056202,0.002390,-0.079788,0.082641,-0.089193,0.000067,0.001064,-0.016985,-0.029927,0.026245,0.000030,0.000854,-0.056703,0.004364,-0.000654,0.080436,-0.013706,0.075583,0.023302,-0.057410,0.000124,-0.003411,-0.062516,0.001554,0.000348,0.002906,-0.009895,0.004451,-0.070252,0.004160,0.020021,-0.082070,0.067033,-0.043351,0.004845,-0.085220,0.033802,0.018581,0.002884,-0.077515,0.047619,-0.031588,-0.003345,-0.047940,-0.047007,-0.016645,-0.000114,-0.000350,0.000380,-0.029806,0.006565,0.005915,0.077482,0.012608,0.042186,0.000104,-0.062791,0.005100,0.092520,-0.069455,-0.000941,0.011823,0.016931,-0.060613,0.022143,0.045913,-0.000050,-0.053770,-0.055424,0.004159,-0.000008,-0.087223,0.025182,-0.002027,0.027657,0.028327,-0.024805,0.026192,0.098757,-0.004198,-0.071294,0.011725,0.000465,0.006772,0.081825,0.017292,-0.059108,0.000087,0.059940,-0.001153,-0.000693,0.011144,0.000847,-0.000070,-0.009605,0.000239,-0.089708,-0.000852,-0.002187,0.057688,-0.053523,0.016046,0.051113,0.037762,0.012202,0.070317,0.016662,0.003143,-0.038051,-0.006251,0.000379,-0.052131,0.074998,0.022212,-0.019054,-0.014551,0.023941,0.007026,-0.081495,-0.003456,0.017589,0.000406,0.013965,-0.058009,-0.024091,0.003714,0.000010,0.081226,-0.000902,0.023231,-0.082947,-0.059910,-0.030794,-0.001311,0.004412,0.029670,-0.054179,-0.000871,0.000090,-0.019585,0.083835,0.000077,0.025402,0.000031,-0.022656,0.000139,0.043936,-0.011296,-0.059153,0.012303,0.007140,0.002778,-0.001126,-0.018396,-0.019091,0.009338,-0.039376,-0.003167,0.049171,-0.030542,-0.057628,-0.028715,-0.000165,-0.025790,0.000823,0.005777,-0.003698,0.091524,0.057752,-0.056136,0.001007,0.052296,0.000468,0.000918,0.039493,-0.086897,-0.002537,-0.089410,-0.017582,-0.000065,0.001298,
-0.034641,-0.023970,0.035304,0.077241,-0.000035,-0.065437,0.245652,-0.081345,-0.000813,0.004753,0.020561,-0.004054,0.045509,-0.000375,0.038631,0.041842,0.098769,0.004369,0.025112,0.025751,0.012531,0.063237,-0.005642,-0.007124,0.022780,0.034865,-0.000010,-0.053334,-0.048982,0.040961,-0.028384,-0.084355,0.011299,-0.095989,0.013275,0.056596,-0.025384,0.000132,-0.036293,0.011080,0.011413,-0.000924,-0.047464,-0.036288,0.000086,0.025624,0.062782,-0.001121,-0.021350,-0.019039,0.018399,-0.022611,-0.029183,-0.001091,0.001392,-0.014496,-0.028183,0.035093,-0.010115,-0.015001,0.000508,0.000270,-0.004203,-0.046040,0.025589,-0.023030,0.086459,-0.082507,-0.091574,0.042547,0.039253,0.025273,0.000554,0.025203,-0.046592,0.060280,0.008041,0.090272,-0.008077,0.028665,-0.055369,0.017867,-0.049300,-0.036097,-0.080406,0.073287,0.056823,-0.083691,-0.002993,0.076471,-0.028477,0.098459,0.077771,0.000004,0.019587,-0.022187,0.088425,0.013534,-0.098619,-0.013231,0.000162,0.069904,0.038834,-0.033284,-0.026297,-0.060474,0.055403,0.000634,-0.045387,0.061133,-0.069578,0.023624,-0.028096,-0.041726,0.095508,0.022129,0.058573,-0.030451,-0.013336,0.020703,-0.010546,-0.064173,0.003966,0.029983,0.028748,-0.005866,-0.024692,0.038447,-0.024682,-0.063954,0.022926,0.051435,0.025362,-0.007767,0.085500,-0.042227,-0.035385,-0.007844,-0.061548,0.041768,-0.034664,0.018547,0.053127,-0.008472,-0.071671,-0.067118,0.021762,-0.044948,-0.063885,-0.009651,0.068657,-0.052499,0.063983,-0.018767,0.039563,0.036829,0.041155,0.000056,-0.079029,0.091224,-0.001504,0.043604,-0.038544,-0.034291,-0.007966,-0.010502,0.050706,0.012463,-0.001709,-0.075642,-0.005412,-0.006814,-0.012018,-0.059425,0.003863,-0.011939,0.074132,-0.032498,-0.021655,0.033325,-0.019498,0.003548,0.079172,0.033041,-0.031756,0.027297,0.029881,0.041574,0.022555,0.073818,0.005772,-0.054135,0.038315,0.033217,0.066547,0.058312,
-0.000484,0.035481,-0.086874,-0.008857,0.008026,-0.027625,-0.081345,145.273665,-0.011708,-0.026553,-0.064873,-0.038323,-0.001233,-0.000433,-0.000461,-0.009065,-0.009566,0.095906,0.001385,-0.000769,0.004227,-0.000111,0.064827,-0.011478,0.046164,-0.000099,0.000087,0.007881,-0.056353,0.000949,0.088776,-0.084346,0.000600,0.004251,-0.020935,-0.000666,0.008886,0.027726,0.026932,0.063376,-0.092245,0.004335,-0.057599,0.004475,0.018467,0.000291,-0.036035,-0.025054,-0.060147,-0.014813,-0.011947,-0.016920,0.048024,-0.068684,-0.010449,0.013663,-0.005657,0.008125,0.026303,0.090993,0.005287,0.000034,-0.000725,0.017993,-0.005617,-0.001750,-0.005049,0.000902,0.000135,-0.000041,0.001801,0.016295,-0.044627,0.008270,-0.016263,0.059762,-0.029083,0.008251,-0.089825,0.005921,-0.014044,0.000186,0.001365,-0.089606,-0.029489,-0.069854,0.036045,0.009095,-0.063385,-0.018149,0.041760,-0.000663,-0.007554,-0.000693,-0.089534,-0.062643,0.004094,0.003911,0.061966,0.015866,-0.071772,-0.000227,0.045756,0.086841,-0.037925,-0.010432,-0.059292,0.008688,0.002250,-0.002820,-0.000054,-0.020732,0.087474,0.001337,-0.006429,-0.003307,0.077849,-0.002165,0.064475,0.068454,0.024278,0.000377,0.097383,-0.000267,0.035089,-0.021034,-0.011527,-0.011922,0.000669,-0.004143,0.000043,-0.076510,0.001262,0.001618,-0.005929,-0.008460,0.001011,-0.001832,-0.041372,0.045635,0.092999,-0.015000,-0.005652,0.010916,0.018372,-0.034225,-0.012107,-0.060597,0.002746,-0.090344,-0.055702,0.005828,0.000326,-0.000353,0.066040,-0.046108,-0.001815,0.000984,0.003069,-0.046128,-0.008273,-0.072839,-0.022068,0.075054,-0.012066,0.033285,-0.011755,0.017106,-0.038823,-0.096091,0.003207,0.028137,0.002744,0.013790,0.010503,0.028985,0.009194,0.013982,0.033818,0.012644,-0.024727,-0.013555,-0.089679,-0.001222,0.015512,-0.000101,-0.030640,-0.060586,-0.000765,-0.000064,0.074610,0.001976,0.031197,0.000140,-0.034645,-0.000308,
0.016276,0.017567,-0.033310,-0.047699,-0.004551,0.096862,-0.000813,-0.011708,134.294681,-0.091219,0.006113,-0.002471,0.025175,0.023224,0.068703,0.037179,0.006417,-0.067771,-0.022473,-0.033157,-0.051555,0.001321,0.005386,0.000760,0.009878,0.014740,-0.044925,-0.001854,-0.000163,-0.003871,0.034668,-0.015917,-0.045302,-0.093796,0.040605,-0.048463,0.086600,-0.005571,-0.065615,0.015806,-0.039956,0.046514,0.002086,-0.039106,0.004774,0.000194,-0.015720,0.003046,0.008197,0.058828,0.032751,0.096852,-0.073904,-0.016346,0.008119,-0.017164,0.060337,0.009681,-0.015046,0.004618,-0.010574,-0.049256,-0.000793,-0.001013,0.000961,0.012566,0.001593,-0.000970,-0.012150,-0.006846,0.009416,0.084281,0.001050,0.026199,-0.018974,0.002532,-0.065673,0.002920,0.061512,-0.002594,-0.082349,-0.005760,0.038016,0.028620,0.052472,0.000415,0.087021,-0.024611,0.000915,0.016953,0.000465,0.042279,0.006680,-0.007922,0.048359,0.025666,0.002692,0.036754,-0.023963,-0.035105,-0.026844,-0.031171,0.053404,0.027037,-0.031441,0.000067,-0.000096,0.001705,-0.004724,-0.001893,0.000162,0.069573,0.039099,0.023606,0.021489,0.003220,-0.041773,0.011995,-0.007256,-0.019857,0.037819,-0.079343,0.010983,0.004598,-0.094658,-0.000226,-0.034955,-0.038708,-0.007760,0.087269,-0.079153,0.035584,-0.005201,0.000000,-0.003136,0.001930,0.000836,-0.022796,0.012888,-0.024958,0.014906,-0.000409,-0.004445,0.011556,-0.027366,0.029707,0.012820,-0.003682,0.006882,0.049071,-0.009401,0.070121,-0.001385,0.001799,-0.096790,-0.005722,-0.014502,-0.020487,-0.000139,-0.005676,-0.002252,-0.025894,-0.077516,0.005388,-0.025417,-0.002864,0.006645,-0.013687,0.034032,-0.000877,-0.006226,-0.003633,0.053600,0.090176,-0.016246,-0.058616,-0.030569,-0.052495,-0.003301,-0.065690,0.003438,0.001778,0.009833,-0.018385,0.000389,-0.009606,-0.018295,0.001177,-0.022207,-0.012218,0.001854,-0.014655,-0.009317,-0.000330,-0.003841,-0.011024,
0.087182,0.011112,-0.083582,-0.060351,-0.000060,-0.025796,0.004753,-0.026553,-0.091219,67.529349,0.022901,-0.005609,-0.047383,-0.066294,-0.076368,0.004286,0.001603,-0.000544,0.045378,0.005717,-0.003094,-0.000893,-0.000053,-0.002944,0.043496,0.001055,0.000143,-0.013850,-0.034485,0.009705,0.041314,-0.000646,-0.095219,-0.004369,-0.080431,0.041748,-0.023977,0.038656,0.008574,-0.013439,0.038052,0.014210,0.016434,-0.045717,0.006927,-0.000341,-0.016186,0.001893,-0.045528,0.000311,-0.016743,0.096692,-0.070475,-0.012745,0.058806,0.000149,-0.086261,0.000043,-0.022711,0.045922,0.063502,0.001000,-0.001606,-0.094545,-0.002081,-0.005684,-0.000071,0.011091,0.036886,-0.002065,-0.000203,-0.094792,0.023706,0.001251,0.031005,0.017625,-0.063225,0.009984,0.009957,-0.005579,-0.007383,0.004237,-0.033985,-0.005876,0.000259,-0.000100,0.012934,-0.058390,-0.034910,0.011841,0.007762,0.078668,-0.013449,0.014796,-0.002882,0.013646,0.023536,0.006463,-0.080282,-0.021989,-0.055450,0.008104,-0.013525,0.002918,-0.016484,0.000046,0.002173,-0.019648,-0.008016,-0.001967,-0.038557,-0.017798,0.055930,-0.001311,0.011638,-0.010067,0.096691,-0.003570,-0.000033,0.092271,-0.020083,0.001057,0.063217,0.004073,-0.000175,-0.012361,0.046094,-0.000240,-0.000285,-0.009077,-0.033860,0.028836,0.046044,0.004064,0.000187,-0.089749,-0.040638,-0.012429,0.067128,0.000989,-0.020370,0.078408,-0.068254,0.015396,-0.038942,-0.009515,-0.089672,-0.022137,-0.047074,-0.002914,0.000488,0.088291,0.022931,0.001613,-0.001984,0.007060,0.034622,0.000307,-0.000711,0.020824,-0.012638,-0.086431,0.026785,-0.081097,-0.078355,0.019925,0.078853,-0.009016,0.021955,-0.096465,-0.025877,-0.011911,-0.037721,-0.041077,0.040805,0.003010,-0.005792,-0.019334,-0.000708,-0.026101,-0.007308,-0.030259,0.026229,-0.030710,0.033315,-0.001374,-0.059997,0.042855,-0.053727,-0.064567,-0.006895,0.029514,-0.006981,-0.008179,-0.004842,-0.002317,
-0.008413,-0.036112,0.011243,0.043840,-0.048137,0.028472,0.020561,-0.064873,0.006113,0.022901,0.223700,-0.021259,-0.019339,0.076095,-0.031180,-0.021778,-0.047556,-0.001910,0.012268,-0.047064,-0.095181,-0.023157,-0.035942,0.000012,0.017967,0.042470,0.050715,0.025513,0.016280,-0.015771,0.015127,-0.017608,0.048333,0.003495,0.004850,0.010213,-0.059203,0.079344,0.062086,0.019174,-0.037112,0.067064,0.019378,0.020037,-0.001848,-0.060344,0.027581,-0.011037,-0.003883,0.074146,-0.014353,0.020171,0.013843,-0.053620,-0.050004,0.053249,0.067084,0.022944,-0.044646,0.076759,-0.025937,0.057998,-0.041341,0.014101,-0.029088,0.026541,0.085341,-0.053844,-0.016231,-0.017057,-0.076282,-0.025144,-0.061413,-0.041709,-0.026824,0.033112,0.066907,0.021529,-0.024020,0.021574,0.028831,-0.022161,0.037946,0.053444,-0.034039,-0.071934,-0.025804,0.096969,-0.031263,0.041637,-0.001588,-0.011366,-0.048143,-0.069636,0.036286,0.040360,0.058236,-0.027657,0.015547,-0.030880,-0.038927,-0.002401,-0.051342,-0.063282,0.041921,-0.011707,-0.042387,0.042929,0.041073,-0.063146,0.086601,0.048810,0.000002,-0.051517,0.066982,-0.012645,0.082377,0.038541,-0.064910,-0.006674,-0.022987,0.013736,-0.009112,-0.028504,0.022019,-0.090143,-0.024498,0.029740,0.003246,-0.000009,0.096155,0.072038,0.044549,0.019749,-0.019215,-0.005633,0.035459,-0.015335,-0.005992,-0.004476,-0.053577,0.074516,0.027955,0.020734,-0.012660,-0.069758,-0.006953,-0.033213,0.033423,-0.024673,0.042500,-0.016884,-0.050636,-0.022112,0.014730,0.011618,-0.007462,0.034841,0.067748,0.017038,-0.042130,0.001358,0.052392,0.072823,0.003862,0.018419,-0.021009,0.014225,0.030015,0.013661,-0.012376,0.003439,0.008703,-0.064652,-0.007268,0.017764,-0.034853,0.077224,-0.021598,-0.008468,0.001670,0.029597,-0.051234,-0.086078,0.002907,-0.063545,-0.069443,0.047680,0.025115,-0.010576,-0.079211,-0.040062,-0.033891,0.044375,0.037302,-0.000088,
0.005825,-0.036082,0.094327,0.002805,0.001307,-0.078834,-0.004054,-0.038323,-0.002471,-0.005609,-0.021259,19.572610,0.002151,0.020974,0.042756,-0.096542,0.018397,0.001461,-0.000013,-0.042642,0.005903,0.005842,0.030574,-0.028725,-0.077445,0.000142,0.037323,0.022930,0.002066,0.045553,-0.004552,-0.000000,0.045437,0.032427,0.001820,-0.085677,-0.003866,-0.012400,0.074050,-0.015339,0.046216,0.075411,-0.013392,-0.016147,0.019099,0.010858,0.001865,-0.059274,-0.047780,0.008886,-0.025990,0.055088,0.032394,-0.008997,0.072102,-0.030703,-0.035977,0.010623,-0.013818,0.069729,-0.000778,-0.039211,-0.006561,0.009606,0.009903,-0.084826,0.011342,-0.013594,-0.002409,-0.053487,-0.031311,-0.009524,0.085917,-0.000465,0.033306,-0.084306,0.096839,-0.006391,-0.051021,-0.037175,0.001481,0.021693,-0.067570,-0.064651,0.000844,-0.055601,0.069974,0.087538,-0.049556,-0.027643,0.003812,0.016685,-0.006608,0.015001,0.090979,-0.041466,-0.071609,-0.091150,0.088046,-0.046186,0.041878,-0.003690,-0.062586,-0.088937,-0.000627,0.004525,0.027057,-0.091021,0.032554,-0.001008,-0.074777,0.044337,-0.002436,0.018319,-0.008132,-0.002069,-0.042351,0.004025,0.067608,-0.000146,-0.000799,0.016214,0.009556,-0.003815,-0.034678,-0.004212,-0.015664,-0.038798,0.031380,0.004021,-0.060349,-0.094626,0.029977,0.005307,-0.049484,-0.004296,-0.031149,-0.006652,0.055701,0.005670,-0.015100,-0.028946,-0.021589,-0.047588,0.094945,0.075993,0.014440,-0.089826,0.016246,-0.010196,0.010771,-0.054595,-0.086684,-0.035181,-0.082573,0.020215,-0.008514,0.014085,-0.009526,0.071223,0.026509,-0.010654,0.003126,-0.018144,0.076616,0.037898,0.034241,-0.026950,0.081200,0.016934,0.009366,0.000109,-0.007150,0.004144,-0.079222,-0.004392,-0.000269,-0.083774,-0.035370,0.004328,0.096750,0.000313,-0.036125,0.053105,0.016205,0.003993,-0.043851,-0.064946,-0.000133,0.008914,0.086954,0.015806,0.079160,0.000444,-0.005485,-0.040596,
0.004366,-0.007230,-0.018120,0.000772,0.050645,-0.022205,0.045509,-0.001233,0.025175,-0.047383,-0.019339,0.002151,139.904898,0.019934,-0.073733,0.058762,0.000750,-0.015817,-0.004299,-0.020643,-0.026171,0.064931,-0.008055,0.001178,-0.011396,0.043815,-0.000950,0.068493,0.059900,-0.005657,-0.043284,-0.016117,-0.000376,-0.000235,-0.055254,0.001904,-0.032745,-0.023093,-0.019061,-0.000038,-0.003764,0.002316,0.057117,0.014235,-0.000203,0.002890,0.000084,-0.000040,-0.087452,0.073913,0.052001,-0.015646,-0.012863,0.000028,0.051157,0.012173,0.041986,0.066133,0.071451,-0.071898,-0.007688,0.000462,-0.014281,0.001219,0.044948,-0.003625,-0.033155,-0.039243,0.014352,-0.037750,0.011824,-0.015037,0.019936,0.001611,0.068927,-0.045013,0.016014,-0.055188,0.052711,-0.070146,0.029542,0.000292,-0.000839,0.081574,-0.070884,0.015846,0.006237,-0.092845,-0.002326,0.054418,0.005411,0.044067,0.001377,-0.066853,0.003367,0.043185,0.011203,-0.001588,0.033205,0.014891,0.037055,0.030982,-0.025915,-0.070231,0.003391,0.027394,-0.000013,-0.044071,-0.030412,0.045577,0.004897,-0.026377,0.000908,0.009119,-0.086775,-0.000269,0.011696,0.020544,-0.000419,-0.000232,-0.042663,0.034248,-0.032200,-0.061292,0.015917,-0.004678,-0.013171,0.002178,0.013086,0.020865,0.000634,0.008699,-0.003813,0.027264,0.064150,0.046245,-0.003427,-0.009559,-0.018036,0.039079,-0.055355,0.023728,0.008441,0.021614,0.083425,0.019607,-0.068968,-0.037035,-0.011041,0.000555,-0.028139,-0.097713,-0.007396,-0.015940,0.011642,-0.068681,0.035702,-0.082082,0.050104,-0.000031,-0.049592,0.013070,0.076883,-0.097410,0.025229,0.086713,0.032975,-0.028261,0.044491,-0.026112,0.031171,0.029412,0.052238,-0.065804,-0.008851,0.072209,0.002756,0.017599,-0.014172,-0.006309,0.000354,-0.025076,-0.040454,0.002506,0.000530,-0.032832,0.000024,0.023500,-0.033816,-0.010555,0.065246,-0.087455,0.044539,-0.021879,-0.027160,-0.000145,
-0.001981,0.000095,0.068912,0.039380,-0.000050,-0.000393,-0.000375,-0.000433,0.023224,-0.066294,0.076095,0.020974,0.019934,378.029565,-0.028867,0.011297,0.035455,-0.097635,0.023595,-0.018328,0.000386,-0.001992,-0.002227,0.026123,0.000650,-0.000019,0.003284,0.051333,0.000762,0.042885,0.005876,-0.000078,0.010737,0.000582,-0.005279,-0.033347,0.000258,-0.060444,-0.004490,-0.062042,0.069356,-0.071572,-0.042229,0.061634,0.028958,0.013715,-0.080267,-0.012586,0.054937,0.009788,0.040213,-0.010510,-0.026361,0.001565,-0.000474,-0.009444,-0.000894,-0.000675,-0.008132,0.069788,0.001684,0.018626,-0.004929,-0.001282,-0.000982,-0.001850,-0.023585,0.008355,-0.007825,0.002183,-0.048379,-0.006668,0.052618,-0.013564,-0.006288,-0.080698,0.019248,-0.051251,0.035372,-0.038630,-0.008656,0.000081,0.076413,0.000621,0.063572,0.003201,0.032867,-0.002689,0.020576,0.065936,0.001025,0.059284,-0.033492,-0.000808,0.001444,-0.083225,-0.009071,-0.032418,-0.001051,-0.076532,-0.003262,-0.044133,-0.046217,0.007244,0.002374,-0.001759,-0.000698,0.011567,0.001183,-0.020096,-0.001105,0.019115,-0.000063,-0.000189,-0.046416,0.017463,-0.001691,-0.002522,0.000151,0.021042,0.005492,0.014962,-0.003608,0.021041,0.069008,0.000178,-0.027823,0.003150,0.014659,-0.024605,-0.002553,-0.036098,0.003748,0.020763,0.061114,-0.012508,0.000394,-0.000006,0.006501,-0.037222,-0.016471,0.000368,-0.067461,-0.069125,-0.006727,0.018851,-0.052150,-0.067118,0.031445,-0.042229,0.054677,-0.074112,-0.038043,-0.088265,-0.006858,0.000440,0.001418,-0.005052,-0.070218,0.001247,-0.007994,-0.004233,-0.007147,-0.063057,0.047892,-0.003706,-0.031664,0.050713,0.036752,0.004007,-0.021985,-0.017914,0.087311,0.026439,-0.024441,0.056568,0.000941,-0.000039,-0.024197,0.072796,-0.013586,0.000647,-0.015143,-0.003133,0.015114,-0.087691,0.027743,-0.086570,0.001163,-0.004128,0.007940,-0.000157,0.004484,0.000156,0.006473,0.000426,
-0.055709,0.038249,-0.053216,-0.006105,0.042220,-0.053301,0.038631,-0.000461,0.068703,-0.076368,-0.031180,0.042756,-0.073733,-0.028867,3.281193,0.004275,0.062045,-0.002121,-0.063423,0.029059,-0.008465,0.016517,-0.020994,0.066540,0.078052,-0.049840,0.009428,-0.018353,0.010393,0.008258,-0.063854,-0.012839,0.090610,-0.005350,0.005468,-0.044095,0.066764,0.073792,0.068171,0.082918,0.035834,-0.057572,-0.005401,-0.033010,0.003136,-0.001092,0.072903,-0.012053,-0.084463,-0.017349,-0.082810,0.005264,0.001826,0.016890,-0.028858,-0.001444,-0.041331,0.064838,-0.026046,0.032849,0.090056,0.044108,-0.068337,-0.000504,0.002933,0.047351,0.060188,-0.095621,0.053296,0.008055,-0.018144,0.003097,-0.003281,0.010120,-0.021672,-0.011166,-0.019195,0.015880,0.051185,-0.006030,0.017539,0.087467,0.006129,-0.065172,-0.001489,0.005679,0.070459,-0.082428,0.000000,-0.013047,0.002089,0.003779,-0.000213,-0.003864,-0.055370,-0.020664,0.078417,-0.096070,-0.002688,-0.015042,-0.007500,-0.001328,-0.064720,-0.004404,-0.049486,0.015998,0.051097,0.007753,-0.051646,0.068784,0.074048,-0.042392,0.006769,-0.000055,-0.081235,-0.067879,-0.038539,0.026326,-0.025087,-0.011566,0.077605,0.049598,0.076280,-0.036827,-0.096149,0.057427,0.029026,0.048308,0.062940,-0.002906,-0.028100,0.004976,-0.023007,0.048146,0.036079,-0.005276,-0.041608,0.060179,0.043262,-0.013973,-0.084979,-0.016031,0.047376,0.032804,0.073742,-0.013135,-0.020048,-0.069561,-0.001570,-0.085557,-0.098945,-0.060933,0.082375,-0.065674,-0.014960,-0.053970,0.002819,-0.050001,-0.076477,-0.004621,-0.073636,0.065044,0.065168,-0.034141,0.086962,0.035602,-0.025054,0.005070,0.022522,0.094423,-0.010008,0.021263,-0.048549,-0.000829,0.070591,-0.034553,0.047938,0.070149,-0.032139,-0.083665,0.010173,-0.088636,0.047772,0.001273,-0.017324,-0.081812,-0.001533,0.004839,0.099040,0.000116,-0.061074,0.014677,0.013374,-0.050060,0.005032,0.076897,
-0.000003,0.040422,0.080925,0.018906,0.012805,-0.056202,0.041842,-0.009065,0.037179,0.004286,-0.021778,-0.096542,0.058762,0.011297,0.004275,0.185567,-0.029332,-0.012003,0.007062,-0.035281,-0.053994,0.076548,0.075397,-0.010420,0.039292,-0.004760,-0.061599,0.010908,-0.010148,0.034801,-0.020880,0.007451,-0.016429,0.033290,0.036752,-0.056287,0.065505,-0.004570,-0.011124,0.038229,-0.000265,0.026739,-0.010034,0.006794,-0.053542,0.078188,0.034972,0.006667,0.016004,-0.022879,-0.033701,0.028911,-0.078603,-0.001515,-0.017435,0.017815,0.006377,0.096980,-0.021502,0.018105,0.042510,0.082669,0.035728,-0.099832,-0.059075,-0.008137,0.019053,-0.075929,0.089156,-0.026181,-0.071780,-0.007694,-0.000976,0.004202,-0.040163,0.005026,-0.011871,-0.026200,-0.003947,0.004401,0.013386,-0.007760,-0.079405,0.002939,-0.012548,-0.049628,0.047650,0.094995,-0.011637,0.041043,0.026680,0.024451,0.014189,0.002751,-0.068640,-0.028203,-0.049209,0.022208,0.018831,-0.008384,-0.003836,-0.040325,-0.044322,0.039745,-0.041084,0.030180,-0.006278,0.026472,0.006422,-0.038060,-0.050866,-0.058339,-0.007272,0.051047,-0.064919,0.061524,0.002028,-0.029017,-0.000187,0.003150,-0.006284,-0.010300,0.035356,-0.007697,0.031956,-0.085763,0.005834,-0.050066,0.014599,0.003968,0.070188,0.016761,-0.031507,-0.053453,-0.012207,-0.038876,-0.013368,0.054023,-0.065202,-0.005489,-0.043835,-0.079173,-0.018849,0.012332,0.006279,-0.032091,0.019041,0.016410,0.000648,-0.097663,0.013831,0.024131,-0.046583,0.018168,-0.066551,0.036804,0.018016,0.004201,0.028788,0.088444,-0.001842,0.004498,0.006132,-0.032729,-0.006620,0.005793,0.001870,-0.012853,0.002260,-0.059234,0.015663,-0.001398,-0.039036,-0.026969,-0.009820,0.026086,-0.007665,0.003933,-0.015558,0.005321,-0.019527,-0.020917,-0.028113,-0.026752,-0.003167,-0.076232,0.021520,0.068323,-0.019203,-0.048281,-0.028327,-0.057270,-0.033906,0.009483,0.059778,0.026437,
-0.000184,-0.000030,0.046589,0.025959,-0.000278,0.002390,0.098769,-0.009566,0.006417,0.001603,-0.047556,0.018397,0.000750,0.035455,0.062045,-0.029332,1716.707344,0.000767,0.029166,-0.000130,-0.012930,0.000850,-0.002629,-0.001311,0.001707,0.000011,-0.006550,0.055637,-0.000416,0.000017,0.009448,-0.041117,0.053491,0.000392,-0.007874,0.056500,0.015188,0.000060,-0.009961,0.009192,0.052124,-0.082441,-0.002536,-0.012951,-0.015921,-0.056712,-0.020318,-0.008574,-0.059205,0.094050,-0.074849,0.016821,0.016921,-0.016294,0.022407,-0.012844,0.013335,-0.042646,-0.064804,0.038428,-0.000665,-0.056232,0.083778,-0.025952,-0.000304,-0.022955,-0.018671,0.084722,0.030380,0.002403,-0.049410,-0.034860,-0.058008,-0.000072,-0.036288,-0.083122,0.042546,-0.020446,-0.003406,-0.001940,0.020280,-0.000320,-0.015952,0.024612,0.032813,-0.001282,-0.001548,0.049642,0.003469,-0.024480,0.001583,0.002112,0.058228,0.000808,0.063276,-0.099124,0.001884,-0.051824,0.004968,0.017253,0.061692,0.001455,0.011399,0.041863,-0.078515,-0.000456,0.025266,0.038576,-0.021001,0.002758,0.002064,-0.093135,0.000008,-0.010692,0.000863,-0.019162,-0.003779,0.007692,-0.018634,0.002860,0.036861,0.000051,-0.008275,0.087729,0.038492,-0.006869,0.013446,0.001056,-0.001256,-0.000069,-0.079444,0.049397,-0.000982,-0.001762,0.006807,-0.034291,-0.000967,0.000346,-0.002123,-0.019341,0.077421,-0.007244,0.017243,-0.030809,-0.046211,0.011834,0.040371,-0.003153,0.082459,0.000724,-0.090567,-0.069869,-0.050784,0.018475,0.010027,-0.003906,-0.000027,-0.003176,-0.014709,0.033473,-0.013689,-0.033126,-0.021912,-0.048559,0.061556,0.011390,-0.010039,0.018866,-0.030431,0.000071,-0.040243,-0.036118,0.012192,-0.012801,-0.006150,-0.018446,0.056907,-0.001834,0.082078,-0.015124,-0.053977,0.000090,0.060989,-0.009182,0.000142,0.000049,-0.008471,0.036650,-0.000404,0.000028,0.040518,-0.000003,0.000070,-0.064970,0.000011,-0.070229,
0.074411,-0.011702,0.000426,0.002187,-0.006321,-0.079788,0.004369,0.095906,-0.067771,-0.000544,-0.001910,0.001461,-0.015817,-0.097635,-0.002121,-0.012003,0.000767,17.400855,0.010122,0.005097,0.085517,-0.098437,-0.056741,0.022469,0.006524,-0.002239,0.046833,0.050350,-0.007429,0.000589,-0.086342,0.008728,-0.051797,-0.001428,0.001798,0.016501,-0.089272,-0.047626,0.019630,0.004407,-0.039584,0.014248,-0.029824,0.087135,0.073041,0.091325,0.017749,-0.011820,-0.056053,-0.000777,0.002517,-0.012894,-0.090669,-0.000897,0.085071,0.006898,-0.039118,0.020843,-0.046805,-0.029695,-0.070124,0.045638,0.001595,-0.000138,0.066420,-0.005519,-0.009182,-0.025965,0.012953,-0.003200,0.090978,-0.033440,-0.097029,0.001395,-0.025256,-0.032209,0.097889,0.048049,-0.046248,0.096883,0.074176,-0.000736,-0.007654,-0.014795,0.002234,0.017743,-0.060298,-0.046430,-0.080651,0.049231,-0.017430,0.004704,-0.000382,-0.005015,0.024680,-0.092407,0.000764,-0.012110,-0.026866,-0.078038,-0.060754,0.033575,0.084065,0.001306,0.003446,-0.083743,0.058047,-0.062704,0.018996,0.053565,-0.034634,-0.037498,-0.081147,0.064820,0.000996,-0.023083,0.012893,0.085741,-0.069285,0.000641,-0.006721,0.003340,0.036563,-0.069108,0.018241,-0.000744,0.049916,0.062311,0.039339,0.007410,0.029328,-0.013649,-0.001509,-0.052887,0.041848,-0.019737,-0.021377,-0.034620,-0.037243,-0.036264,0.042832,0.050423,-0.019438,-0.019614,-0.081393,-0.079986,0.005804,-0.099051,0.017207,0.061649,-0.059421,0.038989,-0.082119,0.033018,-0.066556,-0.006307,0.000735,0.000248,0.001659,-0.052037,0.091588,0.051983,0.073121,-0.020511,0.067848,-0.036997,-0.052543,-0.060406,-0.013715,0.010736,-0.055734,-0.046693,-0.004339,-0.014553,-0.003831,0.036179,-0.001783,0.002425,0.015044,0.011079,0.095940,-0.008255,-0.013046,0.041617,0.032890,-0.041416,-0.046190,-0.000162,-0.097593,-0.000637,0.004578,0.000848,-0.056598,-0.026237,-0.004790,0.088871,
0.004832,0.039007,0.007085,-0.061127,0.047366,0.082641,0.025112,0.001385,-0.022473,0.045378,0.012268,-0.000013,-0.004299,0.023595,-0.063423,0.007062,0.029166,0.010122,7.026477,0.028378,0.080511,0.004487,0.024473,-0.021768,-0.022511,0.002699,0.042361,0.062281,0.081466,-0.042056,-0.003326,0.002225,-0.005032,-0.051777,-0.076818,0.005803,0.013474,-0.034493,-0.030203,-0.000747,-0.026491,0.086574,-0.032411,0.046368,0.022707,-0.092342,-0.000806,-0.032657,0.057058,0.039316,-0.059223,-0.034622,-0.043121,0.087136,0.073068,-0.010663,0.001978,-0.001143,-0.014373,0.026286,-0.008800,0.068119,0.033771,-0.093673,-0.009439,0.001270,-0.029370,0.075974,-0.007097,-0.039589,0.057863,-0.034050,0.052226,-0.081222,0.043212,-0.092742,0.085896,-0.002860,-0.029291,0.022405,-0.004755,0.009587,0.019052,-0.026929,-0.071531,-0.021383,0.014166,0.000060,0.014659,0.009941,-0.007255,0.015257,-0.035319,-0.000117,0.093849,-0.022887,-0.001559,-0.030723,-0.073089,0.022931,-0.021559,-0.002314,0.012143,0.081716,-0.003372,0.064706,-0.013356,0.030321,-0.022192,-0.002127,-0.063937,-0.059261,0.031029,0.019679,-0.009732,-0.083481,0.055733,0.027580,0.022300,0.010214,0.006224,0.006225,-0.027917,0.008402,-0.032325,0.071207,-0.081026,0.002335,-0.003375,-0.027887,0.099933,-0.007392,0.046959,0.040773,0.000775,-0.017621,0.021554,-0.022393,-0.006451,0.032942,0.076484,0.011967,-0.007824,0.037718,-0.026303,-0.001724,0.041298,-0.054731,-0.071610,0.026607,0.046363,0.058860,0.003930,0.026338,-0.020518,0.019721,0.012063,0.050386,-0.001514,-0.081365,-0.066172,0.040109,0.052050,0.003013,-0.035363,0.042865,0.010107,-0.003678,0.014204,0.000884,-0.051582,-0.039020,-0.007203,0.065792,-0.096480,0.018444,0.080421,0.019859,-0.057899,0.023716,0.029441,-0.068595,0.018380,0.075269,-0.021739,-0.034201,0.017574,-0.000025,-0.092038,0.047049,-0.044008,0.013671,0.018717,0.055604,0.076597,-0.011763,
0.045167,0.006949,0.018331,0.051341,0.037820,-0.089193,0.025751,-0.000769,-0.033157,0.005717,-0.047064,-0.042642,-0.020643,-0.018328,0.029059,-0.035281,-0.000130,0.005097,0.028378,1.401418,0.044281,0.001570,0.083004,-0.000032,-0.009900,-0.046180,0.047522,-0.021724,0.050822,-0.049483,-0.099030,0.007393,0.077953,-0.014650,0.015843,0.003196,-0.018552,-0.045269,-0.033190,0.008744,-0.079701,-0.020453,0.002216,-0.058689,-0.061333,0.040310,-0.011399,0.030571,-0.009081,-0.090643,-0.008941,-0.030067,0.032450,-0.015899,-0.019861,0.053500,-0.018031,-0.026104,-0.071008,0.009163,0.015435,-0.035484,0.038938,0.056711,0.024901,0.029864,-0.016682,-0.061397,0.047834,0.019790,-0.048811,-0.021460,-0.034855,0.035634,-0.028502,-0.000753,-0.039244,0.033480,0.012191,0.011657,-0.057142,-0.026606,-0.086823,-0.000226,0.064174,0.032250,-0.076054,-0.026388,-0.031281,-0.051572,0.008094,-0.010922,0.016871,0.000535,0.059030,0.033322,-0.004152,0.028237,-0.023328,0.036631,-0.008814,-0.051161,0.043694,-0.011798,0.058352,-0.067522,0.028024,-0.061261,0.024825,-0.021603,0.084229,0.027577,0.016870,-0.031416,-0.032002,0.039557,0.011569,-0.005657,-0.000206,-0.097615,0.072931,-0.005686,0.007405,0.053228,-0.038289,0.032026,-0.005840,0.034321,0.031854,0.032515,-0.084250,-0.033138,0.035587,0.012044,-0.035890,-0.018905,-0.009688,-0.031209,0.038512,0.028022,0.098817,-0.000000,-0.049025,-0.072167,0.051479,-0.014922,0.072772,-0.032954,-0.054075,-0.046592,0.026620,0.015214,0.012490,0.034517,0.000049,-0.076473,0.061303,-0.001793,0.086375,-0.065875,0.002601,0.005935,-0.018993,0.011658,-0.003405,-0.015661,0.009636,0.037273,-0.013173,-0.009248,-0.060512,-0.043315,-0.038706,0.020603,0.038705,-0.020603,0.065280,-0.015292,0.012092,-0.057682,0.003406,0.019574,-0.094365,-0.000479,-0.000303,-0.000234,0.027927,-0.025656,0.017476,-0.014786,-0.020853,0.086190,-0.044033,0.003237,-0.034676,0.071648,
-0.004290,0.000064,0.000592,-0.028851,-0.005677,0.000067,0.012531,0.004227,-0.051555,-0.003094,-0.095181,0.005903,-0.026171,0.000386,-0.008465,-0.053994,-0.012930,0.085517,0.080511,0.044281,626.898035,-0.003266,0.012784,-0.002808,0.074528,0.000678,-0.033963,-0.015007,-0.000011,0.028589,0.090311,-0.009092,-0.002114,-0.002067,0.041596,0.000324,-0.009574,0.059674,0.001919,-0.019469,-0.015340,0.041557,0.056512,-0.054623,0.014215,0.073468,0.016448,0.020557,0.005298,0.029301,0.069682,-0.082905,-0.027703,0.000322,-0.000638,0.057350,0.030507,0.006599,0.035518,-0.050108,-0.020361,-0.041839,0.001361,0.000660,0.000082,0.001336,0.000216,0.035440,-0.038810,0.023581,-0.001891,0.033764,-0.001830,0.000159,-0.015552,0.082841,-0.010082,0.005550,0.025448,-0.000558,0.079253,-0.002445,0.002429,-0.098427,-0.000756,-0.001796,-0.008509,0.013031,0.002139,-0.032636,0.000958,0.012683,0.027527,-0.005190,0.005986,-0.090451,0.007389,0.005060,-0.002809,0.059300,0.009003,-0.000019,-0.024467,-0.048298,0.038128,-0.003237,-0.000058,-0.095303,0.001492,0.000336,-0.074059,-0.073113,0.025637,-0.001012,-0.000999,-0.007128,-0.040569,-0.053620,0.092924,-0.007900,0.009565,0.007813,-0.096249,-0.012524,0.051018,-0.000068,-0.066458,-0.063457,0.006149,0.003503,-0.033148,0.066522,0.035654,-0.007137,0.013857,-0.045162,0.010200,-0.050045,-0.037179,0.000879,-0.008567,-0.007001,0.059377,-0.031921,0.017535,-0.057368,-0.075534,0.001824,-0.038101,0.065674,-0.000081,-0.059381,0.000490,0.006357,-0.084353,-0.020649,-0.032450,-0.029500,0.000014,0.081068,-0.000072,-0.062988,0.028614,-0.046905,-0.047762,0.000477,-0.009772,0.025561,0.008380,-0.047148,-0.054466,0.055428,-0.008628,-0.060509,-0.013488,-0.013262,-0.045402,0.004488,-0.000398,-0.045040,0.001211,0.070208,0.025882,0.005264,-0.007860,-0.000090,0.049738,-0.000884,0.040858,0.047679,0.056122,0.002957,-0.001971,0.002176,0.013263,0.001116,
