12.372664,0.009470,-0.079540,-0.001721,0.013507,0.060499,0.067985,-0.036563,-0.056659,0.076752,0.007989,0.000420,0.038882,-0.042182,0.022007,0.071947,0.000280,0.004817,0.067143,-0.006150,0.051133,0.007180,-0.034926,-0.049737,-0.000280,0.007363,-0.064562,0.063690,0.016929,-0.057094,0.062245,-0.044224,0.020923,0.007571,0.001617,-0.026958,0.056377,-0.010705,-0.030996,-0.007492,-0.096511,0.010549,0.052340,-0.083806,-0.070771,-0.010843,0.049365,-0.011167,-0.049532,0.004930,-0.081743,-0.018423,-0.015760,-0.030123,-0.092595,-0.097679,0.001152,0.056943,0.083683,-0.098929,0.018898,-0.041368,0.023861,-0.005077,0.009679,-0.003263,0.024581,0.064825,0.010797,-0.056211,0.055637,-0.062789,-0.066288,-0.018294,-0.092507,-0.052803,0.053043,-0.000721,0.091050,0.011115,0.081886,-0.002925,-0.047513,0.016467,0.004949,-0.026482,-0.031934,0.013028,0.021315,0.020637,0.089320,0.054567,-0.042421,0.030624,-0.011030,0.025618,0.007893,-0.093480,0.039149,0.047130,0.065050,-0.062610,0.021377,0.000218,-0.023769,0.032451,-0.016066,0.004039,0.023085,-0.005463,0.085132,-0.001157,-0.003628,0.034483,-0.034201,-0.094500,-0.087857,0.079280,0.045646,-0.033055,-0.013187,-0.036551,0.014509,-0.082022,-0.015202,-0.071268,-0.000010,-0.008158,0.020658,-0.051636,0.049008,0.004868,0.008891,0.022929,0.067101,0.049938,-0.001130,-0.025696,-0.033835,0.037434,0.000000,-0.033624,0.056470,0.032085,-0.066868,0.009482,0.005214,0.010143,-0.009454,0.081694,-0.000386,-0.087817,-0.006599,0.005671,0.070840,-0.036415,-0.044664,0.027602,-0.021475,0.085638,0.061390,0.001972,-0.055006,-0.001123,0.034857,0.035979,0.088670,-0.031379,-0.016182,-0.052962,-0.036723,-0.033113,0.008236,-0.006864,-0.011776,-0.009142,-0.022263,0.084028,-0.036281,-0.007964,-0.000698,0.097585,-0.086471,0.029545,-0.037567,-0.003482,-0.044679,-0.059602,-0.003617,-0.005471,0.080710,-0.001510,0.027994,0.045669,-0.096754,0.007028,
0.009470,1420.155599,0.001735,-0.005248,0.027168,0.006118,0.022574,0.081099,0.000081,0.041511,0.059343,0.068157,-0.068713,-0.072724,0.008141,-0.002366,-0.011136,0.043418,0.011743,-0.050339,-0.045115,0.077920,-0.072698,0.038795,0.072034,0.005971,0.004954,-0.047826,-0.024052,-0.000754,0.093349,-0.000288,-0.033125,-0.050876,-0.041975,0.033148,-0.002464,-0.002860,0.014080,0.088664,-0.001822,-0.028305,0.094631,-0.006915,-0.009438,-0.000349,0.000703,0.054203,-0.056669,0.003103,0.000000,0.004843,-0.043842,0.034240,-0.081935,-0.082585,-0.000130,0.000760,-0.062508,-0.025025,0.000120,-0.014066,-0.075853,-0.040363,-0.004919,0.000076,0.055423,-0.049489,-0.018561,0.017621,0.003239,0.000000,-0.011639,-0.000459,-0.076298,-0.036542,0.037578,-0.023981,0.000056,-0.001128,-0.008658,-0.003363,-0.002072,0.018995,-0.063894,0.008100,0.061253,-0.067305,-0.061212,0.008170,-0.003780,0.065967,0.002396,0.068131,0.024707,-0.084469,0.026196,-0.000113,-0.057111,-0.007100,-0.009381,0.003683,0.006717,0.039265,0.059330,0.001236,-0.040217,0.004108,-0.006742,0.000436,-0.011081,0.000091,-0.003521,0.084935,0.047967,0.003879,0.006227,0.002705,0.088784,0.019175,0.014657,0.056318,-0.026609,-0.033596,0.004395,0.071264,-0.003983,-0.045441,0.044048,0.042319,-0.032991,-0.020108,-0.060818,0.010959,-0.006023,-0.015869,0.060913,-0.006259,0.000002,0.034121,0.000165,0.000344,-0.000227,-0.095051,0.022821,0.004704,-0.026302,-0.047481,0.020733,0.086793,-0.015430,-0.006986,-0.048635,-0.005078,-0.071263,-0.010672,-0.000366,-0.094862,-0.057913,0.013746,0.049533,0.019516,-0.091521,0.000072,0.003750,0.056247,-0.001250,-0.099429,-0.000009,-0.049659,-0.059608,0.018802,-0.010568,-0.000042,-0.005301,0.003199,-0.025851,0.000308,0.000245,0.040509,0.047849,-0.010570,0.020716,0.039484,0.007007,0.058637,-0.059742,0.000914,0.003712,0.001575,0.004096,-0.076802,0.002111,-0.071617,-0.000123,-0.000040,
-0.079540,0.001735,2.099818,-0.014533,0.004408,-0.027216,-0.054998,-0.071870,-0.002118,0.015522,-0.032826,-0.014151,0.022284,0.055542,0.028367,-0.004228,-0.052152,-0.000822,-0.066470,0.020614,0.045446,0.019002,-0.021950,-0.027828,0.000561,-0.014671,0.068390,0.063623,0.020698,-0.000707,-0.027720,-0.031677,-0.017215,0.042727,-0.024502,0.045479,0.078905,-0.006820,-0.002653,0.085256,-0.063565,0.002410,0.089467,-0.041346,-0.016261,-0.033827,-0.076056,-0.001059,-0.012530,0.010465,0.066816,0.048472,-0.072766,0.042092,0.030514,-0.049176,0.026274,0.056247,-0.066073,0.066504,-0.006083,-0.029347,-0.003204,-0.074112,0.001163,-0.019855,0.047419,-0.066619,0.083357,-0.023962,-0.000163,0.058798,-0.029263,-0.078576,-0.031379,0.002733,0.089614,0.089325,0.035779,-0.086614,-0.063065,0.005207,0.017103,-0.019312,-0.090185,0.071058,-0.045478,-0.046198,-0.008866,0.022202,0.017327,-0.071506,0.080646,-0.003776,-0.053367,0.077006,-0.068682,0.011802,-0.033859,0.031672,-0.036901,-0.083085,-0.018994,-0.016065,0.003442,-0.000132,-0.044425,0.003559,-0.088331,-0.023160,-0.033947,0.037401,0.060943,-0.003548,0.030234,0.000625,-0.024827,-0.071776,0.068535,-0.027471,-0.008077,0.027738,-0.056552,0.037602,0.006976,-0.065021,-0.035728,-0.090856,0.074015,-0.006924,-0.045821,0.073663,-0.013894,-0.005777,0.005641,-0.057299,0.041142,-0.005292,0.031120,0.014719,0.075303,0.011655,0.027957,0.011821,0.011088,-0.087860,0.019209,0.009819,0.016203,0.069188,-0.057684,-0.079212,-0.090785,-0.009165,-0.098383,0.009388,0.017694,-0.069114,-0.042987,0.058561,0.032431,-0.009267,-0.001329,-0.064582,0.009204,-0.086251,0.043141,0.028573,0.043909,0.000171,-0.086783,0.099786,0.003342,-0.060517,-0.059406,0.085857,0.075419,0.065354,0.038181,-0.022860,0.022424,0.037264,0.019887,-0.015430,-0.046191,-0.000047,-0.082386,-0.046634,0.015191,0.079026,-0.032636,-0.009600,-0.004194,0.000808,-0.043422,0.033402,
-0.001721,-0.005248,-0.014533,0.103829,-0.040981,-0.009721,0.015494,0.031880,-0.036370,0.025948,0.081474,-0.093213,0.044945,0.094436,0.033458,-0.001971,0.003599,0.015542,-0.010444,0.052528,-0.074387,0.056472,-0.027876,-0.005520,-0.022169,0.038578,-0.021609,0.001638,-0.060843,0.083971,0.086770,-0.080626,-0.009101,0.001377,-0.074475,0.002463,0.021413,0.033715,-0.031226,-0.016044,-0.057323,0.021875,0.002247,-0.010346,0.081612,-0.021551,-0.049478,-0.035052,0.009914,0.042219,0.048270,-0.032986,0.018020,-0.082267,0.014096,0.007875,-0.020746,-0.046630,0.022480,0.014712,0.053732,-0.092748,0.041643,0.000416,0.002448,0.004302,0.003882,-0.025794,0.004086,0.001692,0.087524,0.003715,0.009485,0.016158,0.004833,-0.005486,-0.006425,0.000938,0.076037,-0.056488,0.011798,-0.037534,-0.047742,0.034271,0.006567,-0.001432,0.017776,-0.004689,0.009084,0.028952,-0.008838,0.015090,-0.003297,0.001232,-0.082095,0.014384,-0.029612,-0.098099,0.009213,0.028964,0.036191,0.097844,-0.094897,0.024303,-0.016939,0.074110,-0.032305,-0.081196,-0.014725,-0.013485,-0.025322,-0.002130,0.009755,0.001337,-0.048923,-0.007564,-0.004502,-0.019120,-0.010300,-0.003708,-0.056601,-0.030405,-0.002088,0.013142,0.048706,0.006428,0.014294,-0.000561,0.000948,-0.001196,0.016546,0.003488,0.014451,0.052156,0.031638,-0.070099,-0.035870,0.022671,0.027361,-0.053630,0.098258,0.008165,-0.069313,-0.031437,0.034643,-0.013242,-0.013274,-0.006885,-0.079257,-0.011361,0.037013,0.053919,0.003397,0.011736,-0.009082,-0.000004,0.001571,0.086188,-0.002272,0.016006,0.056534,0.003200,0.019620,-0.062699,0.020844,0.070138,-0.009628,0.052550,-0.041292,0.001443,0.005247,-0.012239,0.001589,-0.021138,0.001955,0.079061,0.069207,-0.021354,0.002721,-0.004775,-0.078569,-0.017346,-0.026481,0.058993,0.033246,-0.041340,-0.004339,0.000476,0.086359,-0.005532,0.015573,-0.005945,0.000003,0.001137,-0.063690,0.027966,
0.013507,0.027168,0.004408,-0.040981,582.337310,-0.023534,0.020813,0.011681,-0.003149,0.000884,-0.033882,0.099524,-0.006644,0.000931,-0.044761,-0.002401,-0.019825,0.006574,-0.009820,0.066728,0.007975,-0.026337,-0.072316,0.019122,0.009421,0.000623,0.011809,-0.034864,-0.000129,-0.076655,-0.006412,-0.011573,-0.053525,0.029012,0.050236,0.001777,-0.002248,-0.010998,0.013903,0.001643,0.009385,-0.000425,0.058983,-0.002417,0.025514,-0.000014,0.005128,0.040944,-0.056717,-0.009430,-0.024670,-0.000144,0.044196,-0.004102,-0.029839,0.052405,-0.001802,-0.004283,0.022014,0.003649,-0.000053,0.008992,-0.030443,-0.038278,0.001312,-0.015748,0.006712,0.056196,-0.006436,-0.000618,0.020075,-0.099682,0.000006,0.001944,-0.003078,0.085171,0.023182,-0.001782,0.000347,-0.008434,0.068906,0.005615,-0.012610,0.002364,-0.065591,-0.000132,-0.040620,-0.012514,0.080427,-0.040064,-0.001938,-0.019239,0.025037,-0.003346,0.020583,-0.070440,0.037138,0.000949,-0.022381,-0.017946,-0.005608,-0.012288,0.039431,0.089835,0.027289,-0.001939,-0.042452,0.002550,-0.002721,-0.000041,-0.032705,-0.073387,0.000046,0.009442,0.011435,-0.061077,-0.003263,0.001812,-0.030415,-0.032657,-0.058733,-0.010458,-0.001956,0.001939,-0.000964,0.042790,-0.022896,-0.003884,0.005681,-0.030755,0.019495,0.000043,-0.002762,-0.003440,-0.001769,0.015490,0.036446,-0.000648,-0.009570,0.083699,-0.084028,-0.000670,-0.012041,0.057448,0.020767,-0.001441,-0.006152,-0.027908,-0.023945,-0.037191,0.063380,-0.000018,-0.006492,0.001343,0.008079,0.080077,-0.000062,-0.007302,-0.009255,0.025527,0.018944,0.004051,-0.015957,-0.041624,-0.013418,0.004922,-0.028258,-0.011727,0.028696,-0.025653,0.001135,0.053440,-0.000194,0.000602,0.008379,0.061737,-0.001117,0.014523,-0.079725,-0.000233,-0.001950,-0.000286,0.019699,-0.013245,-0.000836,0.066298,0.074256,-0.000398,-0.000331,-0.050180,-0.006944,0.000381,-0.000010,-0.001125,0.047342,-0.000218,
0.060499,0.006118,-0.027216,-0.009721,-0.023534,24.971278,-0.006178,-0.098257,-0.010240,0.000090,0.004845,0.004899,0.087681,-0.000027,0.004813,-0.025083,0.005606,0.085542,0.008434,-0.095207,0.005302,-0.088955,-0.040008,0.008634,0.000621,0.002870,-0.066159,-0.076222,0.010897,-0.030459,-0.039165,0.027044,-0.055192,-0.003499,-0.010214,0.072421,0.016608,0.000000,-0.014847,0.040279,0.066640,0.013452,0.054290,0.001151,-0.010479,-0.067588,0.005629,-0.052369,0.066921,0.033362,-0.011129,0.015363,0.048613,0.000060,-0.006655,-0.091200,-0.034206,0.014940,-0.021668,0.007953,-0.022415,-0.038369,-0.085829,-0.003923,-0.008273,0.089577,-0.035716,0.065260,-0.029074,-0.080892,-0.010991,0.007535,0.094025,-0.047158,-0.062308,0.063214,0.059434,-0.005608,-0.000562,-0.060606,-0.023322,0.017495,-0.015780,0.004571,0.050998,0.040120,0.032285,-0.005832,0.006375,0.003788,0.025747,0.073034,0.029446,0.039453,0.004401,-0.069321,-0.041719,0.000232,0.005684,-0.040141,0.003287,0.050303,0.002432,-0.092716,-0.048304,-0.024909,-0.093568,0.026365,-0.069941,0.092735,-0.090027,0.078610,0.000818,-0.002228,0.070795,-0.027430,0.001510,0.007067,-0.039242,-0.038125,-0.048910,-0.013037,-0.029864,-0.011762,0.000819,0.002525,0.015840,-0.021312,0.045419,-0.066443,-0.085398,0.058448,-0.063579,0.016008,-0.034868,-0.083997,-0.089567,-0.003469,0.086597,-0.006582,0.034648,-0.016863,0.024007,0.006756,0.073533,0.092925,0.076334,-0.063015,-0.004948,-0.004357,0.024562,0.001266,-0.033561,0.007244,-0.039102,0.000294,0.067660,0.088125,-0.038540,0.004697,-0.083966,-0.004016,-0.034721,-0.002986,0.042743,0.012061,-0.007592,0.023836,0.018930,-0.036026,-0.023813,0.026930,-0.012631,-0.009298,0.002210,0.072545,-0.018069,-0.074844,-0.017822,0.003941,0.001892,0.088897,0.074934,0.013488,-0.033166,0.000823,0.008444,0.028584,0.005753,0.005476,-0.024943,-0.029330,-0.045882,0.002906,0.052336,-0.082742,
0.067985,0.022574,-0.054998,0.015494,0.020813,-0.006178,0.153956,0.001321,0.011794,0.029890,0.056426,-0.054262,0.076099,0.052851,0.055430,-0.003765,0.002483,-0.010217,0.036302,-0.046998,-0.096351,-0.079038,0.023041,-0.008184,-0.021277,0.057034,-0.008721,-0.014173,-0.001912,-0.008946,-0.019497,0.024107,-0.064200,-0.005995,-0.068098,-0.026895,-0.039912,0.041126,-0.071055,0.025901,-0.000973,-0.010485,0.037823,-0.036708,-0.001080,-0.003095,-0.034463,0.008885,0.000953,0.024714,0.053524,-0.043134,-0.027475,-0.073634,0.028631,-0.017925,0.031512,-0.027138,-0.016926,0.025567,0.046414,-0.036557,0.055796,-0.015054,-0.068954,-0.003472,-0.022151,0.029335,-0.060261,0.000456,-0.047753,-0.009169,-0.028878,-0.074425,-0.029549,-0.013995,0.016070,-0.048198,-0.007296,-0.054923,0.000335,-0.073711,0.076900,0.060011,0.016061,0.056456,0.024451,0.004910,-0.022384,0.013601,-0.047769,0.016228,0.022065,0.003675,0.017837,0.043701,0.080083,-0.044417,-0.022459,0.018529,-0.026136,-0.025286,0.016510,-0.021713,-0.078331,0.050821,0.001600,0.003924,-0.026641,-0.018851,-0.048038,-0.081298,0.007939,0.030393,-0.016441,-0.005526,0.016584,0.042238,0.090333,-0.034610,0.026434,0.013203,-0.023675,-0.019506,0.036742,0.007321,0.033272,0.010426,-0.028201,-0.011245,-0.009280,0.078118,-0.010506,-0.043045,-0.025353,-0.039864,-0.075038,0.058502,0.005676,0.042867,0.002776,0.062650,-0.004926,-0.011081,0.010333,-0.050938,-0.019494,0.000519,0.005794,0.001108,0.066546,-0.017104,-0.073610,0.060384,-0.057827,-0.077675,0.040575,-0.001003,-0.036309,0.024290,0.001497,0.034363,-0.025318,-0.047967,-0.033671,0.059946,0.052252,-0.003320,-0.080398,-0.027060,-0.041146,-0.056522,-0.036430,0.050184,0.014462,0.023283,0.054814,-0.047335,0.034240,-0.052773,0.006256,-0.050894,-0.001431,0.025635,-0.008479,-0.040545,-0.002628,-0.015568,0.035102,-0.011821,-0.022320,-0.017296,0.005824,-0.062620,-0.062908,0.018736,
-0.036563,0.081099,-0.071870,0.031880,0.011681,-0.098257,0.001321,0.166229,-0.060962,0.004255,0.028219,0.003951,-0.071130,-0.011639,0.053638,0.031311,-0.011818,0.018512,0.034888,-0.002435,-0.051855,0.006373,0.038824,-0.007102,-0.046746,0.069867,-0.033813,0.032103,0.081971,0.053441,0.066107,0.043971,-0.019149,-0.034772,-0.005774,-0.022126,-0.051628,0.095301,0.003207,-0.055812,0.000503,-0.072334,0.074140,0.005212,-0.033565,-0.085536,-0.007404,0.000487,0.064457,-0.040849,0.004989,-0.005301,-0.033668,-0.040229,-0.041220,-0.030596,-0.034906,-0.010159,0.081751,-0.004037,-0.005169,0.018964,-0.079900,-0.091992,-0.003913,0.035029,0.014745,-0.063326,0.075956,0.022917,0.047124,-0.000074,-0.057029,-0.048290,-0.031542,-0.023011,-0.006277,0.056670,0.006417,-0.017980,-0.084928,0.023463,0.034850,-0.004016,-0.026465,0.018759,0.019648,-0.023460,0.026279,0.016687,-0.039678,0.042364,-0.067894,-0.051224,0.045073,0.005625,-0.057778,0.032049,0.000472,0.032566,0.017884,0.020093,0.004029,-0.000835,0.035067,-0.013614,0.000261,-0.058477,0.062280,0.050068,-0.057363,-0.062699,0.056049,-0.047615,0.000216,-0.000260,0.050684,-0.066457,-0.000571,0.039616,0.019121,-0.012267,0.065488,-0.003594,-0.041469,0.066887,0.026337,-0.002670,0.071216,0.004209,-0.002216,-0.000032,-0.002462,-0.048978,0.015582,-0.060315,-0.007115,0.060488,-0.070394,0.087664,0.006393,0.038640,-0.060823,-0.014355,0.002318,-0.021005,0.028959,0.025334,-0.047599,-0.042353,0.049688,0.057961,-0.031699,-0.095965,0.004603,0.018969,-0.049731,0.000468,-0.074720,0.005814,-0.007396,-0.061701,0.000730,-0.090475,0.099047,-0.020915,0.014679,0.039790,0.066978,0.057194,-0.004966,0.061601,-0.023103,-0.073032,0.060317,0.069445,-0.097023,0.042475,-0.045667,-0.019612,0.058683,-0.002919,0.033906,-0.007688,0.071967,-0.091047,0.007576,0.012337,-0.005927,0.001690,-0.014354,0.050730,-0.029274,0.054904,0.019285,-0.023219,
-0.056659,0.000081,-0.002118,-0.036370,-0.003149,-0.010240,0.011794,-0.060962,5338.433784,-0.000616,0.001879,0.021257,-0.030482,0.000110,0.001762,-0.000135,0.001420,0.000086,-0.013200,-0.069859,0.072944,-0.024654,-0.034923,0.031411,-0.054710,-0.040395,-0.015282,0.041073,-0.091985,0.077758,0.009238,-0.001109,-0.026212,-0.000228,-0.022977,0.055445,-0.048349,0.000300,-0.022169,-0.075211,-0.029180,-0.000617,0.042025,0.052708,-0.001616,-0.070796,-0.000036,-0.063473,-0.002300,0.007153,0.055983,-0.071571,-0.040711,-0.000018,0.075821,0.010439,0.003434,-0.003687,-0.006178,0.004687,-0.032125,-0.000118,0.033881,-0.000000,0.000000,-0.000856,0.019173,-0.023399,-0.027860,-0.000633,-0.088566,-0.005897,-0.023302,0.011273,-0.014421,0.034316,-0.006515,-0.012627,0.001042,0.010085,0.000959,-0.009083,-0.096970,-0.095806,0.013079,-0.000005,-0.057689,-0.061435,-0.000000,-0.011883,-0.000165,0.014777,0.014193,0.000524,0.000714,-0.039264,-0.077984,-0.000302,-0.041499,0.028797,-0.084318,-0.046565,0.000015,0.007385,-0.022557,0.000023,-0.050062,0.038688,-0.000000,0.001634,-0.012671,0.002652,0.000300,0.012499,0.009278,-0.021054,-0.032117,-0.000823,-0.001045,0.006735,0.000895,-0.000149,-0.002222,0.043337,0.000839,-0.000652,-0.087143,-0.070607,-0.028690,0.000014,0.004486,0.040278,-0.035680,-0.018308,0.018044,-0.024279,-0.008968,0.008595,-0.002148,-0.006294,-0.000646,-0.009216,0.000048,0.006934,0.073030,0.009766,0.039742,-0.031962,-0.025245,0.038391,-0.067043,0.044460,-0.057669,0.000001,-0.016625,0.046766,-0.074289,0.014437,0.005644,0.061634,0.031804,-0.032469,-0.000688,-0.038369,0.000633,0.082806,-0.018633,0.035093,-0.000033,0.003139,0.010744,0.000713,-0.002608,-0.000668,-0.001598,-0.038140,-0.000024,-0.001229,0.062921,-0.000480,-0.002971,0.003063,0.012319,-0.003067,-0.026651,0.065319,-0.014484,-0.005214,-0.032095,0.059261,0.040067,-0.031561,0.010820,-0.000045,-0.023197,0.019563,
0.076752,0.041511,0.015522,0.025948,0.000884,0.000090,0.029890,0.004255,-0.000616,735.323474,0.000232,0.056681,-0.011476,0.000695,0.000209,0.001566,0.004406,0.047143,-0.028415,-0.004088,0.034808,0.021756,-0.039071,0.035524,0.010186,-0.000879,-0.000218,-0.019705,-0.000265,-0.018750,-0.031176,-0.000724,0.018624,0.089497,-0.018014,-0.008159,0.065243,-0.001442,-0.007002,-0.004668,-0.000553,0.009422,0.022735,-0.041648,-0.002390,-0.006658,-0.097096,-0.022703,0.028395,-0.002991,0.000121,0.049928,0.015421,-0.007723,-0.003988,-0.013737,-0.003323,-0.034169,0.008776,-0.008789,-0.001494,-0.004011,0.006805,-0.061787,0.030001,0.040647,0.057979,-0.006202,-0.062208,-0.035998,0.035578,-0.057885,-0.066468,0.031139,-0.035295,0.007499,0.062950,0.015511,0.000078,-0.075963,-0.000840,-0.056212,0.012084,0.077513,0.022400,0.010005,-0.050663,-0.047497,-0.002492,0.001267,-0.035133,-0.009555,0.000505,0.036903,0.019795,0.046045,0.077598,-0.000004,-0.027979,-0.000260,0.005739,0.040862,0.036465,-0.086913,0.024776,0.028125,-0.000126,-0.072680,-0.002026,0.000918,0.079679,-0.000726,0.000020,-0.047205,0.078605,-0.007254,0.080411,-0.019301,-0.061525,-0.005155,-0.015070,-0.059557,-0.026473,-0.000000,0.000730,-0.000930,0.004230,-0.048428,-0.001391,-0.000352,-0.011790,-0.056294,-0.085343,-0.011314,-0.000578,0.031501,-0.026709,-0.033952,-0.013083,0.012495,0.000072,0.004290,0.048613,-0.008325,0.012074,0.033757,-0.008296,0.054692,-0.020860,0.073435,0.077120,0.032676,-0.021052,0.001456,0.031093,-0.053825,0.000076,0.000505,-0.064532,-0.000063,-0.000000,0.003603,-0.000159,0.022832,-0.007655,0.014244,-0.012042,0.015993,-0.041949,-0.043752,0.007325,0.051971,0.038063,0.042343,0.000884,-0.093349,0.000565,-0.032651,0.055211,0.004077,0.000895,0.021265,-0.019221,-0.003512,0.090909,-0.006970,-0.051219,-0.047449,0.003919,0.000830,-0.094343,-0.077149,0.006229,-0.000378,0.043963,0.018169,
0.007989,0.059343,-0.032826,0.081474,-0.033882,0.004845,0.056426,0.028219,0.001879,0.000232,47.954072,-0.013188,0.001068,-0.005407,0.001447,0.081495,-0.002675,0.049211,0.080707,0.022903,-0.030610,0.053094,0.044538,0.029474,-0.079165,-0.053248,0.006881,0.011087,-0.006308,0.034178,-0.001793,0.002569,-0.000529,-0.073433,0.000167,-0.052385,-0.000118,-0.091687,0.007417,-0.099907,-0.094351,0.001454,0.058616,0.000000,0.000260,0.031390,-0.003016,0.087219,0.050910,0.014018,-0.065616,-0.011819,0.003993,0.039673,-0.011082,0.040446,-0.075315,-0.034908,0.011326,0.078061,-0.000696,-0.002009,0.056548,-0.024828,-0.000063,0.050736,0.008861,-0.003043,-0.053493,0.057775,0.059399,-0.038233,-0.047510,-0.034266,-0.080393,0.010396,-0.050373,-0.006790,-0.083154,0.003486,0.022796,0.035370,-0.088829,-0.001621,0.041078,0.001732,-0.029526,-0.005746,-0.099940,-0.024379,-0.007627,-0.042745,-0.000319,-0.040286,-0.065154,0.076631,0.011787,0.000666,0.000451,-0.000097,0.000174,-0.009640,-0.009145,0.000532,-0.062274,-0.000280,-0.017658,-0.063311,-0.004767,0.083216,-0.014764,-0.036766,0.097530,-0.001938,0.056003,0.069054,0.046674,-0.002481,-0.000098,-0.012020,-0.030901,0.012719,0.032555,-0.035529,-0.001095,-0.064445,0.088490,-0.009327,0.054162,0.001365,0.002193,0.027233,0.027615,0.011410,0.067983,-0.009054,-0.033055,-0.035064,-0.097792,0.063923,0.037204,0.058328,0.016107,0.012146,0.003487,-0.057726,-0.001492,0.028960,0.021285,0.052291,-0.024834,0.004339,-0.004818,0.013007,-0.029523,-0.026680,-0.000286,0.031956,0.000813,-0.006516,-0.011660,-0.018672,-0.000771,0.024070,0.014918,0.086820,-0.036359,0.005365,-0.035358,-0.015124,-0.018392,0.029718,-0.067761,0.010370,-0.005027,-0.007001,0.099440,0.027456,-0.013988,0.016498,0.090353,-0.009512,0.091252,-0.077827,0.036696,0.006598,0.006403,0.008537,-0.010833,-0.016558,-0.019110,0.018503,0.000137,-0.046742,-0.008577,-0.000050,
0.000420,0.068157,-0.014151,-0.093213,0.099524,0.004899,-0.054262,0.003951,0.021257,0.056681,-0.013188,19.257593,0.099764,-0.001025,0.005285,-0.001786,-0.001013,0.044226,0.084731,0.002951,-0.014493,0.032787,0.012576,-0.078161,0.058385,-0.006963,0.039062,0.042171,-0.088100,0.018653,-0.002321,0.016106,0.005819,-0.027458,0.002599,0.091503,0.094503,-0.011406,-0.050837,0.077772,-0.000356,0.007773,-0.041055,0.063775,-0.003493,0.022523,-0.033103,-0.005015,0.064276,0.037728,0.005764,-0.031506,-0.072670,0.000698,-0.006553,-0.030359,0.019310,-0.033958,-0.007894,0.001131,-0.000011,0.006624,0.030119,-0.000071,0.018195,-0.031401,-0.033446,0.087718,0.016512,-0.009694,0.003163,0.050261,-0.022467,-0.000009,-0.042169,0.073481,0.024917,-0.012609,0.080302,-0.054357,-0.011168,0.010237,-0.092330,-0.010335,0.060101,0.005569,0.066198,-0.075447,-0.012553,-0.001271,0.006045,0.093753,-0.073601,-0.080787,-0.059789,0.092933,-0.008001,-0.005846,-0.005564,0.015398,0.033426,0.000782,-0.001583,-0.065005,0.031345,0.018077,0.033074,-0.022656,-0.008089,0.001065,-0.091004,-0.011847,0.007841,0.090355,-0.057962,0.002333,-0.008639,0.024045,-0.081704,-0.039858,0.055818,-0.006183,-0.037625,-0.010478,0.003381,0.073725,0.014717,0.047003,-0.054056,0.019257,-0.094255,0.013474,0.057638,0.004489,-0.068972,-0.056679,-0.062894,-0.007955,-0.033994,-0.033065,0.009751,-0.014509,-0.009767,-0.021292,-0.028312,0.002356,-0.075407,0.027780,-0.045844,-0.063348,-0.026726,-0.039312,0.001012,-0.007377,-0.059925,0.003152,-0.054300,-0.006229,-0.003001,-0.001529,-0.007145,0.019056,-0.001317,0.015593,-0.007881,0.000349,-0.001047,0.064052,-0.007892,-0.009379,-0.002269,-0.053478,0.006018,-0.021347,0.001498,-0.020957,-0.099581,0.067318,0.047086,0.022352,0.010880,-0.003339,-0.063084,0.033714,-0.034456,0.001797,-0.082220,-0.018274,0.001063,0.005326,-0.002614,0.002336,-0.046981,0.075838,-0.000163,0.001656,
0.038882,-0.068713,0.022284,0.044945,-0.006644,0.087681,0.076099,-0.071130,-0.030482,-0.011476,0.001068,0.099764,2925.747436,-0.000138,0.007190,0.025945,0.014677,0.000560,0.045384,0.001842,-0.002298,0.036028,-0.042424,0.000551,-0.047036,-0.076935,-0.027627,-0.069253,0.012543,0.007057,-0.035731,0.034886,0.061411,0.033434,0.017320,-0.002127,0.005369,0.001203,0.001116,-0.003635,0.000865,-0.000429,-0.001581,0.028839,-0.071952,-0.000276,-0.027000,-0.065560,0.038575,0.007143,0.084332,-0.083869,-0.000770,0.005575,-0.008568,-0.050283,-0.021871,-0.028595,-0.067837,-0.032566,-0.002734,-0.086714,-0.039350,-0.044216,-0.006902,0.028206,-0.039974,0.053292,-0.015637,-0.058983,-0.029381,-0.030752,0.074901,0.000910,0.009135,-0.070656,0.006219,0.014272,-0.002154,0.003314,0.055741,0.009167,0.004606,0.008206,0.001775,-0.000190,-0.033368,-0.032965,-0.095675,0.000458,0.002353,0.054979,0.000149,0.061683,-0.018839,-0.081603,0.024791,0.000701,-0.024922,0.026981,0.006877,-0.000075,0.003711,-0.081136,0.077586,-0.003546,-0.011348,0.031704,-0.010987,0.038836,-0.038710,0.000011,-0.065505,0.009426,-0.028526,-0.037642,0.013814,-0.049520,-0.015037,0.014071,-0.000819,0.006707,-0.091398,0.070448,0.024715,-0.001166,0.000002,-0.016283,0.016335,-0.032253,-0.096942,0.028735,0.035989,0.000511,0.031694,0.020096,-0.026314,-0.028900,0.001855,0.000000,-0.002344,0.000516,0.007446,-0.004158,-0.021918,0.000002,0.028314,-0.023556,-0.086820,-0.007339,0.014895,-0.041884,-0.064708,0.001249,-0.067438,0.001099,0.001797,-0.001126,0.012482,-0.000581,0.066605,-0.005634,0.000467,0.005285,-0.017343,-0.044071,0.000970,0.023184,0.000085,-0.033744,0.021878,0.060841,0.000453,-0.075607,0.010876,-0.001974,0.000000,-0.070083,-0.001896,0.001732,-0.002600,-0.008327,-0.037654,-0.021881,0.000288,0.069262,0.010321,0.033454,-0.050578,-0.000096,-0.001298,0.005662,0.068366,0.000005,0.022133,0.054178,
-0.042182,-0.072724,0.055542,0.094436,0.000931,-0.000027,0.052851,-0.011639,0.000110,0.000695,-0.005407,-0.001025,-0.000138,311.020920,-0.000720,-0.047751,0.000973,-0.001988,0.052921,0.062035,0.028145,-0.033676,0.085798,-0.026795,-0.072597,0.075272,-0.000329,0.012506,-0.020715,-0.001207,-0.002374,-0.044810,0.042980,-0.013813,0.010892,0.015413,0.000916,-0.003610,0.084083,-0.077276,0.005202,0.005591,-0.000373,0.001740,-0.018754,-0.054791,-0.000592,0.062236,0.081976,0.003590,0.033879,0.076238,-0.078328,-0.084539,-0.013270,-0.022692,-0.015548,-0.043896,-0.011105,0.003664,-0.002847,-0.043300,-0.051683,0.002789,-0.041556,0.023121,0.047444,0.062690,0.043113,-0.000279,0.005658,-0.012918,0.001444,0.003760,-0.031757,0.008079,-0.056987,0.007557,0.089833,-0.004106,0.025354,0.000566,-0.057161,0.012437,-0.013258,-0.009219,0.022024,-0.062497,-0.032008,0.007647,-0.015963,0.013351,0.030264,0.061944,-0.000931,-0.082306,0.036779,0.000022,0.028349,0.017894,-0.018287,0.006275,0.025776,-0.014936,-0.023254,-0.010462,-0.003193,0.026882,0.002406,-0.061278,0.075327,0.000038,0.033387,-0.016968,-0.049839,0.007572,-0.010190,0.007498,0.004479,-0.041078,-0.030117,-0.015617,-0.011527,-0.009337,0.029629,-0.000369,0.043271,-0.041419,-0.061557,0.073781,-0.003164,-0.001305,-0.037745,0.001375,-0.000082,-0.034851,0.037711,0.017121,0.000037,0.014062,-0.095346,0.001528,-0.017499,-0.031330,0.044716,0.035669,-0.042207,0.025974,0.061520,0.006894,0.057130,0.023760,0.008466,0.000326,0.027832,0.077499,0.007539,-0.001406,-0.002218,0.019814,0.003603,0.022219,-0.095222,-0.002125,0.000071,0.022084,0.000058,0.021431,-0.086102,0.002359,-0.002950,0.012362,-0.000515,-0.002577,0.015855,-0.033244,0.000329,0.002758,0.013787,0.022709,0.024585,0.002681,0.003564,-0.008556,-0.038082,0.000177,-0.000000,0.026095,0.010967,-0.042150,0.047359,-0.065257,0.006205,0.026910,0.094931,0.000177,
0.022007,0.008141,0.028367,0.033458,-0.044761,0.004813,0.055430,0.053638,0.001762,0.000209,0.001447,0.005285,0.007190,-0.000720,88.150957,0.002256,-0.088275,0.000321,0.017158,0.008354,-0.008783,0.054975,0.026427,-0.004592,0.046948,0.004934,-0.046722,-0.016541,0.003726,-0.005178,-0.028449,0.042622,0.042979,-0.062901,0.048568,-0.079198,-0.000952,0.003123,0.006966,0.028548,-0.001193,-0.028133,-0.004629,0.018073,-0.048754,-0.000035,0.002323,0.015290,-0.008294,-0.003019,0.093883,0.017335,0.001937,0.015916,-0.024054,-0.022678,-0.000307,-0.001846,-0.023501,-0.052316,-0.001226,0.006905,-0.043520,-0.070871,-0.011325,0.002674,0.048776,0.047342,0.052483,-0.001012,-0.032941,0.015605,0.001062,0.063975,0.082210,-0.026407,-0.020939,0.068080,-0.002065,-0.005211,-0.004506,0.002373,-0.009912,-0.075229,-0.003951,-0.018004,-0.047156,-0.007876,0.002706,-0.000210,0.047990,0.006909,0.000092,0.036855,0.016478,-0.009184,-0.007645,-0.000000,0.006360,0.030525,0.069683,-0.002858,0.001527,0.001928,-0.022597,-0.039062,-0.000012,0.011256,-0.059182,-0.038213,0.024227,0.001686,-0.030325,-0.034630,-0.022798,-0.034052,0.084878,0.008998,-0.033036,-0.058752,-0.004051,0.001730,0.052738,0.071410,0.034585,-0.032756,-0.090598,0.027291,0.023521,-0.001453,-0.023619,-0.048013,0.002267,0.075925,-0.030105,0.020816,-0.047599,0.002547,-0.009395,-0.018848,-0.075398,0.000838,0.018862,0.073123,0.018137,0.033557,0.027196,0.009144,-0.004484,-0.015082,0.013067,0.093076,0.028665,0.000443,0.032749,-0.019061,-0.012520,0.000432,-0.089342,0.003692,0.019792,-0.054798,-0.007273,0.057192,0.000155,0.000564,-0.043439,-0.035875,0.002851,-0.000038,0.061073,-0.002663,0.003459,0.000174,0.012040,0.046614,0.011745,0.021734,0.013584,-0.000020,-0.004600,-0.008511,-0.058807,0.011198,-0.090455,0.033053,-0.088274,0.005076,-0.013045,-0.023200,0.024667,0.047062,-0.005053,0.000427,0.047830,0.004193,
0.071947,-0.002366,-0.004228,-0.001971,-0.002401,-0.025083,-0.003765,0.031311,-0.000135,0.001566,0.081495,-0.001786,0.025945,-0.047751,0.002256,67.438981,0.000378,-0.030234,0.016381,-0.090066,-0.013064,-0.007820,-0.026340,0.002347,-0.020571,0.035669,-0.015078,-0.012789,-0.084498,-0.000552,-0.000023,-0.078104,0.006756,0.002640,-0.032243,0.002971,-0.009321,-0.003256,0.087075,-0.009029,0.019038,-0.001954,-0.003867,0.003084,0.058817,-0.037270,-0.098715,-0.088440,-0.066826,0.070364,0.002591,-0.052106,-0.004178,0.046269,0.016962,-0.060524,-0.021428,-0.000634,0.006289,-0.011646,-0.000350,0.025242,0.017996,0.026019,-0.017645,0.005915,0.037297,0.003534,-0.048643,0.000206,-0.043701,-0.000986,0.090186,0.000792,0.086942,-0.019422,0.007620,0.086273,0.011537,-0.028419,0.039974,-0.001627,0.000248,-0.010626,-0.039528,-0.057737,0.014432,0.042647,0.001844,0.000455,0.093185,-0.076168,-0.012208,-0.064279,-0.027274,-0.052709,-0.017127,-0.000004,-0.029046,-0.002499,0.067740,-0.001621,0.000227,0.055704,0.036666,-0.007654,-0.060996,0.028339,0.007777,0.003286,0.003471,-0.077321,0.007843,-0.060233,0.058672,0.003714,-0.093946,0.001020,-0.041308,0.059423,0.028930,-0.028029,0.086351,-0.013403,0.003621,-0.064750,-0.013110,-0.023993,0.061507,-0.000379,0.072391,-0.040159,-0.035634,0.011855,0.054064,-0.001614,-0.042847,0.025271,0.035919,-0.000765,0.008248,-0.003583,-0.036258,0.003754,-0.046568,0.008077,-0.003768,-0.063040,-0.044078,-0.006474,0.010513,-0.004924,-0.070297,0.051640,-0.013613,-0.029585,-0.000181,-0.002537,0.036814,-0.001152,0.004980,0.000946,-0.000277,0.000172,0.010882,0.000000,-0.000473,0.043107,0.000320,-0.000893,-0.094432,0.024374,0.004746,-0.022103,0.022560,-0.029367,0.071341,0.003084,0.005845,0.003456,-0.056378,0.000504,-0.046536,0.001017,-0.010200,0.017656,0.029470,0.002028,0.006355,-0.035732,-0.002045,-0.002012,0.067414,0.000804,0.067365,0.000606,
0.000280,-0.011136,-0.052152,0.003599,-0.019825,0.005606,0.002483,-0.011818,0.001420,0.004406,-0.002675,-0.001013,0.014677,0.000973,-0.088275,0.000378,401.390072,0.096231,0.088155,-0.094398,0.001957,0.024521,0.067340,-0.056094,0.011614,0.003306,-0.000026,0.049667,-0.083368,-0.000016,0.012961,0.001312,0.001056,-0.070687,-0.017462,0.026338,0.010173,0.010373,-0.009392,0.016568,0.003545,0.000036,0.063260,-0.003573,-0.018618,-0.010307,-0.079147,0.008243,-0.050971,-0.043817,0.011758,0.074344,-0.095786,-0.002057,-0.077215,0.050149,0.031023,0.045736,-0.004156,0.016647,-0.000018,-0.072625,-0.016834,0.006454,0.012136,0.014258,-0.020825,0.020843,-0.000223,-0.020233,-0.005327,0.051347,0.004949,-0.072111,-0.013797,0.042239,0.099658,0.012731,0.067633,-0.096384,-0.055838,0.055722,-0.042521,-0.025844,-0.001689,0.005287,-0.026421,0.061356,0.009896,0.000164,0.002020,-0.000000,-0.002426,-0.013618,0.016433,-0.037597,-0.018766,-0.035296,-0.005121,-0.067232,0.000439,-0.039982,0.012796,-0.081831,-0.000857,-0.035833,-0.069995,0.066759,-0.001209,-0.002512,-0.089651,0.028879,0.099033,-0.040086,-0.004089,-0.007288,0.036848,-0.086706,-0.089915,-0.024209,-0.002324,-0.029743,-0.070140,-0.048790,0.001296,-0.038956,-0.003302,0.038290,0.000075,-0.000027,-0.090995,0.079379,-0.010281,0.023761,0.039145,0.000005,0.053786,-0.037280,-0.026259,-0.060184,0.001765,0.012387,0.029261,-0.000086,-0.000851,0.036010,-0.043225,0.012199,-0.043914,0.035162,-0.073731,-0.014198,-0.078538,-0.012356,0.054267,0.045731,-0.001760,0.002059,-0.024275,0.041193,-0.074318,0.006736,0.028742,0.001148,-0.071295,0.000629,0.000379,0.024828,0.000403,0.007944,0.000301,-0.071945,0.000258,-0.000284,0.001340,0.085048,0.047923,0.000374,-0.000900,0.000651,0.008315,0.025381,-0.009664,-0.013932,-0.044230,0.000490,-0.086132,-0.000885,0.001842,0.000887,-0.038143,-0.075765,0.003944,0.000029,-0.000991,-0.002721,
0.004817,0.043418,-0.000822,0.015542,0.006574,0.085542,-0.010217,0.018512,0.000086,0.047143,0.049211,0.044226,0.000560,-0.001988,0.000321,-0.030234,0.096231,2481.139257,0.050233,-0.000050,-0.092557,-0.094637,0.020342,0.019432,0.038380,0.006127,-0.057433,0.078231,0.000638,0.005613,0.048726,-0.002294,-0.053436,-0.000142,-0.086490,0.090737,0.098860,0.076073,0.021657,0.021340,0.012880,-0.001924,-0.096740,-0.085000,0.016381,-0.000462,-0.010763,-0.001832,0.066336,-0.071526,-0.046336,0.009459,0.043079,-0.001249,-0.042028,0.082669,0.044796,0.015781,-0.041625,-0.061536,0.000216,-0.086340,0.012494,0.084809,-0.005504,-0.052724,0.009417,-0.040047,-0.001216,-0.009250,-0.006345,-0.059162,0.056459,-0.074348,-0.046623,-0.073881,-0.067418,-0.089663,-0.094118,0.041357,-0.026309,-0.004540,-0.000240,-0.047998,0.005680,0.001708,-0.001155,-0.005462,0.010470,0.020383,-0.001727,0.022351,-0.038410,-0.018183,0.007610,0.012280,-0.028931,-0.007276,-0.043458,0.059433,-0.015576,0.006716,-0.000034,0.001374,-0.012449,-0.000413,0.070275,0.002849,-0.063565,-0.019946,0.068478,-0.002911,-0.000629,0.023115,-0.025440,0.015999,-0.067546,0.000591,0.078087,0.009218,0.004748,-0.026195,0.047415,0.019077,0.042325,0.000086,-0.006104,-0.058893,-0.007816,-0.000623,-0.000132,0.060310,0.013518,-0.095153,0.002504,0.017026,-0.086659,0.000501,-0.001510,-0.003938,0.000154,-0.007726,-0.024207,0.076633,-0.003158,-0.018732,-0.020488,0.001614,-0.015931,-0.046321,-0.060919,0.026834,-0.061263,-0.041660,-0.026654,-0.014719,-0.080225,-0.011213,0.029414,0.073547,-0.025176,-0.004337,0.004167,0.000048,-0.062402,-0.000002,0.003593,-0.089625,0.000025,0.001667,-0.081366,-0.029140,0.013579,0.000471,-0.023649,0.037769,-0.000671,0.000175,-0.002899,0.000031,-0.000329,-0.002930,0.029401,0.014235,0.066215,-0.011085,0.000945,-0.063115,0.001509,0.051920,0.052249,-0.010552,0.002243,0.000218,-0.024024,-0.027862,
0.067143,0.011743,-0.066470,-0.010444,-0.009820,0.008434,0.036302,0.034888,-0.013200,-0.028415,0.080707,0.084731,0.045384,0.052921,0.017158,0.016381,0.088155,0.050233,5.639973,0.015694,-0.007081,-0.023882,-0.026005,-0.089876,0.072634,0.002562,0.022502,-0.023698,-0.099026,-0.021165,-0.047886,-0.039623,0.020053,-0.012610,-0.011243,-0.001683,-0.038443,-0.014343,0.065464,-0.097148,0.025413,0.007305,-0.064187,0.011805,-0.016729,0.042164,0.000000,0.002070,-0.020189,0.012102,-0.030576,-0.036836,-0.017798,0.058653,0.023040,0.042823,0.079301,0.016575,0.015052,0.081579,0.060155,-0.018343,-0.021947,-0.082555,-0.011789,-0.071852,0.040672,-0.070189,0.001871,-0.041347,0.014487,-0.058442,-0.039424,-0.042186,0.011063,-0.014760,0.021959,-0.000470,-0.073106,0.049192,0.019396,-0.068892,-0.065471,0.017407,-0.044051,-0.042405,0.033878,-0.023270,-0.024106,0.051809,0.032523,0.042859,-0.029364,0.000318,0.059930,0.013599,-0.023741,-0.032894,-0.002491,0.020194,-0.026803,0.038040,0.064836,-0.057746,0.073561,-0.002614,0.067910,0.039551,-0.067739,0.007376,0.025592,0.020453,-0.031519,-0.022230,0.002129,-0.048341,0.025663,-0.056623,0.012765,-0.034681,-0.042715,-0.028946,-0.043260,-0.013401,-0.023165,-0.032203,-0.027083,0.019921,-0.026756,-0.005102,0.049233,-0.006295,0.003646,0.000893,0.043094,0.026424,-0.055408,-0.002795,0.001716,-0.035784,-0.091111,-0.022043,0.069611,-0.034742,-0.039846,0.026581,-0.064755,0.045001,0.000408,-0.027002,0.051828,0.071179,0.026489,0.020861,-0.068856,-0.050150,-0.020180,0.015250,0.012405,0.076089,-0.032604,0.044196,-0.022111,0.058076,0.012084,-0.025654,0.043112,-0.021021,-0.080536,0.029274,-0.054347,-0.013669,0.091601,-0.052521,-0.005612,0.000860,-0.013547,0.055346,0.027532,0.059279,-0.020743,0.038357,-0.035544,-0.015487,-0.054055,-0.040085,-0.034708,-0.014666,0.010520,-0.046443,-0.013386,0.011084,0.006933,0.002970,0.075849,-0.022616,
-0.006150,-0.050339,0.020614,0.052528,0.066728,-0.095207,-0.046998,-0.002435,-0.069859,-0.004088,0.022903,0.002951,0.001842,0.062035,0.008354,-0.090066,-0.094398,-0.000050,0.015694,0.236165,-0.007974,0.003866,-0.008383,-0.052166,0.032424,-0.007865,-0.009710,0.043180,-0.086280,-0.003367,-0.096638,0.077977,0.006231,0.021801,0.012514,0.002252,0.035138,-0.069183,0.025007,-0.044440,0.008389,-0.005504,-0.096428,-0.029908,-0.093611,0.053216,0.069844,-0.007057,0.040701,-0.004085,0.094133,0.008399,0.043943,0.001654,0.065366,-0.012453,-0.055792,-0.065318,-0.000724,0.022444,-0.016223,0.075029,0.033838,0.066398,0.002463,-0.035703,-0.043195,-0.037411,-0.064357,-0.011752,-0.029228,0.021762,-0.091088,0.044086,-0.055371,0.036897,-0.058409,-0.047414,-0.064300,0.083225,0.004741,0.023530,0.024473,0.084095,0.015109,0.007054,0.007416,0.025699,-0.005501,-0.003526,0.056858,-0.034105,-0.092913,-0.008250,0.034992,-0.045091,-0.065087,0.005397,0.028186,0.019868,0.038206,-0.001858,-0.089929,-0.089489,-0.010893,0.088259,-0.075876,-0.003457,0.006272,-0.056457,-0.050780,-0.008254,0.052725,-0.097155,-0.036683,0.010379,0.010717,-0.032056,-0.065019,-0.002717,0.029485,0.091266,0.011494,0.015975,0.014944,-0.004789,-0.017377,0.052275,-0.031861,0.009185,-0.006857,0.014736,0.007735,-0.023200,0.017012,-0.099244,0.062181,-0.015861,0.025895,0.036006,0.029373,0.075051,-0.018066,0.023873,0.040375,0.000064,0.020521,0.022433,-0.000019,0.026253,-0.092183,0.045885,0.016292,0.054158,0.002723,-0.025746,0.082344,-0.083756,0.012910,-0.000000,0.029851,-0.096707,-0.033247,0.061578,-0.046246,-0.018250,-0.003948,-0.096267,-0.020095,-0.035861,-0.056106,0.032213,0.025357,0.009744,-0.000985,0.003448,0.035303,-0.008048,0.005182,-0.000007,0.083010,-0.053580,-0.087346,0.049957,-0.025387,0.059900,-0.007756,0.000347,0.000440,-0.002505,-0.000796,-0.039269,-0.090910,-0.054100,-0.038078,0.037767,
0.051133,-0.045115,0.045446,-0.074387,0.007975,0.005302,-0.096351,-0.051855,0.072944,0.034808,-0.030610,-0.014493,-0.002298,0.028145,-0.008783,-0.013064,0.001957,-0.092557,-0.007081,-0.007974,41.350190,-0.038280,0.049503,-0.015203,0.020401,0.002353,-0.001235,0.018201,0.000145,0.006273,0.056198,0.000031,-0.085298,-0.002948,-0.000848,-0.058322,0.001284,0.001809,-0.000837,0.015169,0.017612,0.029515,-0.019251,-0.053421,0.002836,0.041364,0.079529,-0.015228,-0.025395,0.016229,-0.074197,-0.007343,0.023693,0.043670,-0.041602,-0.066694,-0.056641,0.007318,0.019273,-0.059905,-0.001844,0.012633,0.010069,-0.033909,-0.013195,0.001021,0.025903,-0.021526,0.000884,-0.083749,-0.078646,-0.092424,-0.017608,-0.006862,-0.009469,-0.041260,0.048569,0.073111,-0.011551,0.097155,0.035782,0.007709,0.050593,0.007072,0.092540,-0.012509,0.036889,0.026863,-0.006239,-0.008184,-0.077572,0.054473,-0.002883,-0.029650,-0.000793,-0.034952,0.012242,0.000079,-0.015118,-0.003096,0.013259,-0.008671,0.019883,0.041089,-0.036663,0.044461,-0.090668,-0.044104,0.090652,-0.068862,-0.008609,-0.006397,0.017148,-0.020098,-0.067046,-0.000185,0.012871,0.007956,0.080397,-0.019455,0.006203,-0.010314,0.050350,0.013136,-0.041424,0.092088,0.042055,-0.004110,0.031283,0.014503,0.002130,0.013562,-0.016430,0.028568,-0.098835,0.003337,-0.025732,-0.000251,0.009791,-0.002525,0.093157,0.029028,0.046003,0.036873,-0.000051,-0.000251,-0.000427,-0.023238,0.053880,0.066355,0.006875,-0.036354,-0.004480,0.031726,-0.017285,-0.007873,-0.004151,0.005956,-0.023127,-0.007875,0.008174,0.086166,0.000154,0.010487,-0.001117,0.004916,-0.019764,-0.003525,0.006114,0.003078,0.009951,-0.016278,0.032902,-0.001691,0.007814,-0.075225,0.015148,-0.001247,0.018664,-0.060549,0.026684,0.007666,0.065268,0.095783,-0.002955,0.017188,-0.050953,-0.005430,-0.019959,0.076452,0.015553,-0.015799,0.054817,0.082293,0.015766,0.015349,
