365.562393,-0.000161,0.013062,-0.097838,0.033361,0.034462,0.064599,-0.045526,0.014488,-0.030200,0.015487,0.067029,-0.005196,-0.003006,-0.055477,0.067844,-0.074698,-0.029281,0.015628,0.014188,-0.000059,0.005037,0.023682,0.096763,-0.004331,0.003533,-0.080582,-0.003714,-0.000018,0.017177,0.000534,0.049732,0.044817,-0.003441,0.004944,0.053684,0.002870,-0.095032,-0.015633,-0.006596,0.010259,-0.028877,0.039233,0.022389,0.000338,-0.030502,-0.009161,0.011134,0.000137,-0.059858,0.000637,-0.088711,0.016105,0.001147,-0.045409,-0.060827,-0.000063,0.000704,0.011464,-0.004001,0.000000,-0.064859,0.032010,-0.000106,-0.013117,-0.035649,0.005111,-0.001867,0.024248,0.001994,-0.058277,0.003182,-0.001326,0.000022,0.015959,0.000266,-0.000810,-0.052254,-0.011084,0.001462,0.004204,0.002512,0.084785,-0.001252,0.001296,-0.016276,-0.010868,0.007786,0.036253,-0.061719,0.013537,-0.000131,-0.018336,-0.003543,-0.044677,-0.020331,0.027647,0.001173,-0.093614,-0.057916,-0.000296,-0.014414,-0.053930,0.013309,0.007890,-0.000326,-0.072376,-0.001690,0.012110,-0.002748,-0.029206,0.000000,0.011538,-0.001398,0.004772,0.040511,-0.067789,-0.025392,-0.081437,-0.014127,-0.007497,-0.029316,0.066458,-0.012762,0.008575,-0.029705,-0.067502,0.053803,-0.000479,-0.061602,0.002001,-0.054901,-0.062167,0.019435,0.060460,-0.007535,0.010875,0.000389,0.050719,0.000000,0.023887,-0.006061,0.012352,0.000217,-0.046746,-0.028022,-0.070437,0.043974,-0.070577,-0.072660,0.016930,-0.069386,0.027740,-0.017974,0.019399,0.097238,-0.024984,0.001211,-0.043437,0.014163,0.015658,0.002598,0.025789,-0.051777,-0.037678,-0.000250,0.058613,0.039588,-0.004780,-0.000816,0.000000,0.000149,-0.009580,-0.016281,0.001180,-0.009055,0.019321,-0.001915,-0.015275,-0.003153,-0.064584,0.074891,0.005082,-0.000068,0.006216,-0.001484,-0.063954,0.007722,0.017593,0.019196,-0.012638,0.044579,-0.000082,-0.000080,0.075349,0.023321,
-0.000161,28369.108219,0.086185,-0.068039,0.006442,-0.000890,0.091669,0.012253,-0.098936,-0.027617,0.059924,-0.023411,-0.000037,0.007948,0.088223,0.011930,-0.000013,0.059972,0.031582,-0.025383,-0.068394,0.000727,0.020746,0.050074,0.031477,-0.000007,-0.002780,0.046187,-0.015372,-0.019428,0.001622,0.021324,-0.055280,-0.000763,-0.017417,0.004116,-0.019571,0.063465,-0.001832,0.003580,-0.079396,-0.017648,0.027932,-0.018848,0.017031,0.002000,-0.003756,0.040657,-0.003298,0.002109,0.041143,0.023251,0.000051,0.000459,-0.033966,-0.013629,0.049312,-0.000415,0.003715,-0.023656,-0.003133,0.052386,0.020766,0.000236,-0.094891,0.000019,0.067916,0.004321,0.000850,-0.006538,-0.030952,-0.016289,-0.000183,-0.000015,-0.003204,0.080576,0.000125,-0.002062,0.048386,-0.023918,-0.027817,-0.002679,-0.023771,0.000486,-0.009348,-0.003020,0.007733,-0.068774,0.007878,0.048989,-0.002947,-0.000077,0.007071,0.001859,0.000474,0.020906,-0.000193,-0.000707,0.090128,-0.019457,0.066399,-0.082049,0.004443,-0.005574,-0.007237,0.037629,0.023184,-0.022578,-0.044888,0.000013,0.018234,0.000000,-0.011877,0.021524,0.060979,-0.039358,-0.012724,-0.050629,0.004721,0.041298,0.002729,0.046714,-0.026612,-0.005674,-0.095528,0.022173,0.032513,-0.029457,0.024751,-0.034435,0.066767,0.004573,0.017595,0.047139,0.025057,0.008594,-0.097547,0.039280,0.075189,0.000000,-0.000274,0.009041,0.006924,0.058546,0.007204,0.000912,-0.071875,-0.005687,-0.035416,0.014940,-0.019493,-0.033626,0.015379,-0.004791,-0.010985,-0.074546,-0.084487,0.003748,0.062594,0.000502,-0.051687,0.011437,-0.022263,0.021273,-0.023761,0.000513,-0.000545,-0.022372,0.004285,0.004990,0.000000,0.000166,-0.004321,-0.009903,0.002173,-0.018088,-0.000549,-0.001277,0.017415,0.021500,0.000036,-0.006429,0.086184,-0.001088,-0.093883,0.059750,-0.012972,0.020258,-0.000912,0.000171,0.043344,0.081439,0.030359,0.000483,-0.019105,-0.079406,
0.013062,0.086185,9.263088,0.001898,0.022571,-0.003338,-0.034304,-0.015167,-0.007672,-0.001894,0.052079,0.013638,0.080245,-0.099436,-0.025265,0.009697,0.064570,-0.008835,0.009189,0.048105,0.093723,-0.074128,0.026606,-0.001257,-0.078997,0.036180,-0.056552,-0.001095,0.024424,-0.074509,0.001916,-0.017693,0.017825,-0.000421,0.046606,-0.020593,0.063082,0.001794,0.018229,0.004826,-0.020151,-0.045344,-0.021279,0.001890,-0.046650,-0.051749,0.012430,0.003245,-0.010923,0.020449,0.023327,0.000653,-0.098008,0.046537,-0.065366,0.078353,-0.003792,-0.020174,0.017355,-0.093474,0.000685,-0.053679,-0.001146,-0.057446,0.044723,-0.052194,-0.015262,-0.047656,-0.001094,0.064551,-0.071230,-0.019121,-0.083196,-0.000350,0.000057,0.015898,-0.005999,0.067094,0.030459,-0.033566,-0.005780,-0.090154,-0.029083,-0.039615,-0.000260,-0.051518,0.042241,0.045921,0.002750,0.043901,-0.052601,0.054339,-0.082938,0.046158,0.026526,-0.053265,0.002235,0.042719,0.045378,-0.010817,-0.002904,0.052480,-0.023441,0.014469,-0.026670,0.053622,0.001697,-0.004874,0.045524,0.039276,0.004373,0.000000,0.001530,0.000113,-0.044933,-0.016248,0.028059,0.028606,-0.023321,0.076370,0.060930,-0.000000,0.058219,0.076289,-0.034529,-0.001918,-0.098964,-0.008014,0.047912,-0.009619,-0.081748,0.004361,0.046846,-0.064947,0.000939,0.039052,0.003152,0.009806,-0.013065,0.000000,-0.031825,-0.004380,-0.017637,-0.027288,-0.005965,0.003814,-0.006988,-0.040873,-0.043445,0.002853,0.012735,-0.003818,-0.050991,-0.043454,-0.005974,-0.000331,-0.093745,-0.002929,0.001644,0.070217,-0.019485,0.039541,-0.019409,-0.099641,-0.023849,-0.041578,-0.034060,-0.015417,0.004299,-0.008825,0.000000,-0.016098,-0.039415,0.000545,0.018981,0.005022,-0.022928,-0.005902,0.003674,0.006304,0.005583,0.000684,0.027007,0.009855,0.057561,-0.019152,0.028546,-0.046457,-0.059210,-0.011925,0.093574,-0.000082,-0.003450,-0.029536,-0.000699,0.003817,
-0.097838,-0.068039,0.001898,1.444997,-0.041172,-0.096816,0.027687,-0.025547,0.005620,-0.046300,0.024651,-0.089137,-0.061803,0.001224,-0.015660,0.037705,-0.070585,-0.058123,0.096351,-0.051138,-0.081062,0.000675,0.031768,-0.070543,-0.012392,-0.018134,0.092529,-0.078781,0.000863,0.070431,0.089482,-0.031886,-0.042761,-0.070496,0.018517,0.015862,-0.069192,0.040137,0.022918,-0.061168,0.070870,0.027862,0.087158,-0.026985,-0.085099,0.001739,-0.014663,0.011040,0.011654,-0.055237,0.060468,0.049810,0.024348,-0.031353,-0.025117,-0.097227,-0.071825,0.095817,-0.098433,-0.064258,-0.062282,0.037353,-0.052686,0.033893,-0.042710,0.088609,0.049218,0.001855,0.025153,0.056271,0.014825,-0.016321,-0.087406,0.060551,0.081863,-0.013230,0.031400,-0.039755,-0.074979,-0.050632,-0.092846,0.062032,-0.059108,0.004882,-0.096645,-0.000237,-0.037840,-0.055176,0.013710,-0.021562,0.078708,0.012798,-0.025200,0.063544,0.009860,0.000020,-0.056351,-0.057512,-0.009702,-0.002596,0.022999,-0.014880,-0.020624,0.032711,0.010632,-0.003144,0.016556,0.046348,-0.042967,-0.015154,0.016108,0.000000,0.039244,0.013885,0.020031,-0.049249,0.017515,0.024208,0.001316,0.009195,0.030012,-0.087645,-0.074693,0.089590,-0.037149,0.007619,0.006120,0.028120,-0.049859,-0.036559,-0.013720,-0.062537,0.088944,-0.005134,0.086901,0.014396,0.098739,-0.055937,0.035296,0.000000,-0.049863,0.062915,0.028686,-0.007768,-0.048305,-0.039519,0.034532,0.037318,0.003493,0.050600,-0.034781,-0.028818,-0.072331,-0.011420,-0.014766,0.048437,-0.078635,0.009650,-0.051403,-0.080706,-0.080644,-0.077873,0.015335,-0.010795,0.011109,0.032115,0.013410,0.032717,0.010130,-0.012104,0.000000,-0.004594,0.000856,-0.003414,0.000247,-0.000052,0.005198,0.048287,-0.001541,0.066709,0.027366,0.026810,0.019335,0.002401,0.043977,-0.043494,0.065050,-0.014339,-0.000881,0.000953,0.088591,0.077323,-0.008837,0.010562,0.053311,-0.077988,
0.033361,0.006442,0.022571,-0.041172,66.068858,-0.033852,-0.090747,0.026259,-0.063841,-0.069136,0.070272,0.043307,-0.002424,-0.004348,-0.093457,0.064790,-0.000126,0.000191,0.011855,0.042376,-0.000358,0.011370,0.016356,-0.025129,0.009171,-0.037835,0.019408,0.049778,-0.000127,-0.095767,-0.091208,0.028674,0.013574,0.084553,0.049595,0.003924,-0.046367,-0.017598,0.061487,-0.002077,0.003137,-0.001023,0.006840,-0.045257,-0.007129,-0.005405,-0.027754,0.056026,-0.001738,-0.009014,0.062798,0.056063,-0.081593,0.005108,-0.001560,0.031293,0.023841,-0.000658,-0.000139,0.033717,-0.000985,0.038637,-0.012957,0.000202,-0.095030,0.012411,-0.000552,-0.000000,0.005330,0.002701,0.017150,-0.002005,0.033571,-0.031144,-0.004624,0.007975,-0.006482,-0.049732,0.005263,0.003262,0.023752,-0.009216,-0.007305,0.094495,-0.098467,0.049432,0.049867,0.017818,-0.005554,-0.007408,-0.017428,-0.057615,0.028311,-0.028063,0.009904,0.006113,0.004616,-0.010840,0.019580,-0.053801,0.006007,-0.064845,-0.004195,0.008777,-0.003361,-0.043774,-0.011714,0.036890,0.044805,0.057564,0.061958,0.000000,0.085913,-0.000242,0.068246,-0.013141,-0.000304,-0.088512,0.007475,-0.068553,0.009650,-0.061997,-0.000157,-0.018747,0.047520,-0.002508,0.010671,-0.052366,0.004340,0.054022,-0.022060,-0.019229,-0.037941,0.063035,0.018885,-0.011284,0.007047,0.046837,-0.052860,0.000000,-0.008613,-0.067242,-0.003001,0.039170,0.067486,-0.088830,-0.000010,-0.097342,0.035749,-0.011176,0.009910,-0.021551,0.016486,-0.011600,0.078702,0.048538,0.005291,0.025224,0.070169,0.005520,-0.036446,0.056150,-0.007506,0.096771,0.038011,-0.016086,0.065183,-0.008173,0.002804,-0.081848,0.000000,0.018813,-0.022361,0.012371,0.067687,0.002352,0.000093,-0.058007,-0.002897,-0.000070,0.000061,-0.091739,-0.014810,0.000206,0.037302,0.005562,-0.000211,0.005056,0.014016,-0.002218,-0.026029,0.050165,0.011067,-0.046309,-0.000437,0.022439,
0.034462,-0.000890,-0.003338,-0.096816,-0.033852,30.641016,0.082621,0.066202,0.030416,-0.000505,-0.010036,-0.019582,-0.076008,0.001878,-0.018021,0.069273,0.009720,0.037667,0.050778,0.023760,-0.026125,0.002971,-0.060991,0.015492,0.000651,-0.008163,-0.079136,-0.004507,0.001781,0.041024,0.005715,-0.075428,0.002586,-0.029303,0.013535,0.000194,0.035078,0.073381,-0.078729,0.007691,0.014793,0.092087,-0.094597,-0.071096,0.008727,0.020893,0.005307,0.019313,-0.006423,0.039095,-0.039227,-0.013189,-0.002810,-0.000000,-0.013749,0.054580,-0.007366,0.093379,-0.011999,-0.019907,-0.000766,-0.010461,0.060761,-0.019177,0.067326,0.002751,-0.003661,0.002690,-0.002275,-0.061502,-0.027063,0.000007,0.090131,0.022092,-0.089645,-0.024486,0.026663,-0.044472,0.044113,0.077252,0.062482,-0.075905,0.003472,-0.011723,-0.006545,-0.005662,0.033762,-0.031753,0.021812,-0.002443,0.060319,0.004866,0.025482,0.017744,0.044338,0.000093,0.002728,0.000319,0.050802,-0.034551,0.006346,-0.003214,0.010046,0.009475,-0.033445,-0.081234,-0.036008,0.004208,0.015124,-0.043601,0.009881,0.000000,0.083492,0.055012,-0.038017,0.003379,0.019584,-0.000257,0.007488,-0.040141,-0.001045,-0.026000,0.013158,0.009467,-0.002680,0.003890,-0.030674,-0.026445,-0.001217,0.041994,0.002907,-0.005053,0.040114,0.020730,0.013023,0.078888,0.000287,-0.075913,0.007316,0.000000,0.024473,0.054295,-0.012253,-0.038476,0.030572,0.019778,-0.001136,0.039862,0.091029,0.001471,0.039533,-0.044390,-0.019684,-0.006433,-0.052546,0.016335,-0.009137,-0.008652,0.094137,-0.004884,0.000696,0.001837,-0.052874,-0.025827,0.042217,-0.090315,-0.003347,0.011916,0.005613,-0.008143,0.000000,-0.050337,-0.000025,-0.000223,-0.005065,-0.005309,0.000635,-0.060139,0.001182,-0.023580,-0.091902,-0.075565,-0.060490,0.069839,0.014576,-0.070740,0.004282,-0.000845,-0.000122,-0.016814,-0.010430,-0.006636,0.003174,0.017504,0.010742,0.014984,
0.064599,0.091669,-0.034304,0.027687,-0.090747,0.082621,8.724270,-0.002379,0.038662,0.037282,-0.023126,-0.013832,0.011718,0.057857,0.001669,0.023338,0.007756,0.012896,-0.022843,-0.050926,0.004736,0.042363,0.038395,0.032548,0.006321,0.043189,-0.058928,-0.015633,-0.021935,0.000009,0.092036,-0.016238,-0.001458,0.000492,-0.028951,-0.042196,0.067437,-0.051082,-0.010278,-0.097129,-0.030726,0.003484,0.024791,-0.095944,-0.001231,0.023933,0.032260,0.004410,-0.012337,0.000000,0.077388,-0.068244,-0.011832,0.014454,0.060012,0.011890,0.000176,-0.012517,0.041126,-0.030629,0.046250,0.075706,-0.081017,-0.022416,0.001573,-0.002834,-0.000053,0.055265,-0.001209,0.000000,-0.006915,-0.079655,-0.047241,0.001479,-0.084894,0.079870,0.002933,0.068328,0.000034,-0.008609,-0.017144,-0.018416,-0.060139,-0.038238,0.008557,-0.086785,-0.009360,-0.075110,0.014085,0.056082,0.030602,0.021322,-0.077721,-0.060504,-0.078668,-0.028203,-0.047402,0.024496,0.048942,0.049787,0.012510,-0.006486,-0.003654,0.011516,0.054386,0.005026,0.005083,0.028388,0.037386,0.082005,0.000337,0.000000,0.004079,-0.001421,0.000074,-0.001407,0.075038,0.008913,-0.031061,-0.079079,0.040886,0.014861,0.049966,-0.054438,0.009746,-0.048674,0.002515,0.016307,-0.027974,-0.013302,0.056785,-0.009502,0.012562,-0.047499,0.016109,0.048902,-0.012150,0.025114,0.000174,0.000000,0.016366,-0.077559,0.009856,-0.025028,-0.072756,0.097536,-0.020102,-0.043995,0.004010,-0.005185,0.047798,0.011415,-0.099839,-0.036653,0.009969,-0.006755,0.017464,0.009001,0.064993,-0.063104,-0.054015,0.039703,-0.050469,0.016733,-0.029604,-0.004647,0.022488,-0.008092,0.060535,0.020751,0.000000,-0.002100,-0.038806,0.037044,-0.000369,0.069623,0.022048,-0.022759,0.009329,0.025604,-0.016935,-0.006580,-0.044986,-0.023711,-0.010883,-0.013003,0.063645,0.031843,0.005544,0.029265,0.010217,-0.000100,0.043170,0.000140,-0.003581,0.071895,
-0.045526,0.012253,-0.015167,-0.025547,0.026259,0.066202,-0.002379,0.361976,0.018217,0.039405,-0.066108,-0.003613,0.084465,-0.015344,-0.033418,0.027650,0.008098,-0.015954,0.001798,-0.048637,0.008590,-0.044076,-0.069960,-0.020667,0.018476,0.038280,-0.006937,0.098599,-0.000779,0.039164,0.009387,0.048208,-0.070883,-0.018404,0.070321,-0.001150,0.054021,0.044106,-0.025285,0.021150,0.043259,0.051055,-0.024902,0.017188,0.057780,0.083685,0.008924,0.053748,0.095599,-0.025567,-0.000013,0.021800,-0.013100,0.016268,0.032814,0.021493,0.039305,0.030053,-0.070962,0.023872,0.042459,0.046115,0.078729,-0.012118,-0.061849,-0.074598,-0.032681,-0.004660,0.013225,-0.004453,-0.018532,-0.039009,0.028823,0.016648,0.048154,-0.017871,0.012519,-0.001996,-0.014730,0.003246,0.081774,0.033137,-0.040605,-0.001190,-0.042672,0.002356,0.016883,0.038202,0.011641,0.002545,0.000384,-0.002703,0.009000,0.068021,0.035958,-0.008378,0.026847,-0.006819,0.012241,-0.045007,0.064416,-0.054435,-0.050367,0.028660,0.081151,-0.073361,-0.029483,0.018162,0.010606,-0.003136,-0.014684,0.000000,-0.023561,0.003229,-0.012110,-0.028190,0.035519,-0.047941,-0.020409,0.055282,-0.085512,-0.021962,0.009895,-0.021714,-0.034425,0.019823,0.025353,-0.012011,-0.031987,-0.029388,-0.087222,0.040191,-0.050182,0.029463,0.014791,-0.022135,0.008066,0.044755,-0.004031,0.000000,-0.019795,0.018497,0.004052,0.000917,-0.011038,-0.013429,-0.006407,-0.004279,-0.042259,0.016790,0.019919,-0.029952,0.033490,-0.040193,0.050206,-0.035214,-0.073514,-0.020435,0.018987,-0.003774,0.064848,-0.051441,0.001477,0.049378,0.005526,-0.017237,0.001721,0.032527,-0.004670,-0.005192,0.000000,-0.001275,-0.018493,-0.073190,-0.001433,-0.003337,0.036615,0.056838,0.005478,-0.029931,0.016124,0.001323,-0.000117,0.018471,-0.030332,0.032670,-0.022922,0.045618,-0.072512,-0.011368,-0.019385,0.069194,-0.030522,-0.029002,-0.029796,-0.068382,
0.014488,-0.098936,-0.007672,0.005620,-0.063841,0.030416,0.038662,0.018217,74.817096,0.000007,-0.001423,0.014238,-0.000924,-0.094118,-0.058093,-0.013307,-0.019333,0.025825,0.007575,-0.018852,-0.003239,-0.002906,-0.056754,-0.011301,0.010054,-0.001473,-0.073690,0.085728,0.000768,-0.001210,0.001542,0.018897,0.030999,0.003541,0.004681,-0.015936,-0.002021,0.000767,-0.031342,-0.009034,-0.003623,-0.010240,-0.018206,-0.012564,0.020433,0.002156,-0.010022,-0.020124,0.001290,0.010569,-0.059831,-0.033188,0.002675,-0.000578,-0.053912,0.037930,-0.002930,-0.000099,-0.000992,-0.000664,-0.008794,-0.000015,0.012826,-0.003348,0.026002,0.045185,0.004508,0.035225,-0.001001,0.009113,0.041204,0.005780,0.002096,0.018089,0.085825,0.008683,-0.015207,0.027995,0.006253,0.024233,-0.000024,0.001155,-0.091884,0.002346,-0.012273,0.002435,0.059421,-0.007013,-0.008175,0.001921,-0.059088,0.021553,-0.004825,-0.003908,-0.003471,-0.003782,0.031018,-0.053549,-0.059829,-0.074960,-0.020372,-0.019873,0.024845,0.013715,0.000009,0.074037,0.021219,-0.026704,0.017701,0.019642,-0.078298,0.000000,0.024801,-0.001797,-0.001126,0.070654,-0.032475,-0.042964,0.000855,-0.001625,0.001020,0.010749,0.051431,0.033326,0.015489,0.003751,0.014671,-0.030964,0.000204,0.001520,0.096646,-0.033868,0.075006,-0.009131,-0.039760,-0.003071,0.001965,-0.000844,-0.014828,0.000000,0.052682,-0.002654,0.092908,0.000548,0.009328,-0.089601,0.000895,0.057596,-0.021878,0.011815,0.010568,-0.006836,-0.000254,0.001894,-0.051304,-0.044572,0.003880,-0.023657,-0.021783,0.009677,0.007796,0.030046,0.043788,-0.026430,-0.021105,-0.004897,-0.000450,-0.039118,0.018378,-0.001856,0.000000,-0.000776,0.013005,0.028014,-0.006507,-0.072226,-0.010372,0.000320,-0.082984,-0.025057,-0.000409,-0.022535,0.011985,0.081113,0.001444,-0.000507,-0.058169,0.094487,0.002799,0.000468,-0.009336,0.000094,-0.000149,0.000678,-0.005706,0.022776,
-0.030200,-0.027617,-0.001894,-0.046300,-0.069136,-0.000505,0.037282,0.039405,0.000007,732.029757,0.008811,0.008437,-0.008592,-0.002002,0.025099,-0.008038,0.000617,0.021793,0.030571,0.030817,-0.000584,0.031679,0.053137,0.037348,-0.016694,0.021164,0.007291,0.054562,-0.003418,0.000100,-0.001519,-0.056035,0.013460,0.045944,-0.062512,-0.003574,0.034099,-0.000357,0.028214,0.017790,0.001615,-0.000267,-0.005878,0.004804,-0.000689,-0.003828,-0.011033,-0.052206,0.001537,-0.003634,-0.010441,-0.069567,-0.002977,-0.038936,0.006556,0.085696,-0.000440,-0.000656,0.000213,0.021918,0.003409,-0.031369,-0.047753,0.011396,-0.031222,0.002067,-0.023886,0.011955,-0.020305,0.041563,0.095765,-0.019135,-0.053567,-0.080854,0.012816,-0.004869,0.028142,-0.008149,0.048071,0.052168,0.045355,0.006327,-0.007248,-0.071034,0.037953,0.002107,-0.009585,0.041962,-0.017541,0.012428,0.044789,0.001985,0.023144,0.016527,-0.018452,-0.016554,-0.018760,-0.004820,0.094743,0.009425,-0.000087,0.097831,0.015400,0.000023,-0.000017,-0.030252,-0.035326,0.012134,-0.046306,0.042267,-0.061589,0.000000,-0.091791,-0.009394,-0.016772,-0.014591,0.024086,0.001244,0.086108,-0.052258,0.004173,-0.076895,0.006044,0.006568,-0.004009,-0.000778,-0.078236,0.060415,0.067607,-0.005356,-0.045314,-0.069978,-0.010775,0.009284,0.007504,-0.014259,-0.004214,0.041299,0.011613,0.000000,0.076891,-0.031451,-0.000008,0.000102,0.074969,-0.018849,0.048086,-0.004793,0.013506,0.045026,-0.032348,0.031090,-0.070943,-0.001217,0.004284,-0.033740,0.027304,-0.099552,0.018966,-0.005410,-0.014338,0.023956,-0.033141,-0.096500,0.031168,0.095106,0.027609,-0.005693,-0.025802,-0.001682,0.000000,0.036592,0.068803,0.002331,0.002014,0.049536,0.009131,-0.050478,-0.003466,0.027264,0.000274,0.005023,0.089123,-0.001852,-0.000005,0.000918,-0.036319,-0.046703,-0.044856,-0.000019,-0.002873,-0.031812,-0.074338,0.000002,0.084132,0.003156,
0.015487,0.059924,0.052079,0.024651,0.070272,-0.010036,-0.023126,-0.066108,-0.001423,0.008811,0.394375,-0.028359,-0.058267,0.002980,0.019615,0.020304,-0.022920,0.019982,-0.024712,0.074880,-0.001397,0.080537,0.000035,0.074469,-0.055701,-0.002806,-0.028794,-0.028622,-0.014717,-0.003836,-0.001435,0.070972,-0.011113,-0.050590,-0.005555,-0.008443,-0.020466,-0.004331,0.077183,0.023862,0.011869,-0.032480,0.016058,0.059120,-0.015500,0.013234,-0.086996,0.078453,-0.000645,0.000229,0.016581,-0.025497,-0.069091,-0.065018,-0.033783,0.002059,0.087522,-0.000008,-0.037365,0.000340,-0.043983,0.017420,0.042795,-0.010018,0.001820,-0.015375,-0.087907,0.005301,0.020851,0.018864,0.012961,-0.022270,-0.035099,0.014262,-0.017955,0.016551,-0.054225,0.012581,0.023655,-0.008886,0.025179,-0.050021,-0.041440,-0.011804,0.052275,-0.080341,-0.012171,0.079717,-0.073548,0.001986,0.028035,0.005173,-0.028413,0.015354,-0.068274,0.047090,-0.060325,-0.021404,-0.009369,0.001094,-0.008709,0.006552,-0.000479,-0.013661,-0.003164,-0.018383,-0.047454,0.016976,0.021360,-0.071200,0.043133,0.000000,0.028213,-0.064965,0.022406,0.013371,0.008980,-0.031999,-0.006702,-0.032288,-0.000000,-0.001094,0.064164,0.004473,0.016852,0.026233,-0.049596,0.003551,-0.008907,-0.089868,0.011817,0.001808,0.014449,-0.088069,0.022781,0.006285,0.011288,-0.009385,0.004538,0.000000,0.012219,0.037260,0.015485,0.003874,0.053436,-0.065294,-0.002674,-0.012491,0.012556,0.064303,0.039337,-0.015704,0.020642,0.076219,0.033452,-0.019258,0.087401,-0.005583,-0.000487,0.010942,0.015262,-0.067782,0.005971,0.006288,-0.053550,0.008167,0.032934,0.045145,-0.048996,0.012981,0.000000,0.007944,-0.049052,-0.007239,0.011215,0.011476,-0.039360,-0.014894,-0.003954,-0.088313,0.029119,-0.042404,-0.035565,-0.030590,-0.046980,0.055914,0.011690,0.071821,-0.027735,0.007004,0.099728,0.073779,0.050403,0.007981,0.094353,0.005638,
0.067029,-0.023411,0.013638,-0.089137,0.043307,-0.019582,-0.013832,-0.003613,0.014238,0.008437,-0.028359,0.175162,-0.018526,-0.023322,-0.014501,0.018821,0.062048,0.000415,0.042031,-0.058301,-0.002159,-0.054181,-0.013353,0.054285,0.023640,0.031240,0.057541,0.016367,0.051629,-0.018885,-0.031822,-0.001696,0.027984,0.059165,0.003273,-0.005839,0.011977,-0.009751,-0.031957,0.010200,-0.023202,0.054340,-0.029251,0.026601,-0.003738,0.032092,0.030690,0.083939,0.046845,-0.022716,-0.017854,-0.019008,0.009179,-0.035167,0.018239,0.027923,0.001184,-0.035208,0.065647,0.005392,-0.025829,-0.031783,0.019468,-0.002405,-0.074817,-0.069293,0.003902,-0.001613,0.010460,-0.018721,0.030640,0.021603,0.013480,0.066311,-0.037500,0.048221,-0.013927,-0.063683,-0.010824,0.030761,-0.057029,-0.070734,-0.012626,0.004403,-0.008973,0.058756,-0.032687,0.005459,0.002038,-0.015268,-0.011183,-0.002195,-0.018515,-0.022774,-0.039779,-0.006065,0.064634,0.006439,0.058105,0.000471,-0.048575,0.005478,0.031883,0.007750,-0.040867,0.021936,-0.056964,0.026355,0.012477,-0.017921,-0.003320,0.000000,0.009007,0.012745,0.072171,-0.010560,0.079043,-0.029391,-0.001159,-0.012869,0.001176,-0.029908,-0.022579,0.002744,-0.017592,0.012536,-0.094126,-0.052803,0.064699,0.000008,-0.016569,0.018308,0.013113,0.011173,-0.006196,-0.004408,-0.006433,0.002235,0.002202,0.000000,0.005597,-0.006042,-0.001847,-0.000663,-0.002849,-0.001957,-0.000582,-0.016056,-0.010820,-0.082394,-0.043414,-0.022678,-0.032218,0.043440,-0.047791,0.039068,0.051975,-0.071203,0.036911,-0.011590,-0.041736,-0.054892,-0.004637,0.000585,0.002844,-0.006467,-0.040986,0.004466,0.000613,0.002545,0.000000,0.000632,0.003116,0.010958,-0.004240,0.000334,-0.041145,-0.061823,-0.007070,-0.060090,-0.099551,0.017025,0.013119,-0.002475,-0.019495,-0.018872,-0.007397,0.005594,0.052017,0.012228,-0.019215,-0.070552,0.006814,-0.014915,0.012540,0.060113,
-0.005196,-0.000037,0.080245,-0.061803,-0.002424,-0.076008,0.011718,0.084465,-0.000924,-0.008592,-0.058267,-0.018526,231.908273,0.077037,-0.039696,-0.006141,0.000101,0.002177,0.034902,0.000010,0.000884,0.054944,-0.053957,0.075570,-0.008334,0.003669,-0.017956,-0.004567,0.045602,0.005518,0.017923,0.042751,0.041319,-0.029675,-0.062038,0.011097,-0.039150,-0.017404,0.004099,-0.058126,0.000650,-0.006658,0.051472,-0.001230,0.020021,-0.018120,-0.003136,0.000666,0.068059,-0.001526,-0.010274,-0.054334,-0.013648,-0.000236,0.040979,0.016613,-0.006815,0.008239,0.081149,0.025052,-0.004251,-0.008795,-0.000009,0.008294,-0.005916,0.066823,-0.010550,0.000679,0.000656,-0.001738,0.000563,0.002126,-0.000351,-0.000810,-0.010840,-0.016925,0.016576,-0.022968,-0.013259,-0.046813,-0.003828,0.033544,0.046716,0.000627,-0.008747,0.000113,-0.045902,-0.034844,0.005139,0.075973,0.072075,0.000047,0.000030,-0.014470,0.000837,0.009918,0.009114,0.000938,-0.097559,-0.095515,0.045158,-0.051262,-0.079494,-0.010336,0.029490,0.010089,0.071399,-0.014123,0.037326,-0.000154,0.007342,0.000000,0.047946,-0.005117,0.014068,-0.000417,0.032123,0.037227,-0.005681,-0.003292,-0.006221,-0.062825,0.064002,0.040398,-0.000532,-0.021419,-0.074609,0.052434,0.000056,0.000030,0.002279,-0.029971,0.018781,0.053978,0.020199,-0.012672,0.069869,-0.048638,0.000141,0.000000,0.013839,-0.011102,0.007256,0.012563,0.098299,-0.054816,-0.001088,0.012128,0.036206,-0.001695,0.070260,0.078411,0.003021,0.005600,-0.074107,-0.077859,-0.045927,-0.000051,0.055182,-0.025716,-0.016711,-0.026256,-0.052022,0.028074,-0.008201,0.018044,0.080877,-0.041375,0.023505,0.095682,0.000000,0.084068,-0.012638,0.027913,-0.000471,0.085401,0.001687,0.009520,0.034790,-0.008072,-0.024665,0.073372,0.014034,0.018885,-0.000108,-0.000219,0.007601,-0.003139,0.007318,0.001222,0.014406,0.023032,0.041159,0.000013,-0.081730,0.047582,
-0.003006,0.007948,-0.099436,0.001224,-0.004348,0.001878,0.057857,-0.015344,-0.094118,-0.002002,0.002980,-0.023322,0.077037,8.410210,0.044734,0.006693,0.018745,-0.016719,0.026350,0.016726,0.049768,0.085613,-0.012860,0.015205,-0.075632,0.026058,0.004534,0.048707,-0.026569,0.010734,0.068603,-0.029534,0.098936,-0.002507,-0.002796,0.047307,-0.053193,-0.011770,0.044843,-0.000864,0.056483,-0.007018,-0.095306,0.004306,0.052389,-0.023658,-0.009450,-0.024532,-0.005988,-0.023714,-0.003069,-0.030551,-0.064569,-0.000777,-0.015619,0.062537,-0.012522,-0.082868,-0.055757,-0.001332,-0.021684,-0.024487,0.020336,-0.026913,-0.004226,-0.020104,-0.024333,-0.004099,-0.014486,0.007008,0.033294,-0.094019,-0.024547,-0.018894,-0.065585,0.074186,-0.000736,-0.095508,-0.062419,-0.022062,-0.001471,-0.087359,-0.031536,-0.057263,-0.075716,-0.004884,-0.012695,0.024833,0.005518,-0.025585,-0.003415,-0.042511,0.054865,-0.000431,0.052291,-0.006354,0.014099,-0.022372,0.028408,0.015661,0.018569,0.036409,0.006277,0.055212,-0.055977,-0.048224,-0.002937,0.016913,0.006136,-0.077718,-0.004206,0.000000,-0.000091,-0.070540,0.001553,-0.008635,-0.001600,0.005044,-0.016570,0.013475,0.012082,0.046907,-0.000000,0.050085,0.014157,-0.021797,0.064928,-0.072181,-0.032758,-0.038921,-0.061713,-0.004144,-0.015645,-0.004753,0.050701,0.075068,0.022281,0.007737,-0.006715,0.000000,0.012363,0.070356,0.080256,0.019718,0.076437,-0.045314,0.002141,-0.065578,0.002895,0.064382,0.010634,-0.023885,-0.052574,-0.019283,0.015217,0.084775,-0.069607,0.003092,-0.087470,0.040294,0.012647,-0.030771,-0.062766,0.084289,0.039719,-0.054802,0.037044,-0.079105,0.000512,0.057867,0.000000,0.003473,0.027748,0.034767,0.009391,-0.056649,-0.017408,-0.036412,0.048639,-0.000734,-0.057332,0.087636,0.000286,0.011847,-0.063439,0.063339,0.001836,0.009531,0.051071,0.013412,-0.000736,-0.005645,0.023203,-0.012254,-0.000582,0.001802,
-0.055477,0.088223,-0.025265,-0.015660,-0.093457,-0.018021,0.001669,-0.033418,-0.058093,0.025099,0.019615,-0.014501,-0.039696,0.044734,5.475889,-0.082463,0.032177,-0.000441,-0.057181,0.006763,-0.034752,0.092004,0.009234,0.003647,-0.057405,0.059185,-0.027618,0.005992,0.065221,0.008048,-0.014915,0.001170,-0.008177,-0.000386,-0.005876,0.036968,-0.017536,0.047146,-0.067023,0.008769,-0.010381,0.000556,-0.003287,0.001678,-0.021707,0.099558,-0.021004,0.064706,-0.008581,0.009601,0.038899,-0.035922,-0.028487,0.060250,0.003892,-0.003727,-0.039792,0.007089,0.037206,-0.000164,-0.006835,0.007460,0.037729,0.026457,-0.068229,-0.029598,-0.008168,-0.013457,0.062860,-0.000807,0.021840,-0.080973,-0.089251,0.040574,-0.012140,0.049435,0.025872,0.023422,0.019263,-0.005429,-0.051098,-0.028803,0.055540,0.020319,-0.017361,0.002918,-0.055125,-0.052524,-0.047949,0.079337,-0.006638,-0.036041,-0.007425,-0.043451,-0.008643,-0.007919,-0.040245,-0.062937,0.013331,0.063328,0.090018,-0.093845,-0.009183,0.000478,-0.002544,0.005605,0.057221,0.035397,0.005959,-0.011936,-0.009932,0.000000,-0.017699,-0.061503,-0.030486,0.006532,0.044473,-0.000705,-0.068722,-0.024691,0.010496,-0.002336,-0.019604,0.077684,-0.006802,-0.016971,0.014943,-0.008710,-0.046584,-0.016556,0.098841,0.035040,-0.019816,0.032596,0.036871,-0.072539,0.085652,-0.061008,0.057152,0.000000,0.043581,0.084916,-0.045065,0.012188,-0.095342,0.048783,0.056898,-0.072166,0.001142,-0.002051,-0.012917,-0.078093,-0.001301,0.004751,-0.082541,-0.046154,-0.082462,-0.072670,0.009973,0.016715,0.012510,-0.011944,-0.006316,0.083838,0.069659,-0.051346,0.042877,0.059863,0.079130,0.008448,0.000000,-0.004437,0.069019,-0.004246,0.063015,-0.026991,0.013295,0.026650,0.097455,-0.000505,0.006701,0.092354,-0.014513,0.012287,-0.071918,0.058779,-0.012100,0.074495,0.025949,-0.045116,0.049010,0.000020,0.000108,-0.015534,-0.029504,0.001534,
0.067844,0.011930,0.009697,0.037705,0.064790,0.069273,0.023338,0.027650,-0.013307,-0.008038,0.020304,0.018821,-0.006141,0.006693,-0.082463,0.293492,0.026100,0.013189,-0.024486,-0.053388,0.043247,-0.016738,-0.050691,-0.000000,0.002717,-0.066672,-0.057177,0.024177,-0.009040,-0.038020,-0.024260,-0.015390,-0.007910,0.068611,-0.043052,-0.016927,0.012948,-0.022110,-0.029725,-0.028066,-0.047610,-0.026083,0.043502,0.002477,0.026346,-0.010394,0.024091,0.014858,0.012223,-0.026537,0.033465,0.070748,0.039905,0.057043,0.003792,-0.009438,0.036128,0.038765,0.041406,-0.033261,-0.084805,-0.049152,0.000544,-0.007173,0.032300,0.016386,-0.054905,-0.016178,-0.072468,0.065617,-0.020060,-0.052295,-0.009293,0.070664,-0.013098,0.036040,-0.037561,-0.026836,0.000621,0.053380,0.062599,-0.043082,-0.043815,-0.005319,0.023651,-0.024221,-0.009207,0.020914,-0.073539,0.006585,-0.013040,-0.002832,-0.024264,0.095331,-0.053573,-0.008895,0.028184,-0.012314,0.019254,-0.011796,0.028290,0.015198,0.024818,0.037369,-0.019148,0.061190,0.046467,0.044787,-0.012752,-0.036293,-0.037077,0.000000,0.017437,0.006106,0.027507,0.013660,-0.028804,0.019435,-0.011920,0.007062,0.003874,0.009201,0.033690,0.001079,-0.061866,-0.009785,0.021775,0.058934,-0.086717,-0.075349,0.035591,0.014557,-0.076563,-0.011200,-0.062301,-0.011093,0.002729,0.012402,0.006146,0.000000,0.023215,0.006577,0.003319,0.001913,0.037936,-0.021224,0.006184,0.053855,0.024164,0.080104,-0.017333,-0.041753,0.059786,0.023343,0.024994,-0.013839,-0.075908,0.045811,-0.011746,0.071799,-0.086549,0.005792,-0.012358,0.013074,0.015013,0.047824,-0.022051,0.014601,-0.000163,0.007396,0.000000,0.002735,-0.019983,-0.059812,-0.008480,0.011765,-0.037629,0.047221,-0.001999,-0.076604,0.038741,-0.012125,0.009176,-0.026324,-0.041065,0.002994,0.017434,0.033348,-0.044971,-0.027525,-0.058482,-0.000469,-0.036022,0.051547,0.001472,0.004786,
-0.074698,-0.000013,0.064570,-0.070585,-0.000126,0.009720,0.007756,0.008098,-0.019333,0.000617,-0.022920,0.062048,0.000101,0.018745,0.032177,0.026100,153.527300,-0.022468,-0.004500,-0.017176,-0.072189,0.000184,0.051159,0.003869,-0.017454,-0.030890,0.056192,0.025991,0.050317,0.020231,0.000379,-0.022066,0.010424,0.007191,-0.001578,0.003755,0.018138,0.000450,-0.049609,0.007205,0.063294,0.082573,-0.001341,-0.000106,0.022565,0.000164,-0.056111,-0.045838,0.024811,-0.042798,0.001163,0.033470,-0.000036,0.000928,0.013711,0.059571,0.060595,-0.000824,0.012540,-0.000290,0.001529,0.055868,0.026967,-0.000792,0.061610,0.001475,0.051617,-0.006337,-0.007858,0.001129,0.014137,0.001617,0.010363,0.089359,0.005700,-0.032654,-0.001535,0.011130,-0.029826,0.056309,0.071788,0.059687,-0.002396,-0.000220,0.002246,0.036691,-0.035360,-0.067244,-0.053150,-0.043600,0.073577,-0.047335,0.008344,-0.097753,-0.050363,0.005283,0.048017,-0.000746,0.038328,0.089887,0.004761,0.068208,-0.002132,0.011635,-0.020002,-0.068121,0.068155,0.026487,-0.028286,-0.044425,-0.000043,0.000000,-0.007184,-0.013111,0.022092,-0.000935,0.000107,0.033787,-0.001183,-0.061538,0.000502,0.030769,0.032495,-0.065523,0.001219,0.018791,-0.050328,0.001038,-0.015094,0.000110,-0.020318,-0.088745,-0.046768,-0.001810,-0.010765,-0.092043,0.031915,-0.009867,-0.018474,0.000000,0.077488,-0.007186,-0.000682,-0.095893,0.073717,0.000045,-0.011261,-0.051719,0.056766,0.018972,-0.011774,0.003050,0.002481,0.029300,0.001474,-0.002147,-0.000510,0.000695,0.059630,0.021624,0.070465,-0.019875,0.010570,0.080827,0.000453,0.030676,-0.097745,-0.038889,0.012099,-0.048042,0.000000,-0.034100,0.063893,0.042648,-0.001537,0.095693,0.001800,-0.093434,0.008719,0.092939,0.003866,-0.047881,0.007024,-0.002959,0.004343,0.007675,0.000463,-0.001385,0.005773,-0.010603,-0.036316,-0.012472,-0.045830,-0.017855,-0.002308,-0.000462,
-0.029281,0.059972,-0.008835,-0.058123,0.000191,0.037667,0.012896,-0.015954,0.025825,0.021793,0.019982,0.000415,0.002177,-0.016719,-0.000441,0.013189,-0.022468,4385.291223,-0.038180,0.056284,0.000014,-0.006616,-0.010997,-0.001107,0.031163,0.000851,-0.092108,-0.030566,-0.000445,0.052317,-0.056954,-0.007030,0.013605,-0.010865,-0.027210,0.004491,-0.078958,0.000026,0.006792,0.082979,0.001550,0.095842,-0.008744,-0.040218,-0.033400,0.028519,-0.028215,-0.007635,-0.000006,-0.009738,-0.000574,0.024424,0.032070,0.007706,-0.003232,-0.023048,0.001077,0.000003,-0.079139,0.000568,-0.022061,-0.041539,0.002103,0.000196,-0.028770,0.000438,0.044578,-0.010341,0.055613,-0.022407,-0.005623,0.076058,0.012591,0.001411,0.003317,0.018775,-0.015414,-0.001168,0.053689,0.016692,-0.006483,-0.046849,-0.006143,0.001568,-0.010077,0.001985,-0.006097,0.014335,-0.057294,0.044130,-0.044284,0.000568,-0.000031,0.006054,0.060192,-0.012281,0.000565,0.021680,0.001827,-0.004080,-0.027538,0.057431,0.001105,-0.005758,0.003722,-0.002014,0.019364,0.010037,-0.000055,-0.034211,-0.044050,0.000000,-0.023998,-0.056056,-0.030728,0.011575,0.000011,-0.060308,0.004052,0.047585,-0.000354,0.040729,0.079416,-0.008603,-0.098735,0.025687,-0.003412,0.020596,-0.000577,0.060763,-0.044550,0.003508,0.062774,0.069472,-0.000244,-0.009310,-0.008757,0.080612,-0.000135,0.000000,-0.011703,-0.057614,-0.010344,0.034201,-0.071043,-0.058198,0.061853,-0.080774,-0.034005,-0.058206,-0.021628,-0.036563,0.000021,0.061624,-0.021095,-0.037517,-0.096987,-0.000578,-0.056946,0.022065,0.019784,-0.067314,-0.019240,-0.068018,0.043617,-0.015132,-0.006526,0.086700,0.015980,0.001705,0.000000,-0.000044,0.029815,-0.017126,-0.003304,-0.012611,-0.047290,-0.000301,-0.022250,-0.053146,0.001295,-0.014438,0.023066,-0.094625,-0.097892,0.043091,-0.078832,-0.004436,0.000065,-0.004986,-0.035034,0.028968,0.005562,-0.000279,-0.004386,-0.000954,
0.015628,0.031582,0.009189,0.096351,0.011855,0.050778,-0.022843,0.001798,0.007575,0.030571,-0.024712,0.042031,0.034902,0.026350,-0.057181,-0.024486,-0.004500,-0.038180,10.613435,0.035582,-0.077401,0.063264,-0.040731,0.002592,-0.043665,-0.061982,-0.002089,0.035399,-0.015961,0.000284,-0.065664,0.005531,0.054422,0.058358,-0.017967,-0.002685,0.009422,0.086413,0.001553,-0.011762,-0.001002,0.025293,-0.003053,-0.011820,0.010598,0.014149,0.029085,-0.067199,-0.000330,-0.015096,0.069201,0.098585,-0.012821,0.063711,0.017491,-0.089847,-0.049730,-0.052875,-0.000862,0.000333,-0.072230,0.020324,-0.055671,0.040705,-0.070602,0.075993,0.025666,0.062588,-0.084230,0.000836,0.007607,-0.002533,-0.059325,0.056611,0.051636,0.059826,0.069346,-0.000385,-0.021757,-0.035496,0.069940,-0.099565,-0.021722,-0.010045,0.072896,-0.028902,-0.069671,-0.006517,0.035293,-0.050335,0.025557,-0.068007,0.023102,-0.052018,-0.074517,0.007076,0.095987,-0.014712,0.074279,0.065359,0.036317,0.056838,0.033927,0.058770,-0.002084,-0.000647,-0.055859,-0.020073,0.023288,0.017391,0.001197,0.000000,0.013637,0.006989,0.004105,-0.057979,0.006912,-0.001926,-0.007507,0.047103,-0.001282,-0.083837,-0.002779,-0.014272,-0.004488,-0.026201,-0.033832,0.013519,-0.025497,-0.014796,-0.034066,-0.009982,0.092985,-0.060591,0.016511,-0.006386,0.002527,-0.056466,0.024623,0.000000,0.031124,-0.000924,-0.001283,-0.034566,0.055778,-0.067904,-0.034033,-0.028200,0.077544,0.010535,0.040847,0.001860,-0.021101,-0.050301,-0.002692,-0.004082,0.028521,0.044427,0.004484,0.051745,-0.028723,-0.000163,0.034879,-0.018723,-0.002930,0.007920,-0.049009,0.010160,0.011527,0.053198,0.000000,0.005769,0.017496,-0.048471,-0.023614,-0.039448,0.001514,-0.008906,-0.098516,0.071899,0.006328,0.002660,-0.000826,0.084451,0.059820,0.065100,0.055354,-0.040152,-0.023716,-0.002903,-0.039817,0.080731,-0.062251,0.030217,-0.015694,0.017297,
0.014188,-0.025383,0.048105,-0.051138,0.042376,0.023760,-0.050926,-0.048637,-0.018852,0.030817,0.074880,-0.058301,0.000010,0.016726,0.006763,-0.053388,-0.017176,0.056284,0.035582,4.961508,-0.021974,-0.019253,0.024098,-0.001240,0.014483,0.027338,0.061998,0.042772,-0.039360,0.000000,-0.077917,0.030864,-0.046944,0.008503,-0.038261,0.019829,-0.001307,0.031265,0.014386,0.070029,0.003517,-0.036069,0.053502,-0.045325,-0.000389,0.080291,0.015789,-0.027202,0.054088,-0.056876,0.020180,0.044523,-0.027697,-0.015730,0.010346,0.053273,-0.050957,-0.012247,-0.035337,-0.030307,0.038783,0.061777,0.000032,-0.001827,0.001876,0.020707,0.027728,-0.050920,0.001947,-0.057928,-0.001597,0.005800,-0.006842,0.094754,-0.048100,0.008992,-0.001299,-0.003617,0.029945,0.062173,0.057504,-0.013912,-0.044216,0.054485,-0.051159,-0.024939,-0.001326,-0.079996,-0.013944,-0.080439,-0.064474,-0.014273,-0.050329,-0.044896,-0.007842,-0.001831,0.026959,-0.021362,-0.003441,0.091108,0.010100,0.012028,0.003966,-0.082350,-0.018776,0.023076,-0.047321,0.011285,-0.045219,0.051026,-0.079905,0.000000,0.017777,-0.030260,0.041401,0.035483,-0.012152,0.000486,0.038170,0.000228,0.046922,0.071164,-0.079208,0.043932,-0.001413,0.077642,-0.071861,0.071431,0.086495,0.061566,0.030749,-0.051272,-0.004269,0.034108,0.000625,0.021115,-0.013235,0.005901,0.053577,0.000000,-0.005439,0.029404,-0.058621,-0.009881,-0.015209,0.068983,0.039845,0.058618,0.016053,-0.039064,-0.005651,-0.044901,0.005866,0.051794,0.026622,0.058382,0.062085,-0.044768,-0.093407,0.072588,-0.042585,-0.042589,-0.053562,0.008829,0.029334,0.000381,0.039386,-0.010265,0.051505,0.020787,0.000000,-0.008245,0.078750,-0.003900,-0.059749,0.034129,0.038148,0.045974,-0.089479,-0.008211,0.049558,-0.093152,-0.098182,0.000781,-0.013490,0.000000,-0.028909,0.036443,-0.087333,-0.011816,-0.095017,0.027364,0.057386,0.023021,0.078175,0.045999,
-0.000059,-0.068394,0.093723,-0.081062,-0.000358,-0.026125,0.004736,0.008590,-0.003239,-0.000584,-0.001397,-0.002159,0.000884,0.049768,-0.034752,0.043247,-0.072189,0.000014,-0.077401,-0.021974,534.788959,0.046152,-0.031098,-0.005807,0.000155,-0.033208,-0.002743,0.049725,-0.014811,0.000110,-0.000007,0.017935,-0.002548,-0.000171,-0.040307,0.004823,0.062380,-0.073852,0.024713,0.012468,0.000455,-0.060609,-0.042927,-0.019613,0.062709,0.000149,-0.007942,-0.020655,0.042658,-0.003856,-0.002856,0.041359,0.000037,-0.037906,-0.047940,-0.031230,0.045236,0.003897,0.007101,-0.098655,-0.077385,0.090380,-0.031355,0.026380,0.001467,-0.000339,0.022133,0.012263,0.017751,-0.002348,0.002467,-0.049167,-0.031979,0.070003,-0.000072,-0.059188,0.028146,0.055452,-0.077297,-0.068213,-0.008634,0.004405,-0.039743,0.087112,0.031717,0.006159,-0.032121,0.042190,0.077858,-0.063617,-0.019773,-0.000154,-0.000987,-0.014468,0.079214,0.009412,0.049890,-0.000109,0.025670,-0.053296,-0.024275,-0.059663,0.000057,0.066935,0.001298,-0.018287,-0.089282,0.056307,0.040024,0.069841,-0.065793,0.000000,0.002946,-0.025498,0.008726,-0.025596,-0.049983,0.062742,0.006242,0.048257,-0.000233,-0.067872,0.048587,0.095317,-0.050088,-0.008536,-0.042211,-0.086789,0.000044,0.089011,-0.052937,-0.069038,-0.028354,0.001852,-0.005759,0.017184,0.001082,0.088206,-0.018733,0.000000,0.029274,-0.005310,0.004455,0.000053,0.056874,0.059282,-0.014652,-0.008040,-0.037620,0.030878,-0.059553,0.035589,0.007121,-0.071840,-0.042953,0.010589,-0.043760,0.018910,-0.096607,-0.031400,-0.018335,0.035752,0.022894,-0.086765,-0.000195,-0.006999,0.079220,0.044751,0.025788,0.014142,0.000000,0.019622,-0.025707,0.095447,0.000875,-0.026674,0.059423,0.026175,-0.006600,-0.008961,0.015476,0.024986,-0.007233,-0.000207,-0.002870,0.024851,-0.006628,0.026129,0.082591,-0.001568,0.051762,-0.059063,0.000018,0.074973,-0.004776,0.053803,
