14491.023714,-0.012465,-0.032541,0.091981,-0.000098,-0.081493,0.095811,0.022630,0.018814,0.011961,0.000384,0.000000,0.000056,-0.082033,-0.013082,-0.006440,0.004395,-0.002094,0.014333,-0.000321,0.048864,-0.000073,0.000841,0.001671,0.000001,-0.008967,-0.009695,-0.023524,-0.000698,-0.000547,0.004833,-0.088464,0.001016,-0.008999,0.015333,0.017098,-0.014366,0.018113,0.001169,0.006650,-0.001430,-0.025581,0.000000,0.000700,-0.005636,-0.061253,0.018390,-0.094202,-0.062132,-0.005266,0.010020,0.022003,-0.035034,0.026433,0.001194,-0.000923,-0.033717,0.006867,0.078782,0.004204,0.000050,0.002380,-0.012409,0.046403,0.005422,-0.085550,-0.000049,-0.046038,0.077205,-0.003415,0.000000,0.000451,0.002712,0.016481,-0.000194,0.027385,-0.098058,-0.083211,-0.016320,0.038846,0.039971,-0.031940,0.088298,-0.000525,0.077312,-0.000231,0.014877,-0.002203,-0.086966,0.000000,-0.008986,-0.017537,-0.001729,-0.078433,-0.007662,0.002162,0.002799,0.033303,0.067399,0.000658,-0.013680,0.050307,-0.029493,-0.065539,0.000149,0.032424,0.005538,0.054063,-0.000021,0.007514,0.058899,0.008015,-0.001038,-0.005219,0.007653,-0.015225,0.000121,-0.005052,0.099946,-0.054143,-0.013784,0.089810,0.010979,0.000154,-0.018068,0.001577,-0.073384,-0.029064,0.091171,0.024810,-0.032934,-0.006789,-0.088472,-0.010558,-0.000876,-0.027194,-0.071141,-0.000010,0.094931,0.000695,0.036261,-0.010226,-0.005075,0.023260,0.002910,-0.000478,0.060375,0.078998,0.001176,0.041538,0.013985,0.004618,-0.027559,0.010824,0.032827,-0.048496,-0.043548,0.016970,-0.005749,0.000306,0.033775,0.011986,0.004870,-0.060738,-0.000024,-0.050683,0.054186,-0.001927,-0.045829,0.000525,0.063019,0.000579,0.057361,-0.008570,0.052469,0.035712,0.003605,0.003524,0.044517,-0.000018,-0.032525,0.012666,0.024119,0.005006,0.001651,0.001172,-0.017450,0.000000,-0.095838,0.011966,0.065092,0.004941,0.015462,0.000254,0.000134,0.004599,
-0.012465,2247.759834,0.025004,-0.078925,0.000001,-0.082032,-0.052382,-0.025443,0.010918,0.045173,-0.001870,0.000000,-0.076162,0.035534,0.002181,0.035133,-0.000084,-0.026121,0.006988,-0.037634,0.002214,0.029950,-0.018293,0.002608,-0.000022,0.089831,0.045344,0.026457,-0.000166,-0.000023,-0.049507,0.000754,0.050567,-0.073772,-0.011168,-0.056332,0.003303,0.011166,-0.006041,0.046990,0.082383,-0.010615,0.000000,0.058304,-0.041705,0.001051,-0.007951,-0.010569,0.068063,0.001439,0.057909,-0.021273,0.006703,-0.000569,-0.000008,-0.059739,-0.000028,0.000688,-0.096461,-0.027486,-0.000115,0.089689,-0.002343,0.006603,-0.048374,0.064492,0.000001,0.053099,0.017981,0.001164,0.000000,-0.001285,0.000596,0.044947,-0.000069,-0.014666,0.006476,0.065205,0.002471,0.016108,-0.000238,-0.005003,0.098192,-0.001267,-0.003290,-0.028815,-0.013783,0.002358,0.004970,-0.004972,0.007783,0.000960,0.004986,-0.014694,-0.000531,-0.052167,0.085591,0.004023,0.003018,-0.003228,0.001348,0.023475,0.003753,0.011650,-0.000848,0.008438,0.048640,0.009951,-0.003195,-0.002516,0.012138,0.056343,-0.000010,-0.072241,-0.003629,0.011456,-0.000388,0.004866,0.024899,-0.099470,-0.002621,-0.015267,0.064187,-0.040581,-0.003672,-0.045870,-0.008951,0.005712,-0.039056,-0.081286,-0.026324,0.002499,-0.025377,-0.068018,-0.044469,-0.001748,-0.000157,-0.000141,0.035099,0.016658,-0.038550,0.032004,0.017396,0.011574,-0.053806,0.049611,0.003328,0.047473,0.005896,0.001351,0.001543,0.032760,0.000044,0.019694,-0.004394,0.000519,0.070569,0.007035,-0.021671,-0.056951,-0.043351,0.001244,-0.005815,-0.079125,-0.030031,-0.021277,-0.094905,-0.027699,0.015804,0.043469,-0.017543,0.027353,0.056269,0.000053,0.008449,-0.002757,0.005404,-0.011110,0.001020,-0.000879,0.013945,-0.097359,0.000800,-0.080117,0.091680,0.023445,0.023725,0.000000,0.000946,-0.025702,0.081297,-0.018735,0.000198,0.001299,-0.000842,0.061014,
-0.032541,0.025004,25.003149,-0.069070,-0.049647,-0.051403,0.013167,-0.066981,0.084241,-0.010092,0.033247,0.000000,0.035045,-0.019802,-0.044152,0.020370,0.099180,0.028864,-0.027425,0.007469,-0.048476,0.030934,0.025844,-0.003887,-0.021840,0.024526,0.056623,0.017417,-0.063559,-0.032073,-0.039273,-0.016415,0.030237,0.000373,0.011382,0.003141,0.006317,0.049424,0.047803,0.011244,0.023525,-0.017885,0.000000,0.017489,-0.000081,0.070832,0.004832,-0.032505,-0.002225,0.011780,0.022817,0.057888,0.006740,-0.003464,0.071229,0.029421,-0.014928,-0.024510,-0.016331,-0.045580,-0.004542,0.037385,0.007234,-0.018737,-0.007849,0.009747,0.015663,0.006374,-0.075125,-0.038404,0.000000,-0.000125,-0.094352,-0.001085,0.044759,-0.024383,0.068573,-0.088947,-0.011381,-0.026340,0.095367,-0.083478,0.014350,-0.006899,-0.027032,0.026488,0.038418,-0.069698,-0.071434,0.088281,0.039712,-0.030156,0.014919,-0.023978,-0.013389,0.052942,0.004474,0.017297,-0.007571,-0.001371,-0.042426,0.081890,0.012436,0.045484,0.000538,0.081617,0.049725,-0.018928,0.088516,-0.043861,0.002400,0.001426,0.080206,0.011110,0.063910,-0.016707,0.022941,0.082042,0.069933,-0.037656,-0.009626,-0.004160,-0.066417,0.028589,-0.002173,-0.032441,0.007618,0.059149,0.037313,0.003343,0.020499,0.043865,-0.039886,-0.060604,-0.021245,0.079107,0.011421,0.070818,0.060159,0.000671,-0.025254,-0.099287,0.030779,-0.022499,0.089604,0.006377,-0.048826,-0.059593,0.073397,-0.062770,-0.026778,-0.017286,0.027012,0.081558,-0.005881,0.090265,0.011319,0.006241,-0.039611,0.000030,0.005722,0.015518,0.014662,0.035811,-0.003264,0.061789,-0.000283,0.006202,0.000462,-0.065642,0.012898,0.082783,-0.005005,0.002519,0.053881,0.008196,0.006271,0.001717,0.034553,-0.062821,-0.044179,0.008703,-0.007041,-0.079262,0.008278,-0.011845,0.085205,0.000000,0.009065,-0.006124,-0.058683,-0.018698,-0.089049,0.007525,0.002749,-0.029148,
0.091981,-0.078925,-0.069070,1.204745,-0.032904,0.027732,-0.055239,-0.005500,-0.062789,-0.023431,-0.008368,0.000000,0.018656,-0.020605,-0.021181,0.006517,-0.021890,0.019961,0.008455,-0.013777,-0.052011,-0.001969,0.003242,0.027649,0.087863,-0.060341,0.049441,-0.086977,0.089028,-0.026027,-0.035782,0.049026,-0.020876,0.015794,-0.048027,-0.084408,-0.064254,0.003802,-0.010937,0.010817,-0.067838,-0.025589,0.000000,0.047083,0.022817,0.000351,0.070745,-0.031202,-0.025934,-0.000513,0.032619,0.015558,-0.007775,-0.058639,0.001839,-0.063050,-0.044773,0.050228,-0.006683,-0.017875,-0.020812,0.008220,-0.050053,-0.021843,0.015177,-0.072081,-0.003994,0.056540,0.000133,0.012716,0.000000,0.014464,0.020271,0.002605,0.007524,-0.049137,-0.081998,0.072604,0.004848,0.020534,0.004778,0.008545,-0.028572,-0.043859,0.064044,-0.042211,0.008368,0.029075,0.036393,0.040198,-0.016422,-0.057134,-0.074073,0.035554,0.007355,0.004281,0.003601,0.055765,-0.010739,0.003946,0.099521,0.066908,-0.036990,-0.021317,0.007708,-0.003690,-0.038260,-0.043289,-0.054765,-0.015710,-0.020161,-0.075625,-0.016169,0.039627,-0.045631,0.061581,-0.052720,-0.069300,-0.023461,-0.046796,-0.081359,0.015384,-0.024846,-0.076815,0.007341,0.001704,-0.006712,-0.011572,0.031644,0.096550,-0.053221,-0.003965,0.059073,-0.078038,-0.045857,0.066407,0.025366,-0.092553,-0.054920,0.075902,-0.041687,0.047913,-0.005589,-0.051139,0.050679,0.037289,0.003022,-0.044173,-0.094330,-0.006749,0.007779,-0.019503,0.013901,0.061518,-0.013957,-0.004330,0.040966,0.040105,-0.060935,0.011975,0.029650,-0.008430,0.037778,0.029889,-0.006629,-0.059575,0.009339,0.081891,-0.032219,-0.003791,-0.042560,0.065313,0.007402,-0.096601,0.015682,0.042707,-0.084475,-0.004005,-0.080707,0.010470,0.002400,0.004677,-0.087051,-0.075019,-0.044455,0.015375,0.032652,0.000000,-0.026542,-0.061894,-0.008874,0.040320,0.002708,-0.034070,0.001207,-0.021724,
-0.000098,0.000001,-0.049647,-0.032904,1378.123566,-0.007169,-0.003289,0.006619,-0.002286,0.020396,0.000324,0.000000,0.001739,-0.013963,-0.005427,-0.009727,0.000792,-0.001212,-0.006224,0.071753,-0.000008,-0.000459,-0.006899,-0.000236,0.000076,-0.001233,-0.069885,0.067910,-0.004473,-0.098331,-0.022316,-0.000268,0.003061,0.054696,-0.002651,0.049301,0.042514,-0.003711,0.001577,0.018016,0.015464,-0.060698,0.000000,0.019417,0.013860,0.066444,0.028127,0.037700,-0.003876,0.002463,0.084444,0.092826,-0.069891,0.006132,-0.002479,0.000018,-0.000055,-0.000984,-0.076842,-0.071437,-0.076677,0.085480,0.035276,-0.007173,0.046211,-0.047234,0.000071,0.004626,-0.004312,0.031570,0.000000,0.000657,0.052073,0.002610,0.032951,0.060788,0.001948,0.067897,0.040896,0.062160,-0.000143,0.001404,-0.043624,0.042404,0.040028,-0.002748,0.013140,-0.076312,0.059862,0.037939,-0.000633,-0.019674,0.084378,-0.065322,0.059432,-0.025530,0.001290,0.004982,0.012874,0.002293,-0.003834,0.021108,-0.012124,-0.002245,0.009600,0.061789,-0.005368,0.050914,-0.000198,-0.007916,-0.061694,0.040208,0.021231,-0.006009,-0.008260,-0.070168,-0.001710,-0.000211,-0.007964,0.017503,-0.042477,0.070948,-0.000724,0.012477,0.001103,0.001116,0.091249,-0.079017,-0.016708,-0.025803,0.093362,0.004048,0.000029,0.049443,0.081590,0.002653,0.000013,0.000017,-0.037346,0.029495,-0.003939,0.012514,0.007818,-0.002269,-0.006013,0.024415,-0.027779,0.000627,-0.095318,0.001291,0.015928,-0.023946,-0.056470,0.062119,-0.002846,-0.035153,0.045504,-0.006952,0.039074,-0.001129,0.001614,-0.055549,0.028292,-0.049996,0.010602,-0.082131,0.035401,-0.039882,0.003855,0.000013,0.003531,0.008170,0.000686,-0.046390,-0.024259,-0.000176,0.000382,-0.026602,0.000709,0.000006,0.019109,-0.047569,0.005118,-0.014012,-0.001967,0.048667,-0.007420,0.000000,-0.000659,-0.001594,-0.046184,0.000279,-0.000080,-0.070705,-0.027917,0.012197,
-0.081493,-0.082032,-0.051403,0.027732,-0.007169,35.452442,-0.090207,0.012401,0.068780,0.002964,0.070387,0.000000,-0.000334,-0.059142,0.070651,-0.014378,0.002514,-0.025821,-0.071039,0.022517,-0.008020,0.028639,-0.011353,-0.066277,0.040899,0.000053,-0.073716,0.072411,0.062258,-0.038358,-0.032739,-0.073775,0.003906,-0.045108,0.077906,-0.046585,-0.058431,-0.003246,0.000074,-0.064844,-0.003650,-0.001308,0.000000,-0.020902,-0.008906,0.026645,0.000720,-0.006531,0.009777,-0.083339,-0.000880,0.000437,-0.087131,0.050120,-0.006696,-0.071406,0.010595,0.047383,-0.009227,0.012236,-0.036507,0.016618,0.044529,-0.075314,0.075724,0.043819,0.034951,0.061708,0.036994,0.081789,0.000000,0.024994,-0.002820,0.000000,-0.021558,0.087736,-0.022971,-0.068597,0.002739,0.031209,-0.002134,-0.004672,-0.013321,0.021492,-0.082620,-0.002390,0.045580,0.066883,-0.021181,-0.008365,-0.024361,0.048499,-0.024939,-0.005020,0.005749,-0.020614,-0.005585,-0.009362,0.070322,0.000982,-0.033023,0.005035,0.007396,-0.005314,0.020457,-0.051328,0.004692,0.032501,-0.011462,0.002053,0.019133,0.003287,-0.010436,0.014028,-0.006374,0.059875,0.078555,-0.071741,0.095150,0.021554,0.027255,0.016699,0.031455,0.028130,-0.007184,0.098245,-0.085160,-0.007916,0.020018,-0.003157,0.076507,-0.003850,-0.021394,0.001795,0.028442,0.008691,0.005609,-0.003147,-0.005038,0.008147,-0.007134,-0.077976,-0.001176,-0.003953,0.005394,0.004550,-0.022528,0.006332,-0.000197,-0.009426,-0.088771,-0.004714,-0.023510,-0.050375,0.071356,0.037811,0.043209,-0.003465,-0.006269,-0.031156,0.000375,0.085788,-0.012550,0.086834,-0.011091,0.039732,0.034088,0.017237,0.007381,0.001119,-0.001023,-0.028208,0.011951,0.004329,-0.000961,-0.020190,0.003195,0.069730,0.032304,-0.002414,0.005459,0.021820,-0.000949,0.091373,0.000041,-0.002415,0.024338,0.000000,0.001986,0.003537,-0.064705,0.005975,0.000087,0.026489,-0.059097,0.056161,
0.095811,-0.052382,0.013167,-0.055239,-0.003289,-0.090207,0.213128,0.098618,-0.037638,-0.005491,-0.003939,0.000000,-0.045974,0.090104,0.024110,-0.024395,-0.053452,-0.024959,-0.006541,0.043809,0.059009,-0.053447,-0.026149,0.037550,0.065782,-0.002628,0.008769,0.040497,0.057210,0.005381,-0.053641,-0.044023,0.010864,0.023886,0.017827,-0.010767,0.008996,-0.002427,-0.005081,-0.003704,0.026748,0.004965,0.000000,0.008509,-0.012528,-0.005973,0.017585,-0.044210,0.017731,0.012773,0.045463,-0.076870,-0.011800,0.017075,0.003132,-0.023173,-0.057728,-0.027735,-0.006087,0.084205,-0.082182,0.040724,0.006254,-0.079563,0.046626,0.036780,-0.001881,0.007794,0.003613,0.000173,0.000000,0.002700,0.009363,-0.017310,0.002291,-0.053474,0.009251,0.062995,0.027703,0.062339,0.015449,-0.054197,0.050766,-0.007255,-0.028865,-0.043571,0.006484,0.007340,-0.052191,0.046169,-0.020262,0.060339,0.071807,-0.031565,0.007493,0.019538,0.024789,0.012140,0.014253,0.001522,-0.021530,0.007579,0.006824,0.006731,0.023421,-0.009107,0.017526,0.007603,-0.003741,0.013676,-0.009505,-0.025196,0.031610,0.059898,0.008861,0.024227,0.037250,-0.047255,0.002387,0.032356,-0.094856,-0.003719,-0.023016,-0.022046,-0.035302,-0.084513,0.057599,-0.000693,0.048367,0.011362,0.019114,0.002181,0.023853,0.021227,-0.033221,0.020360,-0.006776,0.017156,0.024402,0.017492,-0.072566,0.002574,-0.015346,0.024823,-0.026050,0.009241,-0.020451,-0.003312,-0.023510,0.029960,-0.068951,-0.038202,-0.048378,0.018449,-0.038677,-0.010480,0.008907,0.005854,-0.026452,0.002493,-0.002204,-0.000772,0.033497,0.001865,0.002881,0.000015,-0.002606,-0.064552,0.048859,-0.016653,0.030534,0.052347,0.061412,-0.055317,0.032112,0.036208,-0.009319,0.000004,0.068184,-0.053517,-0.084545,0.041013,-0.080419,-0.096169,-0.020907,0.001422,0.007213,0.000000,0.000618,0.063132,-0.001849,0.002138,-0.015999,-0.025378,0.084801,0.088615,
0.022630,-0.025443,-0.066981,-0.005500,0.006619,0.012401,0.098618,0.804432,-0.014542,-0.063728,-0.013265,0.000000,-0.078828,-0.041816,0.017882,0.077820,-0.009599,0.022268,0.055109,0.017805,0.036750,0.008632,0.020373,0.052219,-0.032456,-0.018943,-0.039887,-0.042285,-0.049736,-0.047122,-0.028195,0.009876,-0.005413,-0.035853,-0.084903,0.006880,-0.077323,0.002160,-0.020142,-0.029160,-0.016151,-0.037831,0.000000,-0.005694,-0.045226,0.035353,0.061280,-0.002179,-0.065312,-0.030510,-0.029376,0.038976,0.032812,-0.020749,0.012815,-0.017565,0.035082,-0.042349,0.066835,-0.004526,0.067967,0.022686,-0.067993,-0.039482,0.019673,0.088692,-0.006762,-0.000911,0.023590,0.005030,0.000000,0.000967,0.047249,0.014625,0.004573,0.008226,0.060394,-0.011765,0.045501,0.025900,-0.027818,0.011302,0.041235,-0.023106,-0.019252,-0.036606,-0.063499,0.051575,-0.089589,-0.021844,0.015517,-0.095392,0.066837,-0.021538,0.001065,0.026704,0.037411,-0.014780,0.014968,0.000899,-0.000278,-0.007533,0.027372,0.062154,-0.004802,0.053850,0.006350,-0.036398,0.053165,0.002821,-0.038514,-0.057457,-0.059616,-0.013418,0.054953,-0.057690,-0.040733,-0.025252,0.041562,-0.073073,0.040306,0.063990,-0.002062,-0.074103,0.036064,-0.082170,-0.028711,-0.017450,-0.087579,-0.054958,-0.011869,0.008076,0.008256,0.017344,0.004396,0.071394,0.045009,-0.047288,0.032722,0.034539,0.028508,-0.068634,-0.036962,-0.074064,-0.087077,-0.021476,0.004731,-0.041321,-0.037622,-0.030157,0.090370,-0.001758,0.020576,0.003685,0.002873,-0.098473,0.072413,0.023833,-0.004120,-0.001476,0.003482,-0.069966,0.024470,0.019636,0.052049,0.051302,0.022082,-0.020946,0.083490,0.040249,0.004996,0.064301,0.083508,0.022366,-0.024358,0.044868,-0.073820,0.034662,0.025595,-0.029930,0.032748,-0.017126,0.034547,0.024101,-0.061008,0.000430,0.035616,0.000000,-0.042503,0.013820,0.021168,0.005041,-0.018601,0.022063,0.087203,0.005126,
0.018814,0.010918,0.084241,-0.062789,-0.002286,0.068780,-0.037638,-0.014542,0.392767,-0.000573,-0.002107,0.000000,-0.036906,0.003408,0.015534,0.062176,-0.003417,-0.067669,0.010882,-0.043650,-0.057852,0.057410,-0.043534,0.005629,-0.042301,-0.014402,0.050229,0.057638,-0.068094,0.021782,0.059530,-0.032225,0.006476,0.011781,0.007571,-0.008272,-0.016159,-0.002784,-0.003539,0.029800,-0.004932,0.006303,0.000000,-0.000099,0.063844,-0.094875,-0.016950,0.087997,-0.018942,0.029619,0.015383,-0.085206,0.053699,0.068798,0.000672,-0.074595,0.055424,0.004914,-0.063800,0.087204,-0.012602,0.019900,-0.041013,0.003152,0.038154,-0.047987,-0.001341,-0.016129,-0.001458,0.005461,0.000000,-0.000532,0.003264,0.007210,0.002536,-0.068959,0.076624,0.000270,-0.008972,0.006417,0.061874,0.043290,0.056292,-0.061244,-0.016972,0.057230,0.001574,-0.052783,0.073595,-0.076424,-0.021682,-0.055629,0.000776,-0.034792,0.008975,-0.039695,-0.077082,0.004726,-0.007426,-0.006295,-0.040784,0.000030,-0.006535,0.014262,-0.025984,-0.036059,0.003012,-0.014565,-0.062597,0.066706,0.071475,-0.037445,-0.022220,0.071488,-0.009664,0.011400,-0.068952,0.075118,0.025230,0.024476,0.000188,0.061639,0.026041,-0.064628,-0.027171,0.075465,-0.052750,-0.008668,-0.028022,-0.019372,0.000055,-0.007148,-0.049873,-0.003150,0.035328,0.062291,-0.000358,0.041805,-0.015082,0.033340,0.023504,-0.083318,-0.013285,0.071730,0.045048,-0.046870,0.004203,-0.001254,0.001153,0.082474,0.039372,-0.086488,-0.022098,0.090982,-0.062339,-0.029222,-0.014834,-0.034646,0.004621,-0.003249,0.003757,-0.053541,0.013320,0.038503,0.068669,0.027999,0.007600,0.085228,0.000301,-0.003263,-0.031853,0.010636,-0.044190,0.078739,0.013388,-0.062153,-0.000001,0.053138,-0.004997,0.047174,-0.000837,0.057599,0.037901,-0.058870,0.082217,-0.011829,0.017988,0.000000,0.019559,-0.017356,0.007379,-0.030119,-0.026200,0.037413,0.013285,-0.050681,
0.011961,0.045173,-0.010092,-0.023431,0.020396,0.002964,-0.005491,-0.063728,-0.000573,0.088620,0.020275,0.000000,-0.015674,-0.000737,0.010745,-0.000826,0.091465,0.003238,0.000156,0.068715,-0.038230,-0.004003,0.011008,-0.049669,0.014314,-0.007320,0.051436,0.083201,0.013260,-0.008531,-0.000634,-0.091585,-0.032474,0.073629,0.028554,0.002697,0.053469,-0.000329,0.030536,0.010169,0.027748,0.004561,0.000000,0.006839,0.003250,0.025899,-0.012806,-0.010996,0.002663,0.067828,0.004236,0.064457,-0.003385,0.006180,-0.002181,0.003998,0.045002,0.030223,-0.087586,-0.036795,-0.061668,0.004309,-0.010959,-0.003112,-0.009883,-0.021114,0.010157,0.020001,0.018166,-0.000854,0.000000,0.002035,-0.051741,0.024139,0.000961,-0.050951,-0.007001,0.043663,0.000132,-0.001064,0.086968,0.031876,-0.015131,0.010729,-0.012063,0.037701,0.013196,-0.006229,-0.010050,-0.038871,0.015295,0.078227,-0.003406,-0.029118,0.004089,-0.011195,-0.000424,0.003192,0.005614,0.003983,0.005135,0.000857,0.002778,-0.013960,0.011213,0.027019,0.033316,-0.015402,-0.022323,0.015741,0.017205,-0.011215,-0.003616,0.019996,-0.011838,-0.063652,-0.002344,0.095978,-0.008082,0.007538,0.005987,-0.071437,-0.003366,-0.005026,-0.004346,-0.024866,0.012868,-0.000517,0.036017,0.011201,0.005454,-0.003959,0.055916,0.019835,0.014203,-0.000508,-0.000821,0.004953,-0.057650,-0.063651,-0.030252,0.007692,0.005533,-0.007640,-0.011356,0.032214,-0.015817,-0.088508,-0.012537,-0.000807,-0.002454,-0.003962,-0.018118,-0.096314,0.000203,-0.014495,-0.055721,0.007840,-0.006663,0.002451,0.006503,0.032029,-0.030504,0.005380,0.041516,-0.005001,0.003537,0.014198,-0.005253,0.014719,0.005942,0.001250,-0.002550,0.015992,0.024888,0.001461,-0.002720,-0.031075,0.034839,-0.003694,-0.024016,0.084697,-0.013636,0.012773,-0.010293,-0.009218,0.022911,0.000000,0.006775,-0.040161,0.030417,0.024954,-0.020165,-0.033046,-0.020047,-0.067207,
0.000384,-0.001870,0.033247,-0.008368,0.000324,0.070387,-0.003939,-0.013265,-0.002107,0.020275,0.011614,0.000000,0.014828,-0.016751,0.001979,0.001020,-0.042409,0.000007,-0.048476,0.012125,0.000105,0.001283,0.002992,0.018456,0.000310,0.000027,0.014796,-0.011762,0.076839,0.000287,0.003749,-0.046191,-0.005828,0.017799,0.008178,-0.004630,0.012849,0.000635,0.014188,-0.001253,0.002790,-0.000469,0.000000,0.001057,-0.038945,0.025928,-0.002809,-0.003692,0.058752,0.026519,0.000513,0.019879,0.034384,-0.057493,-0.000941,-0.032472,-0.061655,-0.000436,0.003930,0.016178,-0.000359,0.039488,-0.000581,-0.003749,-0.002459,-0.005567,0.005804,0.008007,0.003832,-0.000454,0.000000,0.000061,-0.072871,0.008667,0.000387,-0.008896,0.072495,-0.028891,0.000296,-0.001975,-0.020115,0.000197,-0.005079,0.086904,-0.000997,0.000315,0.005262,-0.000590,0.046267,-0.063800,0.004913,0.018053,0.024715,-0.002638,0.000001,0.001352,-0.032564,0.000563,-0.000220,0.001653,0.002191,0.001709,0.001138,-0.003779,-0.000235,0.006311,0.006517,-0.006025,0.000020,-0.000146,0.001198,0.070945,-0.000293,-0.014159,-0.001923,-0.018780,-0.061172,0.034602,-0.003621,-0.007453,0.045361,-0.017904,0.001120,-0.001247,0.093053,-0.008388,0.004440,0.001233,-0.011282,0.002079,0.000847,-0.002220,0.046742,0.011261,0.003576,0.002501,0.000213,0.001112,-0.023913,-0.024147,0.074922,-0.000423,0.002705,-0.001498,0.005873,0.000427,-0.003716,-0.042012,0.000185,-0.006345,0.071021,0.023353,-0.000189,-0.026317,-0.034712,-0.002475,-0.016265,0.002490,-0.003155,-0.000276,0.065624,0.028835,-0.008518,-0.000076,0.002204,0.000062,0.060511,0.040648,-0.000008,-0.017502,0.001110,0.052889,0.000160,0.000204,-0.005379,0.000701,0.001241,-0.000485,-0.010360,0.000077,0.039846,0.054494,0.000169,-0.001591,-0.012843,-0.002592,0.003153,0.000000,0.001897,0.085794,0.010441,0.003757,-0.000788,0.001766,-0.022186,-0.004073,
0.000000,0.000000,0.000000,0.000000,0.000000,0.000000,0.000000,0.000000,0.000000,0.000000,0.000000,0.000000,0.000000,0.000000,0.000000,0.000000,0.000000,0.000000,0.000000,0.000000,0.000000,0.000000,0.000000,0.000000,0.000000,0.000000,0.000000,0.000000,0.000000,0.000000,0.000000,0.000000,0.000000,0.000000,0.000000,0.000000,0.000000,0.000000,0.000000,0.000000,0.000000,0.000000,0.000000,0.000000,0.000000,0.000000,0.000000,0.000000,0.000000,0.000000,0.000000,0.000000,0.000000,0.000000,0.000000,0.000000,0.000000,0.000000,0.000000,0.000000,0.000000,0.000000,0.000000,0.000000,0.000000,0.000000,0.000000,0.000000,0.000000,0.000000,0.000000,0.000000,0.000000,0.000000,0.000000,0.000000,0.000000,0.000000,0.000000,0.000000,0.000000,0.000000,0.000000,0.000000,0.000000,0.000000,0.000000,0.000000,0.000000,0.000000,0.000000,0.000000,0.000000,0.000000,0.000000,0.000000,0.000000,0.000000,0.000000,0.000000,0.000000,0.000000,0.000000,0.000000,0.000000,0.000000,0.000000,0.000000,0.000000,0.000000,0.000000,0.000000,0.000000,0.000000,0.000000,0.000000,0.000000,0.000000,0.000000,0.000000,0.000000,0.000000,0.000000,0.000000,0.000000,0.000000,0.000000,0.000000,0.000000,0.000000,0.000000,0.000000,0.000000,0.000000,0.000000,0.000000,0.000000,0.000000,0.000000,0.000000,0.000000,0.000000,0.000000,0.000000,0.000000,0.000000,0.000000,0.000000,0.000000,0.000000,0.000000,0.000000,0.000000,0.000000,0.000000,0.000000,0.000000,0.000000,0.000000,0.000000,0.000000,0.000000,0.000000,0.000000,0.000000,0.000000,0.000000,0.000000,0.000000,0.000000,0.000000,0.000000,0.000000,0.000000,0.000000,0.000000,0.000000,0.000000,0.000000,0.000000,0.000000,0.000000,0.000000,0.000000,0.000000,0.000000,0.000000,0.000000,0.000000,0.000000,0.000000,0.000000,0.000000,0.000000,0.000000,0.000000,
0.000056,-0.076162,0.035045,0.018656,0.001739,-0.000334,-0.045974,-0.078828,-0.036906,-0.015674,0.014828,0.000000,125.400568,0.019408,-0.063956,0.002913,-0.062730,-0.064313,0.014495,-0.054989,0.000461,0.000133,0.019176,-0.065838,-0.001208,-0.000212,0.035017,0.022921,0.034235,0.001745,0.028695,-0.036611,-0.025927,-0.009977,-0.008928,-0.051288,-0.022377,-0.009477,0.023224,-0.001820,-0.076369,-0.037449,0.000000,0.053814,0.004047,-0.085958,0.000147,0.022031,0.002006,-0.000495,-0.000492,-0.002945,0.066174,0.005806,-0.003969,0.000725,-0.001255,-0.000296,0.077747,-0.014219,0.021996,-0.012317,0.021744,-0.001962,0.058435,-0.003966,0.009154,-0.011696,-0.064619,0.000512,0.000000,0.057840,0.073888,0.057794,0.038293,0.056929,-0.001712,-0.017598,-0.004740,0.061074,-0.016776,0.006312,-0.042017,-0.000178,-0.071981,0.005947,-0.000617,-0.017271,-0.080978,-0.043703,-0.006291,-0.000166,-0.050617,-0.023503,-0.009313,0.009592,-0.000817,0.028146,0.046528,-0.001144,0.009565,-0.010677,0.042867,0.001169,0.029140,-0.070420,-0.003734,0.015585,-0.000485,-0.002035,0.079540,-0.054172,0.024145,0.013682,0.000090,-0.080629,0.000438,0.088224,-0.039527,-0.037645,-0.008873,0.014728,-0.011124,-0.006251,0.046679,-0.001047,-0.030633,-0.017639,-0.010549,-0.030926,-0.001915,0.082215,-0.078924,-0.052829,-0.098979,0.070052,0.002665,-0.000683,0.039967,-0.018911,0.045377,0.098551,-0.014495,0.046247,0.006916,-0.000377,0.002715,0.015304,0.001742,-0.009673,0.016443,-0.096710,-0.008725,-0.033000,0.006157,0.050787,0.002193,-0.003196,0.018096,-0.000327,0.020366,0.021911,-0.002832,-0.027438,-0.000633,0.009782,0.024490,-0.024380,-0.000190,-0.000045,-0.096395,-0.036747,0.001766,0.002574,0.052136,-0.000201,-0.000495,0.001939,0.017376,-0.071820,0.000761,0.007729,0.002349,-0.019050,0.023150,-0.011090,-0.077341,0.000000,0.001317,-0.024131,-0.035823,-0.012636,-0.011577,-0.031768,-0.006176,-0.063401,
-0.082033,0.035534,-0.019802,-0.020605,-0.013963,-0.059142,0.090104,-0.041816,0.003408,-0.000737,-0.016751,0.000000,0.019408,4.654650,0.070651,0.002770,-0.077246,0.005889,-0.012836,0.044440,-0.040996,0.040868,-0.000010,0.047895,0.057817,0.017525,-0.072609,-0.041417,0.021726,0.036716,0.070152,0.082157,-0.015072,0.067352,-0.040853,0.090800,0.021548,0.006043,-0.024924,-0.033931,-0.086413,0.038195,0.000000,-0.047686,0.010324,0.008209,0.003199,0.027200,0.015003,-0.006901,-0.019738,0.064717,-0.013772,0.028882,0.003164,0.096995,-0.034394,-0.038485,-0.049524,0.041502,-0.036978,-0.001531,0.033423,0.033110,0.036365,0.050350,-0.008378,0.001087,0.006573,-0.003953,0.000000,0.016959,0.051394,-0.087629,0.009430,0.006083,0.031719,-0.034256,-0.025371,-0.043097,0.038382,0.018266,-0.039143,0.030511,0.018621,-0.025558,-0.025779,0.000964,0.026356,0.024882,0.016030,0.014016,-0.042300,0.030509,0.058124,-0.007019,0.038023,-0.034016,-0.009566,0.029728,0.030897,-0.065055,-0.004724,0.001009,-0.042886,-0.023098,-0.015574,-0.031104,-0.014089,0.009247,-0.000669,-0.000197,-0.067953,-0.046552,-0.034432,-0.029050,-0.070941,0.014038,-0.033568,-0.030117,0.002506,-0.040928,0.024491,0.050123,0.020777,-0.050960,-0.014919,0.057933,-0.030943,0.033410,0.013500,0.020433,0.052664,0.014410,0.016910,-0.014537,-0.018434,-0.006791,0.094622,0.000119,0.048377,0.003220,-0.040915,-0.027800,0.009799,-0.039596,0.035700,-0.003592,0.034637,-0.000494,0.010363,0.015851,-0.057040,0.000706,0.064842,0.025005,-0.022418,0.022584,-0.023819,0.024052,0.057646,0.001810,-0.072346,0.029438,-0.031506,-0.058416,0.022493,-0.021890,-0.077224,-0.062606,-0.074287,-0.024987,-0.039945,-0.096664,-0.058178,0.057317,-0.024412,0.050514,-0.056512,0.017205,0.035821,-0.034691,0.090049,0.015194,-0.074260,-0.014726,0.015915,0.000000,-0.036900,-0.050564,-0.024515,-0.016074,-0.016471,0.001574,0.007143,-0.016888,
-0.013082,0.002181,-0.044152,-0.021181,-0.005427,0.070651,0.024110,0.017882,0.015534,0.010745,0.001979,0.000000,-0.063956,0.070651,0.196138,0.031883,-0.022254,-0.021143,0.025799,-0.049122,-0.002805,0.006342,-0.072823,0.095577,0.000000,-0.022424,-0.015103,0.062443,0.002060,0.022108,0.076145,0.093562,-0.012772,-0.008917,0.035773,-0.006069,-0.010677,-0.011833,0.003475,0.010393,0.004789,-0.019433,0.000000,0.056701,-0.022826,0.000979,-0.011828,0.024561,0.088020,0.020388,-0.005784,0.056819,-0.073829,0.006905,-0.005480,-0.050016,0.005034,-0.001693,-0.034012,0.038926,-0.007659,0.054627,0.026752,0.011095,-0.036708,-0.016366,0.000800,0.025631,0.000319,0.001712,0.000000,0.000424,-0.000970,0.029610,0.007688,-0.049717,-0.063111,-0.093037,0.005468,0.052537,0.078796,0.027281,0.017531,0.059491,0.025600,0.037276,0.031890,-0.019904,0.065813,-0.021534,0.005504,-0.012215,0.062961,0.016669,-0.007691,-0.000215,0.002821,-0.007910,0.030120,0.005256,0.072345,-0.037429,0.021301,0.028660,-0.060202,-0.036198,-0.027769,0.008593,-0.042848,0.000467,0.038782,0.021143,-0.026011,0.065739,0.002866,0.003721,-0.036428,0.000163,-0.027773,-0.003307,-0.072794,-0.006180,0.005743,-0.040572,-0.026037,-0.055719,-0.021337,-0.019666,0.021300,-0.019870,0.043424,-0.000853,0.079789,0.009712,-0.016756,-0.016332,0.016590,0.001439,-0.013755,0.052465,-0.065621,-0.088507,-0.025149,-0.025710,0.028437,0.013035,0.040248,0.016510,-0.036024,-0.037863,-0.000208,-0.026939,0.098460,0.022877,0.056642,-0.023867,0.029035,-0.002568,0.000686,-0.000217,0.002048,-0.022729,-0.029046,0.028663,-0.054455,0.074018,-0.003547,0.049133,-0.018561,0.030818,0.013189,-0.006506,0.008099,0.096147,-0.095408,0.051430,-0.032352,0.050130,0.028102,0.002135,-0.041304,-0.040733,-0.025741,-0.000171,0.017518,-0.027771,-0.001833,0.000000,0.056756,0.006010,0.001406,0.015980,-0.063578,0.056729,0.055542,-0.025644,
-0.006440,0.035133,0.020370,0.006517,-0.009727,-0.014378,-0.024395,0.077820,0.062176,-0.000826,0.001020,0.000000,0.002913,0.002770,0.031883,0.233752,-0.028338,0.013098,-0.006485,-0.025857,0.025901,0.071301,-0.012585,0.033574,-0.024264,0.079651,0.017828,-0.042760,0.014704,0.084736,0.011761,-0.005863,-0.019404,-0.010339,0.035241,-0.047317,0.024908,0.000436,0.001600,0.000959,-0.033916,-0.022727,0.000000,0.000539,0.023701,-0.034609,0.021455,-0.019240,-0.011849,-0.045672,-0.005040,0.043205,-0.073534,0.059002,0.006665,0.014608,-0.011374,0.010335,0.051659,-0.010382,-0.096311,-0.062487,-0.030103,-0.031742,0.075349,-0.000242,0.000534,0.014656,-0.014341,0.001287,0.000000,-0.004099,0.064273,0.039736,-0.000982,-0.004154,0.049223,0.056330,-0.002655,0.000308,-0.011006,-0.008365,0.029072,0.020983,-0.002109,0.049920,0.002486,0.029172,0.006225,0.005937,-0.021960,-0.059037,0.050147,0.025550,0.001497,-0.033567,-0.091388,-0.018573,0.007164,0.004492,0.001604,0.002435,0.007158,0.013270,-0.020801,-0.001600,-0.001198,0.027765,-0.003954,-0.000794,0.052711,-0.013086,-0.012264,-0.004583,-0.029009,0.028473,-0.063613,0.018328,0.017366,0.082437,-0.040869,0.088491,0.011628,-0.016621,0.091240,-0.095456,-0.041760,-0.003930,-0.008413,-0.027905,0.081691,0.004802,0.000034,0.020519,0.013610,-0.007746,-0.058172,0.013185,0.086098,0.026364,-0.023358,0.015571,0.001512,-0.027467,-0.000525,-0.012971,-0.019762,0.014422,0.002100,-0.038036,0.039829,0.023448,0.085677,-0.072969,-0.044516,-0.018100,-0.022134,-0.031589,0.002816,-0.004607,0.000307,0.066381,0.066849,-0.002634,-0.021680,-0.041406,-0.009617,0.028895,0.004897,0.042010,-0.050905,-0.004471,-0.003266,-0.097854,0.010132,-0.086291,-0.060360,0.036083,0.002538,0.000488,-0.047957,0.004671,0.015563,0.077723,-0.025009,0.005275,-0.061645,0.000000,-0.020233,-0.001177,-0.002419,0.002983,-0.026739,0.001746,-0.011412,0.007704,
0.004395,-0.000084,0.099180,-0.021890,0.000792,0.002514,-0.053452,-0.009599,-0.003417,0.091465,-0.042409,0.000000,-0.062730,-0.077246,-0.022254,-0.028338,466.829600,0.001570,-0.020593,-0.010716,-0.031460,0.000136,-0.053727,-0.000748,0.004684,-0.012049,-0.020238,-0.026540,-0.000662,-0.033321,0.000683,0.083417,-0.000337,-0.000000,0.015022,-0.080915,-0.097320,-0.045011,-0.063648,0.005745,-0.011167,0.003371,0.000000,0.001730,-0.001837,-0.000232,-0.016437,-0.046667,0.004004,-0.002386,0.042879,-0.000494,-0.026642,0.057700,0.000887,0.026794,-0.002288,0.000265,-0.007674,0.031564,0.009336,0.077660,-0.000023,-0.016650,-0.029034,-0.023459,-0.021599,0.016128,-0.012954,0.001364,0.000000,-0.046149,-0.000365,-0.012292,0.000094,0.090946,0.000634,0.017429,-0.041485,0.025652,0.041239,0.000583,0.073217,-0.000585,0.000685,-0.055752,0.015039,-0.047793,-0.066450,-0.003631,0.011008,0.011624,0.083440,0.072295,-0.003646,0.007913,0.025806,-0.005109,-0.047532,-0.002651,-0.014287,-0.056422,-0.034250,-0.001842,0.001152,-0.017862,0.008377,0.088071,0.004127,-0.003568,-0.086229,-0.030027,0.000031,-0.003001,0.001015,0.004679,0.027600,0.000367,-0.013209,-0.000929,-0.004543,0.055025,0.043967,0.014204,-0.033367,0.087947,0.008719,0.023630,-0.000959,-0.001779,-0.011461,-0.001417,-0.041294,0.037070,-0.001387,0.062615,-0.000759,-0.021067,0.079885,-0.001206,-0.014389,0.099246,-0.022029,0.032770,-0.013705,-0.000231,0.018418,-0.059647,0.000041,0.002609,0.000133,0.070583,0.000452,-0.002223,0.065493,0.031214,-0.079765,0.009635,-0.011898,-0.000376,-0.008836,-0.093817,0.028736,0.035511,0.001409,-0.025723,-0.018878,-0.021734,0.006792,-0.000256,-0.002117,0.002789,0.000888,0.001514,0.004133,0.079777,0.000082,-0.032076,0.000359,0.000053,-0.000009,-0.001574,0.046738,-0.012163,0.000853,0.004542,-0.076794,0.000000,-0.002250,0.011024,-0.042163,-0.070395,0.000019,0.000038,0.058995,0.029121,
-0.002094,-0.026121,0.028864,0.019961,-0.001212,-0.025821,-0.024959,0.022268,-0.067669,0.003238,0.000007,0.000000,-0.064313,0.005889,-0.021143,0.013098,0.001570,313.560291,-0.011514,-0.096836,0.016360,-0.007603,0.063937,0.066907,-0.005255,0.047242,-0.086997,0.017946,0.033300,0.000433,-0.000076,-0.021048,0.027451,0.086256,0.030168,-0.024062,-0.025779,-0.000917,0.000408,0.002459,-0.008706,-0.023865,0.000000,-0.087433,-0.024940,-0.026036,0.007303,-0.075320,-0.000195,-0.022650,0.052369,0.022046,0.006360,-0.015610,0.000881,-0.005588,-0.000048,0.039590,-0.068006,-0.007791,0.003199,-0.041227,-0.037442,0.071452,-0.065870,-0.009454,0.059412,0.087583,-0.000671,0.001442,0.000000,0.014558,0.076043,-0.021925,0.000000,-0.037778,0.026917,-0.072559,0.029364,0.025637,0.070423,0.002062,-0.066068,0.028030,-0.037684,-0.000333,-0.050321,0.028218,-0.080556,-0.065323,-0.031746,-0.077339,0.088253,0.058667,-0.006850,0.016167,-0.008627,0.018240,0.003034,-0.000357,-0.069056,-0.003219,0.011271,0.007721,0.043840,-0.013372,0.012715,0.038062,0.096443,-0.000222,-0.056866,0.002244,-0.000159,0.003931,-0.007878,-0.073304,0.018813,-0.004581,0.054707,-0.023061,-0.000029,0.027810,-0.009191,-0.004015,0.001602,0.013121,0.013864,0.002766,0.085184,0.093712,-0.053038,0.016143,0.014873,-0.071598,0.010713,0.020064,0.000078,-0.057061,-0.028897,-0.000382,0.006175,0.024027,-0.019970,-0.005753,-0.023231,-0.038427,0.072380,-0.009782,0.008169,0.012873,0.039978,-0.080928,-0.085482,-0.000495,-0.005671,0.070976,-0.034753,-0.010672,-0.003501,0.003975,-0.000306,-0.003290,-0.003686,-0.080855,-0.000264,-0.002696,-0.072730,0.027531,-0.002566,-0.006243,0.002083,0.074830,0.003581,-0.004188,0.003026,-0.001031,-0.018633,0.002384,-0.011732,-0.036646,0.000111,0.046679,-0.000721,0.009912,0.030809,0.021536,0.019901,0.000000,-0.005590,-0.000851,-0.074801,-0.050796,-0.058112,-0.002089,-0.012184,0.040770,
0.014333,0.006988,-0.027425,0.008455,-0.006224,-0.071039,-0.006541,0.055109,0.010882,0.000156,-0.048476,0.000000,0.014495,-0.012836,0.025799,-0.006485,-0.020593,-0.011514,6.680255,0.022054,0.053514,0.007889,0.045840,0.050913,0.021903,-0.001802,0.035673,-0.006063,-0.022580,-0.070333,-0.090975,0.014488,-0.004793,-0.080084,0.010855,-0.037017,-0.038180,-0.078055,-0.072006,0.045135,0.052117,0.057306,0.000000,0.057259,0.005227,0.018645,0.093079,-0.097250,-0.028759,-0.078285,-0.031949,0.034070,-0.091558,-0.023169,0.009851,-0.015214,-0.046967,-0.024233,-0.004024,-0.000384,0.018929,-0.058639,0.027380,0.030158,-0.017339,0.001541,-0.024289,-0.006235,0.000000,0.065744,0.000000,0.014534,-0.023519,0.078808,0.018825,-0.032184,-0.050751,0.091111,-0.002121,-0.019827,-0.001897,0.069243,0.051314,0.058683,-0.096345,0.062299,0.057684,0.039621,0.022821,0.017517,-0.002496,0.039572,0.078607,0.008589,-0.057389,-0.020147,-0.023262,0.004789,0.009950,0.002275,-0.070183,-0.060150,-0.007978,-0.005053,-0.003323,0.077260,-0.072922,-0.052390,-0.014665,0.069301,-0.000454,-0.013141,-0.015473,-0.045389,-0.004230,0.062865,-0.010648,-0.002094,-0.045968,-0.032324,-0.001027,0.069047,-0.050124,-0.023721,0.001380,0.081413,-0.078003,-0.054614,0.024757,0.036216,0.061222,-0.053089,-0.079907,-0.063924,-0.046301,-0.047949,0.085271,0.031755,-0.017312,-0.065031,-0.002518,0.014525,-0.051698,0.087688,-0.014144,-0.025844,-0.049222,-0.000498,0.005382,-0.058766,0.030901,0.079303,-0.033158,0.001427,-0.005909,0.010975,0.030959,-0.067686,0.088748,0.000158,-0.018371,0.054089,0.022462,0.036248,0.020653,-0.000435,-0.063038,-0.093155,0.057521,0.054339,-0.096558,-0.009156,-0.074042,0.055559,0.001368,-0.046355,-0.015320,-0.056018,0.012978,-0.001015,-0.045960,-0.023948,0.006554,0.046162,-0.066396,0.013309,0.026369,0.000000,0.013153,-0.089963,-0.064752,0.092634,0.059531,-0.054455,-0.004047,0.014404,
-0.000321,-0.037634,0.007469,-0.013777,0.071753,0.022517,0.043809,0.017805,-0.043650,0.068715,0.012125,0.000000,-0.054989,0.044440,-0.049122,-0.025857,-0.010716,-0.096836,0.022054,29.266563,-0.012864,0.007125,-0.026717,-0.003626,-0.001560,-0.043896,-0.075929,0.078750,-0.001338,0.000809,0.000284,-0.040060,-0.017107,0.043285,-0.013126,-0.073806,-0.077007,-0.003815,0.017712,0.009829,-0.045879,0.017652,0.000000,0.000049,0.076374,0.061596,0.001612,0.034580,0.002082,-0.000318,-0.005869,-0.031810,-0.012179,-0.003837,0.016510,0.002285,-0.013850,0.052095,-0.034303,-0.017271,-0.029007,-0.010133,-0.087915,0.037357,0.017305,0.012152,0.006214,0.001537,-0.044500,0.000560,0.000000,0.018665,0.000537,-0.020613,-0.017445,0.000000,0.014746,0.000655,-0.016385,0.035060,-0.022931,0.000253,0.003048,-0.008700,0.059072,0.002683,-0.024413,-0.049718,0.017825,-0.081109,-0.001514,0.001363,-0.055920,0.010274,-0.001063,0.011288,0.004393,-0.087387,0.040959,0.017470,0.060111,-0.017791,0.021150,0.053881,0.004283,-0.092188,-0.015322,-0.032832,0.066007,0.006425,-0.006376,0.010672,0.006659,-0.002165,0.010885,-0.000467,-0.024973,-0.005076,-0.061792,0.002793,0.086011,0.033057,-0.005007,0.081339,-0.099182,-0.044861,0.018604,-0.077396,-0.000368,-0.027070,0.051391,0.095415,0.035999,0.040559,-0.000974,0.042069,0.007404,0.034130,-0.000089,-0.016833,-0.033122,0.059269,0.017113,0.092280,0.036404,0.014099,-0.079929,-0.026202,-0.002021,-0.001645,0.026088,0.066181,0.042108,0.010615,0.034339,0.057328,0.072313,-0.064995,0.002184,0.021744,0.001363,0.045580,-0.033414,-0.004521,-0.016032,-0.084081,-0.042890,0.000667,-0.004121,0.000175,-0.027447,-0.044125,-0.000449,0.000689,-0.003718,0.002629,0.005264,-0.018661,0.012492,0.050683,-0.064721,-0.009388,0.061511,-0.058767,0.024757,-0.028265,0.008655,0.000000,-0.003531,0.005284,-0.016785,0.013326,-0.042581,-0.021343,0.007696,-0.075117,
0.048864,0.002214,-0.048476,-0.052011,-0.000008,-0.008020,0.059009,0.036750,-0.057852,-0.038230,0.000105,0.000000,0.000461,-0.040996,-0.002805,0.025901,-0.031460,0.016360,0.053514,-0.012864,2025.272045,0.000579,-0.054844,-0.071715,0.000001,-0.000069,-0.073211,-0.038942,0.003467,-0.034773,-0.055065,0.015039,-0.004322,-0.003484,-0.015265,0.003243,-0.043483,-0.000939,0.001442,0.001954,-0.047380,-0.027485,0.000000,0.016147,0.007585,-0.016552,-0.016964,0.073069,-0.001918,0.013745,0.021002,-0.006658,0.052952,0.000579,0.000222,0.010149,0.005097,-0.000644,-0.039283,-0.029259,0.000483,-0.025319,-0.031643,-0.038662,0.045693,0.019751,-0.000190,0.038761,0.024307,0.003331,0.000000,-0.000613,-0.027158,0.090494,-0.070454,0.083381,-0.030944,0.040015,0.010861,0.026697,0.011954,-0.003128,0.013600,0.045367,-0.071034,0.034942,-0.032297,-0.014244,0.000094,0.023452,-0.012984,0.011340,-0.013204,0.014381,0.003855,-0.007272,0.062324,0.007818,0.051628,-0.000681,0.010721,-0.047295,0.009591,-0.035165,0.001118,0.029404,0.040083,-0.032340,-0.000096,-0.010829,0.020061,-0.092091,0.001021,0.065352,0.008252,-0.077276,0.046411,0.077990,0.012726,0.046244,-0.003601,-0.033094,-0.000848,0.047420,-0.000548,-0.054616,0.020386,-0.009553,0.059252,-0.095430,0.066998,0.000037,-0.096865,-0.014738,0.003897,-0.081077,0.000795,-0.001325,0.024630,0.023751,-0.001022,0.004064,-0.007962,0.086492,-0.070834,-0.003593,0.019314,-0.034969,0.017684,0.003099,0.000275,-0.061042,-0.090322,0.013343,-0.043616,-0.077698,0.033054,-0.073470,-0.077486,0.000318,-0.002532,-0.000238,-0.075803,-0.001346,-0.002114,0.001073,-0.041636,0.079426,0.003449,-0.029709,0.055283,0.000269,0.000552,0.000701,0.056189,0.006589,-0.000169,0.000191,0.096180,-0.000253,0.000322,-0.048016,0.000559,-0.046878,0.052229,0.047723,-0.058100,0.000000,0.018182,-0.034489,-0.032638,0.030605,0.027231,-0.032765,-0.007167,0.068303,
