12.822276,0.000651,0.055109,0.092049,0.059806,0.000001,0.023800,0.002060,0.012296,-0.001483,0.022570,0.060288,0.005331,0.007532,0.086143,0.081102,0.054494,0.037279,-0.056842,-0.055346,-0.021182,0.005221,0.000000,-0.023697,0.000000,0.000000,0.000000,0.000000,-0.000748,0.003461,-0.000773,-0.086566,0.025321,0.076710,0.011561,-0.093329,0.050129,-0.001624,0.039002,-0.013873,-0.046716,-0.046618,0.021437,0.050138,0.029485,0.058527,0.053573,-0.017328,-0.031575,0.003896,-0.007890,0.011203,0.000000,0.000000,0.000000,0.000000,0.005387,-0.002602,0.051734,-0.044687,-0.009101,0.041719,-0.049041,-0.065812,-0.006905,0.005349,0.041824,-0.007511,-0.004287,0.071148,-0.018661,-0.001829,0.001454,-0.003298,-0.015494,0.006966,-0.005895,0.004951,-0.028966,0.035455,0.011100,0.017188,0.000000,0.044485,0.070821,-0.033810,0.001880,-0.001264,-0.074821,-0.046106,0.032422,0.000000,0.000005,-0.058078,-0.027124,-0.005281,0.072503,-0.009760,0.003224,-0.009778,-0.080313,-0.020591,-0.012059,-0.093050,0.000785,0.008749,0.053566,-0.034336,0.021052,0.085711,-0.018984,-0.073799,0.007438,0.018940,0.055497,-0.004429,0.001052,0.055849,-0.007889,0.000000,-0.063846,-0.044776,-0.002315,-0.033228,0.000615,0.082607,0.056835,0.042042,0.013941,-0.032551,0.026878,0.026393,-0.006079,0.006438,-0.077139,0.033000,-0.010284,-0.010441,-0.035013,0.012055,-0.000840,-0.001413,0.002116,-0.052889,0.002093,-0.008798,-0.053760,0.000000,-0.029700,0.000000,0.063795,0.000000,0.017753,0.000000,0.000000,-0.002080,0.087702,-0.004371,-0.004077,-0.091199,-0.029303,-0.002903,-0.026570,-0.038049,-0.001849,-0.054190,0.008367,0.046108,-0.019845,0.003406,0.067467,0.006154,-0.002751,0.016785,0.031916,0.000000,0.000000,0.000000,0.000000,0.000000,0.000000,0.000000,0.000000,0.000000,0.004261,-0.002481,0.000000,0.002387,-0.006899,0.037746,0.000305,0.027900,0.000472,-0.013644,0.086125,-0.000385,
0.000651,140.863811,-0.082090,-0.001059,0.001393,0.000691,0.006239,-0.038000,0.001029,0.074477,0.021813,0.026618,0.000023,-0.048833,-0.012215,0.000304,0.049578,0.030947,0.006664,-0.004002,0.000385,0.020084,0.000000,0.003482,0.000000,0.000000,0.000000,0.000000,-0.074396,-0.000021,-0.000449,-0.003158,-0.086056,0.005511,-0.041563,0.049714,0.012264,-0.000134,-0.044126,-0.037543,-0.091770,0.003282,0.033600,0.007764,-0.016416,0.031700,0.026163,-0.003408,-0.029603,0.017120,-0.054969,0.012203,0.000000,0.000000,0.000000,0.000000,0.068478,-0.000158,0.059998,-0.093314,0.003701,0.000402,0.015127,0.000363,0.001523,-0.031780,0.001075,-0.051362,-0.041087,-0.014756,0.051910,-0.001191,-0.013669,0.072129,0.096396,-0.000075,-0.041707,0.000934,-0.004236,-0.022531,0.037552,-0.001015,0.000000,0.005297,-0.004677,0.077932,0.011172,0.061331,-0.008558,-0.008338,0.000811,0.000000,-0.078097,0.067297,-0.019585,-0.003119,-0.001636,0.007575,-0.022884,0.017778,0.045262,0.000768,-0.012316,-0.026660,-0.001634,0.012200,-0.007448,0.042694,-0.067600,-0.001687,0.000043,0.014224,-0.002433,-0.001147,0.085693,-0.000000,0.078942,0.010218,-0.038860,0.000000,-0.022854,-0.031059,0.000338,-0.001413,0.028784,-0.012956,0.000059,0.005094,0.017919,-0.054533,-0.011797,-0.032650,0.004626,-0.012197,0.082754,-0.023050,-0.024398,0.000280,-0.010235,0.059828,-0.043553,-0.044451,0.034104,0.024925,0.010965,-0.021126,-0.070989,0.000000,0.081948,0.000000,-0.000221,0.000000,0.005198,0.000000,0.000000,-0.005820,-0.019199,0.009410,0.083949,0.047258,-0.053093,0.003578,-0.016032,-0.070063,0.036563,0.003538,-0.004240,-0.004349,-0.001228,-0.038168,0.016084,0.047132,-0.000270,0.018785,0.012776,0.000000,0.000000,0.000000,0.000000,0.000000,0.000000,0.000000,0.000000,0.000000,-0.010514,-0.009629,0.000000,-0.016312,-0.000541,0.008864,-0.001088,0.007614,0.000677,0.002901,-0.000107,0.006773,
0.055109,-0.082090,1.553664,0.008305,0.000356,-0.058162,-0.051086,0.024141,-0.002382,-0.056607,0.014972,0.090266,0.009732,-0.073382,0.056000,0.003208,-0.005345,-0.036251,0.068146,0.059928,0.098572,-0.021876,0.000000,0.017522,0.000000,0.000000,0.000000,0.000000,0.050576,0.020899,0.079887,0.005929,0.005399,-0.039269,0.045830,0.087190,-0.038067,0.024478,0.000046,0.001341,0.087346,0.021170,0.061325,-0.034440,-0.006503,0.009237,-0.033621,-0.043295,-0.032128,-0.090719,-0.015625,0.080465,0.000000,0.000000,0.000000,0.000000,-0.031593,0.046610,-0.078679,-0.040908,0.029173,0.039894,-0.019643,0.020167,-0.055149,0.021421,-0.045915,0.022209,0.036747,-0.036917,-0.098083,-0.011548,-0.042073,-0.026580,-0.055756,-0.051129,-0.047367,0.045651,-0.047898,-0.034747,-0.035909,0.035675,0.000000,0.074293,0.005486,0.089616,-0.002953,-0.017383,-0.072635,0.007594,0.031779,0.000000,0.008996,-0.008871,0.020123,0.003314,0.048023,0.027780,-0.080837,-0.081880,-0.053923,0.095819,0.015249,0.014244,0.005110,0.053352,-0.002747,0.005375,0.019669,-0.042423,-0.046536,0.085672,0.065668,-0.005346,-0.039446,0.069930,0.021926,-0.040372,0.027901,0.000000,0.097879,0.044322,-0.000740,0.011715,0.013855,-0.003046,-0.013259,-0.041026,0.037069,0.026736,-0.067134,-0.055373,-0.034253,0.000864,-0.031135,-0.069999,0.043580,0.007942,0.001570,-0.072814,0.022630,0.025420,-0.035794,0.006006,-0.090120,-0.092558,-0.023068,0.000000,-0.045013,0.000000,0.032645,0.000000,0.070442,0.000000,0.000000,0.013456,0.012569,0.021456,0.037431,0.082259,-0.022499,0.050256,-0.044441,0.005263,0.052352,-0.021708,-0.034865,-0.034852,-0.068512,-0.070129,0.034276,-0.027588,0.024570,-0.000898,0.077084,0.000000,0.000000,0.000000,0.000000,0.000000,0.000000,0.000000,0.000000,0.000000,0.061897,-0.056112,0.000000,-0.044650,0.029394,0.064027,0.020724,0.009374,-0.012494,0.085177,0.051565,-0.020826,
0.092049,-0.001059,0.008305,0.029785,-0.006025,-0.008446,-0.000998,0.020032,0.003641,0.006800,-0.016003,-0.012016,-0.017481,0.004979,0.035407,-0.035548,-0.005032,-0.049849,0.002884,-0.000252,0.002029,-0.003445,0.000000,0.000574,0.000000,0.000000,0.000000,0.000000,-0.092676,-0.012085,-0.067677,0.033150,-0.007336,0.059260,0.034940,0.008528,0.008181,0.009106,0.004855,-0.002925,0.000421,-0.001026,-0.042499,0.008698,0.002442,-0.025636,0.023250,-0.078692,0.007162,-0.014828,-0.001108,0.003184,0.000000,0.000000,0.000000,0.000000,0.002215,0.008120,0.031756,0.031712,-0.013505,0.029506,-0.012257,-0.003615,0.033077,0.027633,-0.041676,-0.000427,0.001682,-0.002519,0.005536,-0.008316,0.004190,0.038473,0.013991,-0.002255,0.000018,0.019403,0.003370,-0.003450,0.004569,0.000895,0.000000,0.001203,0.045262,0.015945,0.000784,-0.089439,0.098717,-0.019003,0.054684,0.000000,-0.002413,-0.011940,0.001659,0.000977,0.022462,-0.027493,0.000881,-0.025995,0.002538,-0.028592,-0.008687,-0.009451,0.001866,0.079138,0.007559,0.056963,-0.010706,-0.003478,-0.000758,0.005357,0.012916,-0.016347,0.000798,0.024420,0.005047,0.006521,-0.011382,0.000000,0.010281,0.000470,-0.005221,0.002322,0.007750,0.006210,-0.000734,0.010907,-0.010287,0.022179,-0.007998,-0.008675,-0.013710,-0.001347,0.003132,0.006893,-0.000275,-0.005214,-0.000291,0.044632,0.030975,0.003276,0.000744,0.027115,0.029808,0.012699,0.002539,0.000000,-0.002713,0.000000,0.000685,0.000000,0.004493,0.000000,0.000000,0.003773,-0.043238,-0.057798,0.004175,0.008471,-0.002202,-0.011380,0.005043,-0.000921,0.003847,-0.042307,-0.006784,0.094537,-0.043136,0.012102,0.025298,0.002126,0.001954,-0.005634,-0.006840,0.000000,0.000000,0.000000,0.000000,0.000000,0.000000,0.000000,0.000000,0.000000,-0.011876,-0.001834,0.000000,0.001621,0.000350,0.016841,-0.004529,0.000371,-0.001744,0.035467,0.000904,-0.018527,
0.059806,0.001393,0.000356,-0.006025,1021.378518,-0.000032,-0.001510,0.027813,0.001474,0.060765,0.048277,-0.010298,0.000201,-0.052266,0.007020,0.057734,0.000432,0.049865,-0.002809,0.046538,-0.082264,0.008883,0.000000,0.005856,0.000000,0.000000,0.000000,0.000000,-0.008290,-0.017973,-0.078255,0.005745,-0.030212,-0.052107,-0.043509,-0.010928,0.000249,0.003010,0.012541,0.033845,-0.000115,0.000077,0.000938,0.000386,0.007772,0.090700,0.017130,0.061566,-0.011954,0.096756,-0.049497,-0.008108,0.000000,0.000000,0.000000,0.000000,-0.058727,0.048521,0.019881,-0.042485,-0.018817,0.008738,0.003020,-0.000320,0.000347,0.059038,-0.023553,-0.017498,-0.020219,-0.006642,0.007136,0.045457,-0.009017,0.008754,0.043829,0.002034,-0.053494,-0.023394,0.005360,-0.071619,-0.088475,-0.003151,0.000000,-0.002645,-0.017041,-0.000253,0.002463,-0.008427,0.056053,-0.014625,-0.093126,0.000000,0.000000,0.086517,0.029840,-0.067942,0.074104,0.024602,0.005069,-0.032196,0.012758,-0.028001,-0.069766,0.004875,0.001061,0.043047,-0.011944,-0.002795,0.005656,0.008584,0.000631,0.074070,0.000026,0.022759,0.000633,-0.079121,0.016241,-0.078477,-0.051342,0.000000,0.013857,0.002352,0.043041,0.002836,0.040214,-0.011508,-0.002977,-0.052931,0.051053,-0.065350,0.055764,0.005976,-0.000143,0.024678,-0.037223,0.000953,-0.000140,0.031186,0.008789,0.033686,-0.000213,-0.071477,-0.010659,-0.004427,-0.000027,0.028076,-0.020069,0.000000,-0.037295,0.000000,0.009671,0.000000,-0.031694,0.000000,0.000000,0.001679,0.000535,0.054656,-0.000265,0.056723,-0.038178,0.007053,-0.002167,0.026282,0.000004,-0.008819,-0.005926,-0.000993,-0.000017,0.000346,-0.058604,-0.016083,0.009054,-0.028850,-0.005975,0.000000,0.000000,0.000000,0.000000,0.000000,0.000000,0.000000,0.000000,0.000000,0.005911,-0.008366,0.000000,-0.071269,0.007139,0.070795,0.001221,-0.061338,-0.000019,0.070816,-0.006065,-0.067040,
0.000001,0.000691,-0.058162,-0.008446,-0.000032,6227.103522,-0.006695,0.040245,-0.000018,0.081448,0.067137,-0.062717,0.010060,-0.000057,-0.024614,0.042375,-0.015951,-0.010977,-0.034376,0.034529,0.008938,0.002640,0.000000,0.006193,0.000000,0.000000,0.000000,0.000000,0.076072,-0.021321,-0.027835,0.059621,-0.000344,0.002611,-0.072702,-0.085888,-0.066797,0.033117,0.005219,0.009716,0.022843,0.000128,-0.062699,0.050939,-0.042273,0.043363,-0.006430,-0.049488,0.024224,-0.049861,-0.000232,0.044636,0.000000,0.000000,0.000000,0.000000,0.000417,-0.000235,0.055057,0.013135,-0.000313,-0.082970,-0.000000,-0.001534,0.000118,-0.063453,-0.021796,0.033356,-0.001874,0.004695,-0.058049,-0.028905,-0.002137,-0.001816,-0.055591,-0.000000,-0.003491,0.029676,-0.001974,0.058161,-0.034416,0.004172,0.000000,-0.020153,0.001025,-0.000048,-0.056641,0.001994,0.064812,-0.000847,0.007010,0.000000,-0.071652,0.003664,-0.041882,-0.002050,-0.008662,0.009246,0.008071,0.070473,0.000149,0.036518,0.010779,-0.064801,0.003669,-0.000944,-0.015370,0.009595,0.006228,0.009286,-0.001037,-0.096131,-0.001927,-0.006230,0.035142,0.061865,-0.007891,-0.046287,0.000002,0.000000,0.005337,-0.094560,0.001453,0.007872,-0.012884,-0.066925,-0.002192,-0.016342,0.018743,-0.083068,0.033981,-0.006124,0.001154,0.054797,-0.048651,-0.000128,-0.002158,0.000272,-0.001753,-0.033712,0.003145,-0.001101,-0.038897,-0.013562,-0.022757,0.018612,-0.016938,0.000000,-0.014282,0.000000,-0.000997,0.000000,0.000698,0.000000,0.000000,0.004976,-0.067870,0.003036,0.008882,-0.000000,0.020010,0.010529,0.001666,0.002318,0.000133,0.017751,-0.037349,0.004031,-0.018929,0.087070,-0.000136,0.035577,0.000823,0.031080,-0.003976,0.000000,0.000000,0.000000,0.000000,0.000000,0.000000,0.000000,0.000000,0.000000,0.028647,-0.006620,0.000000,0.013061,0.023441,-0.012072,-0.003377,0.001450,0.073451,0.000008,0.078289,0.000173,
0.023800,0.006239,-0.051086,-0.000998,-0.001510,-0.006695,65.211915,-0.031362,0.002485,0.003869,-0.075544,-0.002798,-0.020896,-0.000172,0.065899,-0.037167,-0.019929,-0.020153,-0.043487,-0.058862,0.030972,0.006646,0.000000,0.002127,0.000000,0.000000,0.000000,0.000000,-0.031071,0.002807,0.024258,0.022492,-0.000193,0.001498,0.000701,0.025146,-0.051457,-0.013942,0.045917,0.003159,-0.000489,-0.001042,-0.068898,0.013770,-0.050727,-0.011804,-0.064869,0.074306,-0.032379,-0.068293,0.009093,0.053675,0.000000,0.000000,0.000000,0.000000,0.035355,-0.004089,-0.006408,-0.033751,0.000846,0.000403,0.000615,-0.003142,0.005124,0.006573,-0.042530,-0.058551,0.000062,0.013925,-0.068518,0.035398,0.002560,0.004043,0.090749,0.000138,0.013260,-0.037764,0.002083,0.013619,0.028200,-0.000778,0.000000,-0.031093,0.000539,-0.068146,0.089704,-0.003694,-0.045924,0.000064,0.012799,0.000000,-0.064310,0.012841,-0.082891,0.007078,-0.040832,-0.002334,0.035679,0.027642,-0.000781,0.005071,-0.055790,0.090100,-0.063373,-0.025616,-0.035048,0.004285,0.001526,-0.034954,-0.040158,0.088974,-0.000360,-0.000075,-0.023741,-0.026100,0.000772,0.018394,-0.019829,0.000000,-0.018590,-0.005356,0.018909,-0.001586,0.043631,-0.097935,-0.092163,0.083514,-0.056035,-0.016686,-0.005158,-0.007225,0.098897,-0.031810,-0.025426,-0.000056,0.011145,-0.090258,0.001626,0.028686,-0.008774,-0.067253,-0.021283,-0.049651,-0.008151,-0.004775,-0.033035,0.000000,-0.000375,0.000000,-0.007678,0.000000,0.007386,0.000000,0.000000,0.000108,0.015683,-0.004563,-0.008209,0.022937,0.042235,0.001266,-0.037885,-0.012063,0.090707,-0.015710,-0.012853,0.003518,-0.002971,0.013559,-0.018346,0.094796,0.000189,0.019160,0.008464,0.000000,0.000000,0.000000,0.000000,0.000000,0.000000,0.000000,0.000000,0.000000,-0.002734,-0.001817,0.000000,0.022732,0.000949,-0.013859,-0.016467,-0.000999,-0.010480,-0.001348,-0.017010,-0.003543,
0.002060,-0.038000,0.024141,0.020032,0.027813,0.040245,-0.031362,0.618117,-0.028644,0.003409,-0.031647,0.037259,0.026326,-0.001719,0.038546,0.027410,-0.027098,0.010002,0.016485,0.058954,0.072328,-0.007207,0.000000,-0.001786,0.000000,0.000000,0.000000,0.000000,-0.008208,0.068595,0.006834,0.029657,-0.020914,0.019537,-0.044159,-0.003574,-0.057912,0.042862,-0.049167,-0.013842,-0.079163,-0.012604,-0.001767,-0.069643,-0.093536,-0.045932,-0.000814,-0.001957,0.001546,-0.057428,-0.004333,0.012705,0.000000,0.000000,0.000000,0.000000,0.030974,-0.002306,0.026940,-0.013759,0.008629,0.008309,0.082851,0.012073,-0.007527,0.024317,0.012231,0.033200,-0.009754,-0.017439,-0.034289,0.028147,0.046181,0.070263,0.023769,0.069391,0.019995,0.080633,-0.003116,-0.076444,-0.000850,0.013664,0.000000,0.005353,0.009326,-0.051738,0.035893,0.022952,-0.007172,-0.063947,-0.009102,0.000000,0.022048,0.048355,0.003788,0.017248,-0.008726,-0.064282,0.026339,-0.038591,-0.067148,0.069482,0.004675,0.067562,-0.003743,0.003063,0.033753,-0.003348,0.019657,0.006651,0.000210,0.020334,-0.010977,-0.047297,-0.020555,0.041424,-0.000034,0.013365,0.047526,0.000000,0.036696,0.029098,-0.020511,0.020504,0.061203,-0.005285,-0.006815,-0.041671,-0.026065,-0.003396,0.019118,-0.034382,0.085365,0.067705,0.013278,0.064989,0.075538,0.005412,0.008463,-0.002295,-0.054902,0.034515,-0.011214,-0.017348,0.096892,-0.011540,-0.008562,0.000000,-0.052043,0.000000,0.006435,0.000000,0.047022,0.000000,0.000000,0.028682,-0.063254,-0.083099,0.046128,0.022672,-0.020401,-0.036799,-0.001677,-0.017905,-0.049358,-0.090540,-0.064337,0.086209,0.027552,0.095483,0.002844,-0.028604,-0.059846,-0.038556,-0.059855,0.000000,0.000000,0.000000,0.000000,0.000000,0.000000,0.000000,0.000000,0.000000,-0.006093,-0.013302,0.000000,0.000453,-0.058673,0.049523,-0.028668,0.022163,-0.058872,0.053719,-0.020232,0.012051,
0.012296,0.001029,-0.002382,0.003641,0.001474,-0.000018,0.002485,-0.028644,159.844252,-0.003636,0.010685,0.021617,-0.000070,-0.001002,0.058902,0.006829,0.017766,0.000955,-0.011638,0.040917,0.066749,0.017968,0.000000,-0.003612,0.000000,0.000000,0.000000,0.000000,-0.010878,-0.061797,0.074085,-0.001190,-0.006688,-0.018057,0.082340,0.000600,-0.002204,-0.000153,-0.067264,-0.047497,-0.011605,0.002993,0.026009,0.007241,0.027284,0.023614,-0.031476,0.031920,0.009238,-0.005648,-0.091850,0.042656,0.000000,0.000000,0.000000,0.000000,0.003239,-0.001499,-0.021546,0.013954,0.002490,-0.000452,-0.008982,-0.089715,-0.041550,-0.015306,-0.063672,-0.053158,-0.003517,0.037731,-0.006485,-0.000062,-0.023740,-0.000081,0.040051,-0.001273,0.024284,-0.040095,-0.080406,-0.000521,0.005615,-0.022125,0.000000,-0.000798,0.000914,-0.000064,-0.003650,-0.027431,-0.027841,-0.002979,0.007675,0.000000,0.050369,-0.002430,0.024188,0.021813,-0.001298,0.008330,0.023754,0.030142,-0.000064,0.014288,0.081269,-0.081412,-0.005405,-0.057954,0.005373,-0.058334,-0.000000,0.033447,-0.000702,-0.013367,0.000930,0.004344,0.002158,0.044487,-0.000618,-0.030000,0.003653,0.000000,-0.009489,0.001955,-0.015240,0.026087,-0.044947,-0.067486,-0.002050,-0.036917,0.036825,-0.028022,0.093285,-0.004139,-0.001118,0.012531,-0.037501,0.000019,0.000150,0.075325,-0.001840,-0.002088,0.000913,-0.000385,0.019598,-0.022031,-0.008671,0.060619,0.000012,0.000000,-0.021911,0.000000,0.085194,0.000000,0.043016,0.000000,0.000000,-0.001492,0.050158,-0.015629,-0.013446,-0.025444,-0.010144,-0.023317,0.004611,-0.000018,-0.002675,-0.001763,0.006967,-0.084451,0.005631,-0.000388,0.002691,-0.047508,0.004195,-0.024228,-0.008797,0.000000,0.000000,0.000000,0.000000,0.000000,0.000000,0.000000,0.000000,0.000000,0.016000,0.027455,0.000000,-0.097603,0.001154,-0.093691,0.023504,0.031240,-0.058862,-0.058227,0.055509,0.011310,
-0.001483,0.074477,-0.056607,0.006800,0.060765,0.081448,0.003869,0.003409,-0.003636,68.732525,0.027232,-0.069820,-0.052973,-0.000421,0.066003,-0.026717,0.044420,-0.039820,0.003786,0.023289,-0.009299,0.000808,0.000000,0.000265,0.000000,0.000000,0.000000,0.000000,-0.008507,-0.001864,-0.000137,-0.006867,0.080289,0.004368,-0.097321,0.024066,0.001901,-0.000974,0.037660,-0.021246,-0.003215,-0.014886,0.095120,0.005199,-0.054316,-0.076214,0.077095,-0.055950,0.032119,0.079268,-0.024924,0.028133,0.000000,0.000000,0.000000,0.000000,-0.081576,-0.000106,-0.003244,0.003838,-0.025604,0.018567,0.001276,-0.057118,-0.044646,0.033284,0.002748,-0.011994,-0.019073,-0.032772,-0.020214,0.004374,-0.077411,0.001364,0.021208,-0.020596,-0.048536,0.025515,-0.011985,-0.056309,-0.035128,-0.001062,0.000000,-0.005111,0.001322,-0.000401,0.036495,-0.000000,0.001012,0.045909,0.017358,0.000000,0.030743,-0.000369,0.058242,-0.044198,-0.022585,-0.061768,0.071545,-0.002828,-0.000268,0.001571,-0.048816,-0.072239,-0.013591,0.008742,-0.000239,0.009196,0.004938,0.020578,-0.000391,0.058364,0.077279,0.009539,-0.056440,0.009510,0.000489,0.041361,0.026120,0.000000,0.053632,0.002278,-0.008152,0.054903,0.059272,0.041117,-0.000452,0.080498,-0.055634,0.040062,0.030873,-0.000028,0.001484,0.000407,-0.033376,-0.028987,0.071767,-0.004242,-0.003846,-0.002737,0.067603,0.086905,-0.010708,-0.001246,0.017309,-0.051354,0.053021,0.000000,0.001435,0.000000,0.002201,0.000000,0.002939,0.000000,0.000000,-0.048255,0.000888,0.023093,0.058696,0.069021,0.088077,0.066733,0.009140,0.081978,-0.000081,-0.081019,0.002184,-0.014494,-0.004017,0.001173,0.004760,-0.056943,-0.001921,-0.000033,-0.050590,0.000000,0.000000,0.000000,0.000000,0.000000,0.000000,0.000000,0.000000,0.000000,-0.008324,-0.033203,0.000000,0.077482,0.084912,-0.004068,-0.003958,-0.087641,-0.024334,-0.004518,0.001334,0.001319,
0.022570,0.021813,0.014972,-0.016003,0.048277,0.067137,-0.075544,-0.031647,0.010685,0.027232,0.917178,0.001957,-0.019672,-0.049001,0.002875,-0.000303,0.012067,0.039055,0.002459,0.019747,-0.048302,-0.019515,0.000000,-0.016052,0.000000,0.000000,0.000000,0.000000,-0.009228,0.030649,-0.007444,-0.047350,0.033705,-0.045640,-0.011810,0.038352,-0.015130,-0.042005,-0.061211,0.008220,-0.028364,-0.001311,0.037524,-0.069097,-0.000123,-0.054953,0.060354,-0.063934,0.006568,0.000271,-0.006307,0.005002,0.000000,0.000000,0.000000,0.000000,-0.051034,-0.064299,0.021925,0.006502,-0.036094,-0.029646,0.005014,-0.000708,-0.041523,0.046955,-0.024339,-0.006862,0.071863,-0.037675,0.052045,0.031234,0.055112,-0.072519,0.028602,0.009094,0.020576,0.012617,0.007683,0.023345,0.006183,-0.012281,0.000000,-0.001962,0.028441,-0.017235,-0.030936,0.070681,0.089299,-0.033977,0.013648,0.000000,0.037943,0.021791,0.017491,-0.003887,-0.006676,0.075001,0.026426,0.005165,0.062235,0.029604,0.061867,-0.087236,0.019839,0.067953,-0.066145,-0.011272,0.008354,-0.008379,-0.017644,-0.016363,-0.035820,0.031215,-0.009854,0.059120,-0.084280,-0.040732,-0.014588,0.000000,-0.059577,0.003939,-0.017709,0.001190,-0.000208,0.002583,0.018174,0.015579,-0.003675,-0.087051,0.037530,0.074874,0.008658,0.027322,-0.011226,-0.024715,-0.056203,-0.009839,-0.012728,0.010232,0.083378,-0.025549,0.031234,-0.075939,-0.035589,-0.069378,-0.015741,0.000000,-0.017271,0.000000,0.023061,0.000000,0.016458,0.000000,0.000000,0.001539,0.027359,-0.038800,-0.001332,-0.098059,-0.046156,-0.006845,0.014792,-0.032951,0.030728,0.066199,-0.002560,-0.034784,-0.010811,0.046520,0.069118,-0.036474,-0.081716,-0.089046,0.011999,0.000000,0.000000,0.000000,0.000000,0.000000,0.000000,0.000000,0.000000,0.000000,-0.030204,-0.082498,0.000000,0.015001,-0.033590,-0.069916,0.003995,-0.002520,0.015722,0.065491,-0.038341,0.087985,
0.060288,0.026618,0.090266,-0.012016,-0.010298,-0.062717,-0.002798,0.037259,0.021617,-0.069820,0.001957,2.446018,0.066322,0.001255,0.079896,-0.046910,-0.018478,0.040660,-0.097485,-0.031434,-0.014444,-0.024873,0.000000,0.011626,0.000000,0.000000,0.000000,0.000000,-0.047543,-0.004374,0.052123,-0.028168,0.011031,-0.013935,-0.077443,0.018933,-0.057403,0.052064,-0.046338,0.005522,0.032163,-0.030530,-0.030247,0.053510,0.056364,0.011969,-0.036853,0.019367,-0.011173,-0.065822,-0.006812,-0.090062,0.000000,0.000000,0.000000,0.000000,0.000203,-0.035725,0.009238,-0.019088,-0.049758,-0.094787,0.060769,-0.001716,0.016214,-0.000807,0.010544,-0.026185,0.039752,-0.005743,0.067903,-0.042682,0.062604,-0.058461,0.031763,0.054466,-0.013403,-0.025621,0.005138,-0.054009,-0.023334,0.036579,0.000000,-0.021896,-0.001227,-0.060211,0.002644,0.004015,-0.014910,-0.000127,-0.057374,0.000000,-0.039925,-0.053335,0.089635,-0.033533,-0.057856,0.031929,0.027253,0.084929,-0.033832,0.018437,0.023079,0.011014,-0.008721,-0.046151,-0.009547,-0.045215,0.032701,0.046573,-0.010993,0.002902,0.022600,-0.079030,-0.059051,-0.003177,0.007919,0.002682,0.079064,0.000000,-0.071374,-0.008270,-0.009829,-0.029915,0.023244,0.077101,0.052421,-0.068818,0.066559,-0.019467,-0.022652,-0.069892,0.038742,-0.000000,0.068193,-0.041999,-0.077969,0.010538,0.035405,-0.016125,-0.018272,-0.000920,-0.054479,-0.033473,-0.049385,-0.079989,-0.033204,0.000000,0.033999,0.000000,-0.019233,0.000000,0.049993,0.000000,0.000000,-0.009382,0.024051,0.055426,0.024565,0.013112,-0.004988,-0.090954,0.061974,-0.003221,0.005865,0.001342,0.001355,-0.003127,0.001769,-0.006683,0.059043,-0.043368,-0.034939,-0.092856,-0.018832,0.000000,0.000000,0.000000,0.000000,0.000000,0.000000,0.000000,0.000000,0.000000,0.026855,-0.015257,0.000000,0.010017,0.024860,0.081348,-0.002969,0.000364,-0.008157,0.003765,0.048083,-0.024893,
0.005331,0.000023,0.009732,-0.017481,0.000201,0.010060,-0.020896,0.026326,-0.000070,-0.052973,-0.019672,0.066322,638.098968,0.027282,0.082915,0.010257,-0.002412,0.018204,0.011134,-0.032094,-0.001670,-0.000829,0.000000,0.001133,0.000000,0.000000,0.000000,0.000000,0.008016,-0.012293,0.022645,-0.024490,0.000554,-0.085176,-0.000985,0.047889,-0.035678,0.006182,-0.000302,0.047764,0.026651,0.000156,-0.040833,-0.008851,-0.009536,0.012872,0.009011,0.006464,0.091516,0.005341,-0.000153,0.002879,0.000000,0.000000,0.000000,0.000000,-0.000249,0.019487,-0.000072,-0.036221,0.067490,-0.016949,0.008743,-0.000595,-0.047962,0.077677,-0.079632,-0.079729,0.016744,0.047421,0.000009,-0.007204,0.002365,0.083327,-0.051341,0.006536,0.000289,0.044100,0.000110,-0.013517,0.047249,-0.013742,0.000000,-0.010162,-0.066804,0.064333,0.005832,-0.013620,0.061768,-0.014959,0.042122,0.000000,0.008128,-0.026624,0.038098,-0.005702,0.025484,0.003339,-0.020842,-0.006469,-0.001087,0.000317,0.008123,-0.068486,0.028185,-0.077492,0.014016,0.013160,-0.052713,-0.001027,-0.041442,-0.001451,-0.004060,0.045749,0.000720,0.000000,-0.000303,-0.056174,-0.006354,0.000000,0.070292,0.004550,-0.000006,-0.001106,0.019279,-0.018622,0.002440,-0.014629,-0.002673,-0.036185,-0.034304,0.020530,0.000012,-0.000335,-0.064806,0.001409,-0.018949,0.000310,0.014265,0.002705,0.000772,-0.000015,-0.001790,-0.055806,0.001125,0.022333,0.000017,0.000000,-0.002168,0.000000,0.000592,0.000000,0.028058,0.000000,0.000000,-0.011435,0.001822,-0.052960,-0.065796,0.026122,0.000937,0.037404,-0.003078,-0.011460,0.024558,0.000022,-0.015658,0.071735,0.013946,0.050665,0.064915,0.003401,0.007088,-0.042383,-0.002251,0.000000,0.000000,0.000000,0.000000,0.000000,0.000000,0.000000,0.000000,0.000000,-0.042142,0.010832,0.000000,0.094710,0.010455,-0.009055,-0.002512,-0.001574,0.018931,-0.000304,0.000323,-0.000692,
0.007532,-0.048833,-0.073382,0.004979,-0.052266,-0.000057,-0.000172,-0.001719,-0.001002,-0.000421,-0.049001,0.001255,0.027282,1469.791722,0.016306,-0.020288,0.016201,-0.009820,-0.025495,-0.015525,0.017034,-0.039395,0.000000,0.002105,0.000000,0.000000,0.000000,0.000000,-0.003695,0.004685,0.000007,-0.008538,-0.003404,-0.000552,-0.062253,0.075383,0.005888,-0.028455,-0.009944,-0.002636,-0.055640,-0.000131,-0.017627,0.017266,0.034747,-0.053860,0.068114,-0.027652,0.059845,-0.038219,0.053820,0.049273,0.000000,0.000000,0.000000,0.000000,-0.001018,-0.008773,0.034482,-0.033587,0.000747,0.066570,-0.015209,0.001055,0.000018,-0.081131,-0.000135,0.054759,-0.003355,0.032987,-0.060252,-0.045755,0.005257,-0.097810,0.043274,0.000010,-0.001787,-0.048537,-0.002225,-0.024366,-0.024499,-0.051580,0.000000,0.021001,-0.003943,0.000151,0.037309,-0.021339,0.021903,-0.001942,0.063148,0.000000,0.014069,0.008434,0.003770,-0.065153,-0.032141,-0.012509,0.045658,-0.000127,0.000966,-0.000097,0.069044,-0.080598,0.067094,-0.007143,-0.001319,0.036204,-0.078666,-0.005027,-0.034875,-0.005768,-0.041739,0.011505,-0.000973,0.040152,-0.073849,-0.009296,0.024350,0.000000,-0.078299,0.000413,0.087898,0.008356,-0.017843,0.039727,0.097298,0.082058,-0.039876,-0.045039,0.005621,0.062715,0.000212,-0.000064,0.043236,0.001135,0.000385,-0.012266,0.001641,-0.058735,-0.021580,0.014687,-0.085314,0.052880,-0.015299,-0.002610,0.012587,0.000000,-0.002292,0.000000,0.005515,0.000000,-0.011556,0.000000,0.000000,0.012907,0.007259,-0.019052,0.006094,-0.021090,-0.000496,-0.000358,-0.021878,0.011775,0.001455,0.001622,-0.011339,0.009191,0.000034,-0.014229,0.000264,-0.012316,0.088154,0.080575,0.012012,0.000000,0.000000,0.000000,0.000000,0.000000,0.000000,0.000000,0.000000,0.000000,0.049444,0.064308,0.000000,0.056721,0.002296,-0.067159,-0.000424,0.001484,0.001083,-0.000003,0.000960,-0.015996,
0.086143,-0.012215,0.056000,0.035407,0.007020,-0.024614,0.065899,0.038546,0.058902,0.066003,0.002875,0.079896,0.082915,0.016306,5.447362,0.000227,-0.010902,0.013526,-0.024803,-0.018055,0.003118,0.026036,0.000000,0.007944,0.000000,0.000000,0.000000,0.000000,-0.043170,0.030638,0.005017,-0.018794,-0.007249,-0.021128,0.023477,-0.022746,-0.006277,0.067395,-0.021554,0.001117,0.000000,0.065659,0.014262,0.006892,0.020458,0.056459,-0.020889,0.077428,0.035061,0.084621,-0.012622,-0.001946,0.000000,0.000000,0.000000,0.000000,-0.010415,0.018554,0.027460,-0.071050,-0.036386,-0.011106,0.018669,-0.002531,-0.013738,0.021190,-0.008582,0.023297,-0.013651,-0.030664,0.006757,0.003355,-0.016869,-0.022821,0.058402,0.021892,0.010981,-0.029832,-0.012765,0.036752,0.004910,0.000228,0.000000,0.047525,-0.000022,-0.008750,0.066659,0.001430,0.036706,-0.040777,0.020621,0.000000,-0.093079,-0.034318,0.037470,0.000308,0.002936,-0.070123,0.024024,0.038996,0.000344,-0.028583,-0.027856,-0.088491,-0.046258,-0.002816,-0.008194,-0.020853,0.076416,-0.000390,-0.054981,0.013529,-0.006281,-0.014194,0.007661,-0.048726,-0.048335,0.045158,0.036205,0.000000,-0.001950,0.056257,-0.004726,0.002634,-0.010624,-0.044149,-0.006139,0.003588,-0.000116,-0.018675,-0.055251,-0.010300,0.029255,-0.010944,0.077248,0.007147,0.000194,0.056652,0.014432,0.023412,0.035291,-0.081797,0.015475,-0.033040,0.060182,0.000724,-0.002022,0.000000,-0.041302,0.000000,-0.008729,0.000000,-0.025439,0.000000,0.000000,0.000929,-0.039677,-0.042180,0.055219,-0.014196,-0.087091,0.001432,0.010241,-0.004978,-0.007514,-0.006087,-0.018592,0.051011,-0.008615,-0.000195,-0.010321,0.006918,-0.027438,-0.027897,0.006862,0.000000,0.000000,0.000000,0.000000,0.000000,0.000000,0.000000,0.000000,0.000000,-0.035551,-0.051998,0.000000,-0.053093,0.096234,0.000801,0.079311,-0.037299,-0.024293,-0.091596,-0.090295,-0.017447,
0.081102,0.000304,0.003208,-0.035548,0.057734,0.042375,-0.037167,0.027410,0.006829,-0.026717,-0.000303,-0.046910,0.010257,-0.020288,0.000227,39.657631,-0.029552,0.029298,0.002578,0.088136,-0.001573,0.000308,0.000000,0.003056,0.000000,0.000000,0.000000,0.000000,0.015323,0.004338,0.091481,0.004133,0.008753,0.027495,0.057918,0.006855,-0.074489,0.015705,0.078246,-0.059007,-0.002104,0.010072,-0.060814,-0.032356,0.028273,0.073397,-0.034727,-0.032821,0.073423,-0.032236,-0.017277,-0.016349,0.000000,0.000000,0.000000,0.000000,-0.080366,0.000066,-0.065316,-0.039317,-0.058606,0.001139,0.009340,0.042121,0.004556,0.036632,0.046289,0.015769,0.096234,-0.044058,0.093914,-0.029503,0.021083,-0.000006,-0.027932,0.027247,-0.001538,0.015881,-0.002552,0.012404,0.013922,0.013783,0.000000,0.013867,-0.004979,0.097153,0.004401,-0.025762,-0.029446,0.001198,-0.000886,0.000000,0.006347,-0.014609,-0.088074,0.004684,-0.019152,-0.025799,-0.009328,0.002793,0.094769,-0.090464,0.006691,-0.052214,0.034045,-0.064729,0.020241,0.007791,0.006315,0.062682,-0.000343,-0.000425,0.013575,-0.057287,0.001056,-0.004744,0.003057,-0.020988,0.062335,0.000000,0.001746,0.007771,-0.005999,0.000399,-0.011147,-0.089419,-0.072872,-0.017523,-0.091956,0.033021,-0.037630,-0.007877,0.066436,0.003688,-0.011148,-0.009349,0.008840,-0.000168,-0.046272,-0.061177,-0.010831,-0.021136,0.085371,0.022674,0.007882,0.021888,0.029743,0.000000,0.001869,0.000000,-0.001028,0.000000,0.042925,0.000000,0.000000,-0.000882,-0.022372,-0.023227,0.006639,-0.040559,-0.000810,-0.007633,0.023414,-0.001987,0.096339,-0.000290,-0.014083,-0.004400,0.049609,-0.046893,-0.029586,-0.021047,0.023158,-0.091668,-0.040163,0.000000,0.000000,0.000000,0.000000,0.000000,0.000000,0.000000,0.000000,0.000000,0.080457,-0.010786,0.000000,0.035153,-0.026912,-0.007026,-0.009252,-0.000587,0.011553,-0.048127,-0.083688,-0.001261,
0.054494,0.049578,-0.005345,-0.005032,0.000432,-0.015951,-0.019929,-0.027098,0.017766,0.044420,0.012067,-0.018478,-0.002412,0.016201,-0.010902,-0.029552,25.443980,-0.002738,0.016781,-0.071223,0.005503,-0.017239,0.000000,0.013931,0.000000,0.000000,0.000000,0.000000,0.054654,-0.041649,-0.023451,0.068534,-0.014049,-0.006511,-0.098579,-0.093663,0.000192,0.010723,-0.072693,0.002869,0.025726,-0.013620,0.051378,-0.047276,0.054751,0.068901,0.014270,0.012464,0.048287,0.016931,-0.021533,0.071530,0.000000,0.000000,0.000000,0.000000,-0.000984,0.015038,-0.017704,0.061594,0.037039,0.002888,-0.006897,-0.021505,0.061921,-0.078029,0.011522,0.023719,-0.008002,0.030592,0.013746,0.000641,-0.025772,-0.055898,-0.049194,-0.002007,0.008215,0.026282,-0.003365,-0.035302,-0.037761,-0.006844,0.000000,-0.006992,-0.000192,-0.005922,0.041977,-0.085733,0.000370,-0.006836,-0.015450,0.000000,-0.013759,0.099922,0.087746,0.000456,-0.006113,-0.073870,-0.021024,-0.038070,-0.001055,-0.079248,-0.002678,0.021490,0.052992,0.078638,0.008124,-0.032289,-0.051001,-0.035319,-0.033317,-0.029250,0.001112,-0.016422,-0.000095,0.011698,0.061626,0.080182,-0.010998,0.000000,0.090877,0.095144,-0.002203,0.063345,0.023620,0.001034,-0.033938,0.067091,0.001898,-0.029300,0.026001,0.016020,-0.007581,0.058418,-0.018733,0.023811,-0.000181,-0.000808,-0.004343,0.011313,0.070170,-0.000780,-0.000630,0.048665,0.021579,0.026861,0.045617,0.000000,0.025130,0.000000,0.004592,0.000000,0.051443,0.000000,0.000000,0.005114,0.019857,0.005935,0.010105,0.088719,0.054680,-0.030263,-0.072034,0.032811,-0.074070,0.010788,0.053365,0.000854,0.032889,0.018865,0.038440,0.021897,-0.015855,0.088449,-0.021808,0.000000,0.000000,0.000000,0.000000,0.000000,0.000000,0.000000,0.000000,0.000000,0.007540,0.011685,0.000000,-0.021565,0.016263,-0.040469,0.002797,0.003300,0.003745,0.064469,0.013929,0.007769,
0.037279,0.030947,-0.036251,-0.049849,0.049865,-0.010977,-0.020153,0.010002,0.000955,-0.039820,0.039055,0.040660,0.018204,-0.009820,0.013526,0.029298,-0.002738,10.452136,-0.036479,-0.010005,-0.009027,0.021466,0.000000,0.081846,0.000000,0.000000,0.000000,0.000000,-0.042184,0.003821,-0.039884,0.057950,0.088312,0.035948,-0.052434,0.004489,0.006989,0.053676,0.065602,-0.036215,0.025379,0.037447,0.019711,-0.037758,0.040664,0.026263,-0.016919,-0.076096,-0.029339,0.066965,0.003374,0.015504,0.000000,0.000000,0.000000,0.000000,0.027942,-0.008979,-0.021828,-0.066126,-0.003325,0.003650,-0.027391,0.000493,0.068056,0.059342,-0.081683,-0.069790,-0.012519,0.037639,-0.031881,-0.084133,0.006844,0.047721,-0.004896,0.000948,0.032405,-0.012421,0.047089,-0.079828,0.061576,0.000095,0.000000,-0.044022,0.007318,-0.016284,0.027815,-0.059385,-0.025693,-0.062649,0.082507,0.000000,-0.049061,0.001942,-0.079407,-0.020868,-0.017181,0.065943,0.002774,0.002736,0.000947,0.024302,-0.038696,0.015735,0.000400,-0.011952,-0.028192,-0.040870,0.018993,0.005033,0.021022,0.061420,0.038901,0.084966,-0.001595,0.018170,-0.007817,0.016184,0.001680,0.000000,0.000000,-0.018695,0.005361,-0.012674,0.015541,-0.038896,0.030006,-0.019352,-0.068142,0.001900,-0.018031,0.010257,0.040565,0.045044,0.019532,-0.077409,0.054985,-0.007228,-0.003527,-0.041842,0.032620,0.022757,0.048967,0.015911,0.091158,0.051033,-0.068011,0.000000,-0.032260,0.000000,-0.004206,0.000000,0.052110,0.000000,0.000000,0.000862,0.015599,0.040514,-0.095240,-0.013643,0.079032,0.082102,0.024072,0.002542,0.009487,-0.000226,-0.003862,-0.042561,-0.005790,-0.058226,0.063803,-0.025480,0.031139,0.023799,-0.006995,0.000000,0.000000,0.000000,0.000000,0.000000,0.000000,0.000000,0.000000,0.000000,-0.011082,0.019837,0.000000,0.018488,-0.010235,0.027634,0.012184,0.050691,0.018184,0.000128,0.008282,0.024815,
-0.056842,0.006664,0.068146,0.002884,-0.002809,-0.034376,-0.043487,0.016485,-0.011638,0.003786,0.002459,-0.097485,0.011134,-0.025495,-0.024803,0.002578,0.016781,-0.036479,0.050127,-0.007871,-0.000987,0.003382,0.000000,-0.002234,0.000000,0.000000,0.000000,0.000000,-0.026029,-0.038787,-0.017544,0.011682,0.024905,0.068902,0.003187,0.004081,-0.051911,0.002458,0.003936,-0.055563,0.006742,0.098229,-0.000038,0.010196,-0.028595,0.040604,-0.006632,0.008725,0.000411,-0.014705,-0.001152,0.027568,0.000000,0.000000,0.000000,0.000000,-0.028569,0.010367,0.006318,-0.046757,-0.010585,-0.002785,0.076824,-0.002954,0.001095,0.006224,0.034799,-0.002498,0.001329,-0.022555,0.021684,-0.098995,-0.011719,-0.081542,-0.001149,0.001144,-0.097657,0.015274,0.002105,-0.015243,-0.000258,-0.005907,0.000000,0.005060,-0.008205,0.012178,-0.002252,-0.091921,0.010753,-0.038729,-0.048978,0.000000,-0.006000,-0.009850,-0.069320,-0.002680,-0.031923,0.000399,-0.003838,-0.008440,-0.036348,0.002120,-0.059403,0.001194,-0.004073,-0.077496,0.015306,0.062551,-0.029813,-0.039871,0.008371,-0.000770,0.035386,0.000000,-0.000272,-0.019509,0.003090,-0.025258,-0.026818,0.000000,0.017667,0.003561,-0.003698,0.004654,0.005935,0.003995,-0.003237,0.006906,-0.009104,-0.043957,-0.011736,-0.013680,-0.005440,0.043485,-0.008960,0.010327,0.009952,0.050945,-0.000716,-0.007012,-0.004744,0.041708,-0.007493,-0.017087,0.069857,0.006514,-0.017489,0.000000,-0.008870,0.000000,-0.000490,0.000000,0.004916,0.000000,0.000000,0.004538,-0.003212,-0.029806,0.003657,0.010665,-0.005470,-0.021313,0.006708,-0.034621,-0.037354,-0.081423,-0.002720,-0.097539,-0.012163,-0.000959,-0.003413,0.005994,-0.012418,-0.023519,-0.018550,0.000000,0.000000,0.000000,0.000000,0.000000,0.000000,0.000000,0.000000,0.000000,0.000419,0.000396,0.000000,-0.009628,-0.036387,-0.026827,0.003995,-0.018665,0.031847,0.038918,0.004775,0.019396,
-0.055346,-0.004002,0.059928,-0.000252,0.046538,0.034529,-0.058862,0.058954,0.040917,0.023289,0.019747,-0.031434,-0.032094,-0.015525,-0.018055,0.088136,-0.071223,-0.010005,-0.007871,0.334963,0.049532,0.036465,0.000000,0.007466,0.000000,0.000000,0.000000,0.000000,-0.052261,0.021741,0.084375,-0.007474,-0.005897,0.002970,-0.035418,0.011900,-0.001483,-0.058551,-0.004138,-0.004991,0.022397,0.006254,0.015754,-0.010194,0.022318,-0.048721,0.032018,-0.077991,0.003234,0.009024,-0.006462,0.004361,0.000000,0.000000,0.000000,0.000000,-0.049755,0.076514,0.004672,-0.042041,0.043997,-0.066018,0.018122,0.002093,-0.025838,0.028247,-0.040539,0.006240,-0.088059,0.037764,-0.068023,0.076325,-0.000920,-0.047889,-0.062293,-0.008437,-0.087673,0.017015,0.007412,0.016870,-0.043580,0.009870,0.000000,-0.003466,-0.095862,0.091162,0.069741,-0.021947,0.075647,-0.085878,0.068721,0.000000,-0.077973,-0.056450,0.042979,-0.016918,0.003973,0.000000,-0.000524,-0.037142,-0.077260,0.000047,0.011215,-0.024677,-0.008071,-0.028392,0.023547,0.057099,0.014043,0.012963,-0.004729,-0.016912,-0.079936,-0.072769,-0.023863,0.043648,-0.030740,-0.002240,0.029377,0.000000,-0.015089,0.000429,0.003183,-0.004701,-0.008079,0.012587,0.004447,-0.039010,-0.001523,0.085383,-0.009286,0.007114,0.017480,-0.092238,-0.022693,-0.000073,0.023902,-0.003599,0.017242,0.088154,0.057770,-0.086011,-0.003465,0.082316,-0.078514,-0.042558,0.053570,0.000000,-0.018480,0.000000,0.006139,0.000000,-0.007019,0.000000,0.000000,0.001171,-0.063730,-0.053265,-0.000127,0.011099,0.036364,0.080301,0.012201,0.015114,0.033835,-0.033113,-0.001093,-0.001684,-0.039887,-0.047770,-0.007541,-0.011765,0.011962,0.002048,0.022357,0.000000,0.000000,0.000000,0.000000,0.000000,0.000000,0.000000,0.000000,0.000000,0.084702,0.008499,0.000000,-0.039454,-0.001997,0.082874,-0.015731,0.004370,0.000391,0.009105,0.004797,0.047984,
-0.021182,0.000385,0.098572,0.002029,-0.082264,0.008938,0.030972,0.072328,0.066749,-0.009299,-0.048302,-0.014444,-0.001670,0.017034,0.003118,-0.001573,0.005503,-0.009027,-0.000987,0.049532,0.196473,-0.016454,0.000000,0.018652,0.000000,0.000000,0.000000,0.000000,0.001286,-0.010780,0.002592,-0.000403,-0.001569,-0.001125,0.020414,0.024255,-0.055339,-0.021501,-0.066067,-0.007867,0.005385,-0.057342,-0.084576,0.033262,0.005178,-0.002613,0.047792,0.036177,-0.051398,-0.034910,-0.002711,0.047255,0.000000,0.000000,0.000000,0.000000,-0.048767,-0.016889,-0.001256,-0.057088,-0.000494,0.039171,0.009803,0.009221,0.028371,-0.010581,0.053289,0.050871,0.087228,-0.062561,-0.060703,0.016446,-0.097403,0.061094,0.014463,-0.018424,0.062417,-0.017277,0.005299,-0.005097,-0.023279,0.024003,0.000000,-0.000405,0.014640,-0.004324,0.009473,-0.049642,-0.075912,-0.006982,0.037180,0.000000,0.023450,-0.030817,0.001002,-0.019784,-0.070759,-0.006021,-0.026163,0.071414,0.002327,-0.045505,-0.044601,-0.070400,-0.049527,0.018524,0.034343,-0.030416,0.069146,0.033761,0.001783,-0.015626,-0.000070,-0.050926,-0.026612,0.043802,0.088680,-0.001258,-0.015672,0.000000,-0.014265,0.025329,-0.005766,-0.013730,-0.009183,-0.018335,-0.007137,-0.057556,-0.035285,0.025750,-0.021875,-0.004875,0.014399,-0.025695,-0.026706,0.010445,-0.070875,-0.021562,0.012532,0.076134,-0.025536,-0.002192,-0.006372,0.041222,0.004429,-0.013699,-0.001550,0.000000,0.010280,0.000000,0.000824,0.000000,-0.018164,0.000000,0.000000,-0.015718,0.021105,-0.073955,0.003769,-0.011636,-0.000781,0.030811,-0.000330,-0.008238,-0.002854,0.003242,-0.008562,-0.026821,-0.063121,-0.000980,-0.000054,-0.020778,-0.027084,-0.016438,0.014068,0.000000,0.000000,0.000000,0.000000,0.000000,0.000000,0.000000,0.000000,0.000000,0.040481,-0.001088,0.000000,-0.018614,0.032454,-0.013450,-0.001305,-0.013386,-0.063465,0.081441,0.001147,-0.004365,
